# Joint_A_Angle(deg), Cam_X(mm), Cam_Y(mm), Cam_Z(mm), Torso_X(mm), Torso_Y(mm), Torso_Z(mm), EE_X(mm), EE_Y(mm), EE_Z(mm)
-19.9694, 21.5385, -34.2731, 183.7278, 252.7278, -12.5385, 291.3465, -29.0582, -49.2254, -70.2334
-19.8916, 21.5148, -34.2540, 183.7260, 252.7260, -12.5148, 291.3274, -29.0965, -49.1954, -70.2391
-19.7991, 21.4726, -34.2118, 183.6734, 252.6734, -12.4726, 291.2852, -29.1050, -49.2016, -70.2437
-19.7264, 21.4104, -34.1255, 183.5763, 252.5763, -12.4104, 291.1990, -29.0387, -49.2433, -70.2392
-19.6447, 21.3486, -34.0616, 183.4632, 252.4632, -12.3486, 291.1350, -28.9939, -49.3036, -70.2448
-19.5609, 21.3113, -34.0165, 183.4535, 252.4535, -12.3113, 291.0899, -29.0068, -49.2717, -70.2470
-19.4761, 21.2341, -33.9452, 183.3293, 252.3293, -12.2341, 291.0186, -28.9478, -49.3390, -70.2606
-19.3942, 21.1636, -33.8764, 183.2468, 252.2468, -12.1636, 290.9499, -28.9038, -49.3683, -70.2730
-19.3140, 21.1227, -33.8106, 183.1938, 252.1938, -12.1227, 290.8841, -28.8833, -49.3736, -70.2645
-19.2351, 21.0570, -33.7362, 183.1163, 252.1163, -12.0570, 290.8097, -28.8358, -49.3986, -70.2703
-19.1580, 20.9705, -33.6644, 183.0177, 252.0177, -11.9705, 290.7378, -28.7711, -49.4439, -70.2937
-19.0705, 20.9199, -33.6238, 182.9619, 251.9619, -11.9199, 290.6973, -28.7714, -49.4559, -70.3062
-18.9938, 20.9040, -33.5696, 182.9892, 251.9892, -11.9040, 290.6430, -28.7917, -49.3906, -70.2887
-18.9204, 20.8663, -33.5095, 182.9209, 251.9209, -11.8663, 290.5829, -28.7691, -49.4150, -70.2796
-18.8422, 20.8321, -33.4454, 182.9454, 251.9454, -11.8321, 290.5188, -28.7722, -49.3482, -70.2719
-18.7556, 20.7560, -33.3838, 182.8567, 251.8567, -11.7560, 290.4573, -28.7324, -49.3853, -70.2923
-18.6634, 20.6700, -33.2825, 182.6387, 251.6387, -11.6700, 290.3559, -28.6282, -49.5345, -70.2901
-18.5838, 20.6110, -33.2159, 182.5577, 251.5577, -11.6110, 290.2893, -28.5904, -49.5669, -70.2943
-18.4986, 20.5708, -33.1747, 182.5419, 251.5419, -11.5708, 290.2482, -28.6045, -49.5426, -70.3007
-18.4175, 20.5115, -33.1109, 182.5144, 251.5144, -11.5115, 290.1843, -28.5836, -49.5239, -70.3104
-18.3342, 20.4481, -33.0342, 182.3886, 251.3886, -11.4481, 290.1077, -28.5271, -49.5963, -70.3095
-18.2364, 20.4100, -32.9892, 182.3674, 251.3674, -11.4100, 290.0627, -28.5492, -49.5728, -70.3111
-18.1523, 20.3197, -32.8987, 182.2396, 251.2396, -11.3197, 289.9721, -28.4682, -49.6417, -70.3251
-18.0686, 20.2965, -32.8538, 182.2838, 251.2838, -11.2965, 289.9272, -28.5019, -49.5608, -70.3196
-17.9574, 20.2139, -32.7755, 182.1624, 251.1624, -11.2139, 289.8490, -28.4597, -49.6196, -70.3328
-17.8787, 20.1563, -32.6842, 182.1146, 251.1146, -11.1563, 289.7576, -28.4110, -49.6156, -70.3249
-17.7906, 20.0652, -32.6042, 181.9928, 250.9928, -11.0652, 289.6776, -28.3436, -49.6811, -70.3454
-17.7269, 20.0080, -32.5487, 181.9529, 250.9529, -11.0080, 289.6222, -28.3125, -49.6835, -70.3578
-17.6561, 19.9794, -32.4958, 181.9860, 250.9860, -10.9794, 289.5693, -28.3234, -49.6155, -70.3523
-17.5799, 19.9197, -32.4433, 181.9112, 250.9112, -10.9197, 289.5168, -28.2963, -49.6484, -70.3652
-17.5065, 19.8668, -32.3823, 181.8005, 250.8005, -10.8668, 289.4557, -28.2551, -49.7157, -70.3653
-17.4344, 19.8015, -32.3333, 181.7096, 250.7096, -10.8015, 289.4068, -28.2219, -49.7659, -70.3837
-17.3632, 19.7264, -32.2585, 181.6281, 250.6280, -10.7264, 289.3320, -28.1625, -49.8014, -70.3973
-17.2771, 19.6759, -32.2042, 181.5598, 250.5598, -10.6759, 289.2776, -28.1501, -49.8260, -70.4014
-17.2004, 19.6143, -32.1234, 181.4691, 250.4691, -10.6143, 289.1969, -28.0965, -49.8683, -70.3994
-17.1178, 19.6112, -32.0826, 181.5079, 250.5079, -10.6112, 289.1561, -28.1424, -49.7964, -70.3789
-17.0242, 19.5419, -32.0123, 181.4680, 250.4680, -10.5419, 289.0858, -28.1194, -49.7867, -70.3919
-16.9356, 19.5066, -31.9434, 181.4766, 250.4766, -10.5066, 289.0168, -28.1232, -49.7340, -70.3807
-16.8517, 19.4523, -31.8691, 181.3991, 250.3991, -10.4523, 288.9425, -28.0882, -49.7641, -70.3768
-16.7708, 19.3724, -31.7886, 181.2834, 250.2834, -10.3724, 288.8620, -28.0241, -49.8295, -70.3882
-16.6819, 19.3076, -31.7180, 181.1910, 250.1910, -10.3076, 288.7915, -27.9886, -49.8732, -70.3935
-16.6019, 19.2649, -31.6678, 181.1467, 250.1467, -10.2649, 288.7412, -27.9838, -49.8789, -70.3954
-16.5239, 19.1987, -31.5952, 181.0633, 250.0633, -10.1987, 288.6686, -27.9386, -49.9169, -70.4020
-16.4500, 19.1196, -31.5139, 180.9665, 249.9665, -10.1196, 288.5873, -27.8729, -49.9668, -70.4140
-16.3696, 19.0640, -31.4643, 180.8999, 249.8999, -10.0640, 288.5378, -27.8582, -49.9940, -70.4253
-16.2934, 19.0335, -31.4076, 180.8704, 249.8704, -10.0335, 288.4811, -27.8558, -49.9862, -70.4145
-16.2145, 18.9738, -31.3234, 180.8100, 249.8099, -9.9738, 288.3968, -27.8100, -50.0003, -70.4112
-16.1238, 18.9097, -31.2394, 180.7737, 249.7737, -9.9097, 288.3128, -27.7783, -49.9873, -70.4127
-16.0543, 18.8205, -31.1645, 180.6309, 249.6309, -9.8205, 288.2380, -27.6995, -50.0853, -70.4335
-15.9772, 18.7569, -31.1179, 180.5656, 249.5656, -9.7569, 288.1913, -27.6808, -50.1131, -70.4532
-15.8904, 18.7492, -31.0699, 180.5781, 249.5781, -9.7492, 288.1433, -27.7158, -50.0651, -70.4305
-15.8135, 18.6798, -31.0035, 180.5011, 249.5011, -9.6798, 288.0769, -27.6754, -50.1001, -70.4437
-15.7390, 18.6262, -30.9334, 180.5531, 249.5532, -9.6262, 288.0069, -27.6650, -50.0102, -70.4512
-15.6680, 18.5590, -30.8772, 180.4479, 249.4479, -9.5590, 287.9506, -27.6231, -50.0772, -70.4661
-15.5804, 18.4908, -30.7985, 180.2776, 249.2776, -9.4908, 287.8720, -27.5640, -50.1983, -70.4643
-15.4865, 18.4584, -30.7413, 180.3309, 249.3309, -9.4584, 287.8148, -27.5926, -50.1057, -70.4601
-15.4002, 18.4024, -30.6778, 180.2576, 249.2576, -9.4024, 287.7513, -27.5711, -50.1366, -70.4633
-15.3158, 18.3170, -30.5882, 180.2466, 249.2466, -9.3170, 287.6617, -27.5225, -50.1006, -70.4820
-15.2187, 18.2696, -30.5220, 180.2372, 249.2372, -9.2696, 287.5954, -27.5256, -50.0661, -70.4807
-15.1330, 18.2190, -30.4532, 180.1409, 249.1409, -9.2190, 287.5266, -27.4979, -50.1194, -70.4749
-15.0440, 18.1254, -30.3795, 180.0512, 249.0512, -9.1254, 287.4529, -27.4473, -50.1627, -70.5028
-14.9601, 18.0528, -30.3092, 179.9793, 248.9793, -9.0528, 287.3827, -27.4101, -50.1918, -70.5165
-14.8709, 18.0197, -30.2410, 179.9219, 248.9219, -9.0197, 287.3144, -27.4034, -50.2075, -70.4990
-14.7889, 17.9635, -30.1593, 179.8748, 248.8748, -8.9635, 287.2327, -27.3688, -50.2116, -70.4947
-14.7103, 17.8747, -30.0754, 179.7640, 248.7640, -8.8747, 287.1488, -27.3000, -50.2776, -70.5121
-14.6147, 17.8343, -30.0109, 179.7364, 248.7364, -8.8343, 287.0844, -27.3039, -50.2633, -70.5046
-14.5285, 17.7616, -29.9189, 179.6103, 248.6103, -8.7616, 286.9924, -27.2412, -50.3417, -70.5025
-14.4409, 17.7115, -29.8627, 179.5537, 248.5537, -8.7115, 286.9362, -27.2341, -50.3599, -70.5058
-14.3688, 17.6151, -29.7672, 179.4446, 248.4446, -8.6151, 286.8407, -27.1473, -50.4244, -70.5238
-14.2958, 17.5530, -29.6978, 179.3718, 248.3718, -8.5530, 286.7712, -27.1072, -50.4599, -70.5295
-14.2178, 17.5241, -29.6574, 179.4005, 248.4005, -8.5241, 286.7308, -27.1321, -50.4012, -70.5304
-14.1387, 17.4815, -29.5915, 179.3374, 248.3374, -8.4815, 286.6649, -27.1136, -50.4267, -70.5221
-14.0654, 17.4287, -29.5054, 179.3892, 248.3892, -8.4287, 286.5788, -27.0874, -50.3375, -70.5205
-13.9821, 17.3789, -29.4532, 179.2896, 248.2896, -8.3789, 286.5266, -27.0735, -50.4003, -70.5226
-13.9050, 17.3068, -29.3758, 179.1847, 248.1847, -8.3068, 286.4492, -27.0199, -50.4652, -70.5298
-13.8296, 17.2528, -29.3201, 179.1208, 248.1208, -8.2528, 286.3936, -27.0001, -50.4950, -70.5367
-13.7547, 17.1763, -29.2459, 179.0509, 248.0509, -8.1763, 286.3194, -26.9519, -50.5266, -70.5522
-13.6701, 17.1324, -29.1938, 178.9940, 247.9940, -8.1324, 286.2673, -26.9501, -50.5482, -70.5525
-13.5866, 17.0730, -29.1243, 178.9692, 247.9692, -8.0730, 286.1977, -26.9296, -50.5353, -70.5590
-13.5099, 17.0274, -29.0453, 179.0043, 248.0043, -8.0274, 286.1188, -26.9136, -50.4638, -70.5538
-13.4301, 16.9439, -28.9633, 178.8295, 247.8295, -7.9439, 286.0367, -26.8416, -50.5967, -70.5626
-13.3490, 16.8869, -28.9026, 178.7861, 247.7861, -7.8869, 285.9760, -26.8250, -50.6048, -70.5706
-13.2743, 16.8258, -28.8483, 178.7701, 247.7701, -7.8258, 285.9217, -26.8107, -50.5885, -70.5878
-13.1955, 16.7878, -28.8006, 178.7284, 247.7284, -7.7878, 285.8740, -26.8132, -50.5987, -70.5870
-13.1005, 16.7215, -28.7269, 178.6611, 247.6611, -7.7215, 285.8003, -26.7894, -50.6243, -70.5932
-13.0293, 16.6306, -28.6402, 178.5873, 247.5873, -7.6306, 285.7136, -26.7196, -50.6602, -70.6139
-12.9540, 16.5896, -28.5979, 178.5491, 247.5491, -7.5896, 285.6713, -26.7230, -50.6690, -70.6189
-12.8782, 16.5418, -28.5209, 178.4647, 247.4647, -7.5418, 285.5944, -26.6877, -50.7169, -70.6075
-12.7905, 16.4736, -28.4392, 178.4079, 247.4079, -7.4736, 285.5127, -26.6515, -50.7338, -70.6122
-12.7000, 16.3832, -28.3549, 178.3299, 247.3299, -7.3832, 285.4284, -26.6009, -50.7699, -70.6324
-12.6268, 16.3566, -28.2908, 178.3082, 247.3081, -7.3566, 285.3642, -26.5949, -50.7601, -70.6149
-12.5486, 16.3403, -28.2252, 178.3564, 247.3564, -7.3403, 285.2986, -26.6083, -50.6801, -70.5933
-12.4693, 16.2580, -28.1570, 178.3033, 247.3033, -7.2580, 285.2304, -26.5694, -50.6982, -70.6177
-12.3785, 16.1845, -28.0772, 178.1884, 247.1884, -7.1845, 285.1507, -26.5268, -50.7725, -70.6233
-12.3016, 16.1325, -28.0048, 178.1395, 247.1395, -7.1325, 285.0783, -26.4995, -50.7872, -70.6205
-12.2192, 16.0770, -27.9443, 178.0873, 247.0873, -7.0770, 285.0177, -26.4847, -50.8058, -70.6264
-12.1300, 16.0056, -27.8614, 177.9973, 246.9973, -7.0056, 284.9349, -26.4434, -50.8562, -70.6305
-12.0448, 15.9674, -27.7733, 178.0062, 247.0062, -6.9674, 284.8467, -26.4265, -50.8098, -70.6117
-11.9595, 15.9106, -27.7130, 177.9422, 246.9422, -6.9106, 284.7865, -26.4123, -50.8398, -70.6179
-11.8707, 15.8502, -27.6621, 177.8602, 246.8602, -6.8502, 284.7356, -26.4046, -50.8883, -70.6305
-11.7894, 15.7589, -27.5563, 177.7498, 246.7498, -6.7589, 284.6297, -26.3242, -50.9580, -70.6378
-11.7002, 15.6965, -27.4910, 177.7290, 246.7290, -6.6965, 284.5645, -26.3127, -50.9440, -70.6491
-11.6075, 15.6269, -27.4105, 177.6927, 246.6928, -6.6269, 284.4840, -26.2856, -50.9421, -70.6569
-11.5187, 15.5477, -27.3248, 177.5916, 246.5916, -6.5477, 284.3983, -26.2369, -51.0047, -70.6650
-11.4333, 15.4926, -27.2372, 177.5772, 246.5772, -6.4926, 284.3106, -26.2083, -50.9826, -70.6589
-11.3559, 15.4258, -27.1730, 177.5195, 246.5195, -6.4258, 284.2465, -26.1801, -51.0091, -70.6722
-11.2656, 15.3620, -27.1162, 177.4483, 246.4483, -6.3620, 284.1896, -26.1693, -51.0468, -70.6852
-11.1924, 15.3050, -27.0459, 177.4343, 246.4343, -6.3050, 284.1193, -26.1434, -51.0307, -70.6906
-11.1226, 15.2589, -26.9646, 177.3973, 246.3973, -6.2589, 284.0381, -26.1083, -51.0367, -70.6793
-11.0461, 15.2055, -26.9046, 177.3966, 246.3966, -6.2055, 283.9780, -26.0974, -51.0084, -70.6880
-10.9575, 15.1379, -26.8400, 177.3175, 246.3175, -6.1379, 283.9134, -26.0760, -51.0539, -70.6995
-10.8776, 15.0563, -26.7537, 177.2242, 246.2242, -6.0563, 283.8271, -26.0198, -51.1127, -70.7104
-10.7971, 14.9946, -26.6750, 177.1600, 246.1600, -5.9946, 283.7485, -25.9848, -51.1440, -70.7109
-10.7084, 14.9616, -26.6311, 177.2125, 246.2125, -5.9616, 283.7045, -26.0157, -51.0627, -70.7148
-10.6139, 14.8825, -26.5365, 177.1394, 246.1394, -5.8825, 283.6099, -25.9695, -51.0972, -70.7200
-10.5231, 14.8405, -26.4636, 177.0929, 246.0929, -5.8405, 283.5370, -25.9615, -51.1096, -70.7079
-10.4416, 14.7669, -26.3758, 177.0342, 246.0342, -5.7669, 283.4493, -25.9145, -51.1346, -70.7139
-10.3524, 14.7015, -26.3028, 176.9554, 245.9554, -5.7015, 283.3762, -25.8888, -51.1798, -70.7189
-10.2625, 14.6423, -26.2183, 176.8428, 245.8429, -5.6423, 283.2918, -25.8539, -51.2569, -70.7099
-10.1806, 14.5730, -26.1436, 176.7404, 245.7404, -5.5730, 283.2170, -25.8160, -51.3276, -70.7157
-10.0769, 14.5024, -26.0556, 176.6688, 245.6688, -5.5024, 283.1291, -25.7895, -51.3607, -70.7170
-9.9993, 14.4127, -25.9564, 176.6971, 245.6971, -5.4127, 283.0298, -25.7305, -51.3003, -70.7374
-9.9031, 14.3528, -25.9117, 176.5778, 245.5778, -5.3528, 282.9852, -25.7343, -51.3887, -70.7494
-9.7994, 14.2850, -25.8095, 176.5276, 245.5276, -5.2850, 282.8829, -25.7000, -51.3993, -70.7423
-9.7161, 14.2131, -25.7280, 176.4690, 245.4690, -5.2131, 282.8014, -25.6616, -51.4264, -70.7501
-9.6396, 14.1473, -25.6479, 176.4429, 245.4429, -5.1473, 282.7214, -25.6250, -51.4234, -70.7565
-9.5643, 14.0915, -25.5924, 176.3878, 245.3878, -5.0915, 282.6658, -25.6105, -51.4527, -70.7653
-9.4863, 14.0188, -25.5082, 176.3242, 245.3242, -5.0188, 282.5817, -25.5646, -51.4865, -70.7723
-9.4091, 13.9567, -25.4533, 176.2172, 245.2172, -4.9567, 282.5267, -25.5439, -51.5672, -70.7825
-9.3351, 13.9194, -25.3802, 176.2505, 245.2505, -4.9194, 282.4537, -25.5324, -51.5070, -70.7736
-9.2610, 13.8650, -25.3223, 176.2327, 245.2327, -4.8650, 282.3957, -25.5193, -51.4998, -70.7830
-9.1896, 13.8279, -25.2598, 176.2314, 245.2314, -4.8279, 282.3333, -25.5110, -51.4761, -70.7770
-9.1140, 13.7577, -25.1739, 176.1586, 245.1587, -4.7577, 282.2473, -25.4623, -51.5202, -70.7802
-9.0336, 13.6799, -25.1116, 176.1102, 245.1102, -4.6799, 282.1851, -25.4359, -51.5421, -70.8041
-8.9618, 13.6147, -25.0443, 176.0180, 245.0180, -4.6147, 282.1178, -25.4007, -51.6090, -70.8118
-8.8840, 13.5762, -24.9818, 175.9779, 244.9779, -4.5762, 282.0553, -25.3940, -51.6228, -70.8034
-8.8069, 13.5142, -24.9071, 175.8939, 244.8939, -4.5142, 281.9806, -25.3601, -51.6796, -70.8048
-8.7324, 13.4485, -24.8216, 175.9834, 244.9834, -4.4485, 281.8951, -25.3277, -51.5636, -70.8175
-8.6462, 13.3976, -24.7627, 175.8694, 244.8694, -4.3976, 281.8362, -25.3187, -51.6499, -70.8151
-8.5568, 13.3501, -24.6883, 175.8544, 244.8544, -4.3501, 281.7617, -25.3099, -51.6353, -70.8094
-8.4568, 13.2842, -24.6127, 175.7329, 244.7329, -4.2842, 281.6862, -25.2912, -51.7244, -70.8093
-8.3729, 13.1766, -24.5036, 175.7039, 244.7039, -4.1766, 281.5770, -25.2150, -51.7232, -70.8345
-8.2971, 13.1373, -24.4258, 175.6830, 244.6831, -4.1373, 281.4992, -25.1953, -51.7177, -70.8203
-8.2151, 13.0893, -24.3644, 175.6324, 244.6324, -4.0893, 281.4378, -25.1879, -51.7425, -70.8193
-8.1288, 12.9955, -24.2525, 175.4563, 244.4563, -3.9954, 281.3260, -25.1082, -51.8869, -70.8195
-8.0455, 12.9510, -24.2020, 175.4567, 244.4567, -3.9510, 281.2754, -25.1171, -51.8622, -70.8255
-7.9552, 12.8950, -24.1455, 175.4573, 244.4573, -3.8950, 281.2190, -25.1211, -51.8352, -70.8378
-7.8601, 12.8336, -24.0748, 175.4850, 244.4850, -3.8336, 281.1482, -25.1164, -51.7789, -70.8488
-7.7746, 12.7531, -23.9645, 175.3841, 244.3841, -3.7531, 281.0380, -25.0507, -51.8496, -70.8447
-7.6856, 12.6787, -23.8699, 175.2964, 244.2964, -3.6787, 280.9434, -25.0057, -51.9081, -70.8448
-7.6006, 12.6167, -23.8061, 175.2054, 244.2054, -3.6167, 280.8796, -24.9896, -51.9736, -70.8508
-7.5248, 12.5526, -23.7251, 175.2198, 244.2198, -3.5526, 280.7986, -24.9565, -51.9352, -70.8586
-7.4358, 12.4866, -23.6492, 175.2037, 244.2037, -3.4866, 280.7226, -24.9366, -51.9246, -70.8674
-7.3428, 12.4188, -23.5789, 175.1298, 244.1298, -3.4188, 280.6524, -24.9202, -51.9715, -70.8759
-7.2615, 12.3366, -23.4744, 175.0035, 244.0035, -3.3366, 280.5479, -24.8542, -52.0708, -70.8744
-7.1796, 12.2949, -23.4230, 175.0493, 244.0493, -3.2949, 280.4964, -24.8655, -52.0022, -70.8814
-7.0969, 12.2176, -23.3478, 174.9525, 243.9525, -3.2176, 280.4213, -24.8300, -52.0748, -70.8939
-7.0108, 12.1517, -23.2613, 174.9499, 243.9499, -3.1517, 280.3347, -24.7997, -52.0514, -70.8982
-6.9383, 12.0684, -23.1872, 174.8870, 243.8870, -3.0684, 280.2607, -24.7553, -52.0932, -70.9195
-6.8649, 12.0348, -23.1295, 174.8488, 243.8488, -3.0348, 280.2030, -24.7529, -52.1101, -70.9100
-6.7830, 11.9923, -23.0643, 174.8265, 243.8265, -2.9923, 280.1378, -24.7485, -52.1087, -70.9046
-6.7058, 11.8975, -22.9776, 174.7701, 243.7701, -2.8975, 280.0511, -24.6916, -52.1431, -70.9292
-6.6305, 11.8291, -22.8962, 174.7381, 243.7381, -2.8291, 279.9696, -24.6532, -52.1530, -70.9364
-6.5525, 11.8021, -22.8325, 174.7158, 243.7158, -2.8021, 279.9060, -24.6549, -52.1525, -70.9192
-6.4716, 11.7584, -22.7758, 174.6227, 243.6227, -2.7584, 279.8493, -24.6529, -52.2233, -70.9136
-6.3978, 11.6743, -22.6948, 174.5923, 243.5923, -2.6743, 279.7683, -24.6052, -52.2333, -70.9345
-6.3112, 11.6421, -22.6352, 174.5821, 243.5821, -2.6421, 279.7087, -24.6161, -52.2196, -70.9243
-6.2317, 11.5762, -22.5484, 174.5290, 243.5290, -2.5762, 279.6219, -24.5777, -52.2500, -70.9247
-6.1556, 11.5018, -22.4576, 174.3946, 243.3946, -2.5018, 279.5311, -24.5250, -52.3623, -70.9234
-6.0732, 11.4582, -22.3905, 174.4025, 243.4024, -2.4582, 279.4640, -24.5205, -52.3321, -70.9204
-5.9966, 11.3799, -22.3217, 174.3347, 243.3347, -2.3799, 279.3952, -24.4877, -52.3802, -70.9398
-5.9047, 11.3266, -22.2595, 174.2816, 243.2816, -2.3266, 279.3329, -24.4885, -52.4096, -70.9420
-5.8214, 11.2805, -22.1742, 174.3153, 243.3153, -2.2805, 279.2477, -24.4692, -52.3526, -70.9336
-5.7439, 11.2063, -22.0807, 174.2764, 243.2764, -2.2063, 279.1542, -24.4199, -52.3704, -70.9384
-5.6703, 11.1274, -22.0061, 174.1807, 243.1807, -2.1274, 279.0796, -24.3787, -52.4473, -70.9529
-5.5907, 11.0720, -21.9442, 174.1329, 243.1329, -2.0720, 279.0177, -24.3680, -52.4751, -70.9582
-5.5002, 11.0077, -21.8467, 174.1485, 243.1485, -2.0077, 278.9202, -24.3344, -52.4353, -70.9566
-5.4301, 10.9428, -21.7642, 174.1451, 243.1451, -1.9428, 278.8376, -24.2939, -52.4205, -70.9629
-5.3574, 10.8786, -21.7047, 174.0722, 243.0722, -1.8786, 278.7782, -24.2737, -52.4759, -70.9752
-5.2745, 10.8191, -21.6390, 174.0406, 243.0406, -1.8191, 278.7124, -24.2613, -52.4873, -70.9830
-5.1869, 10.7656, -21.5638, 173.9962, 242.9962, -1.7656, 278.6373, -24.2483, -52.5097, -70.9793
-5.0994, 10.6916, -21.4730, 173.9124, 242.9124, -1.6916, 278.5464, -24.2101, -52.5716, -70.9812
-5.0063, 10.6082, -21.3916, 173.9122, 242.9122, -1.6082, 278.4651, -24.1819, -52.5504, -71.0028
-4.9195, 10.5360, -21.3060, 173.8896, 242.8896, -1.5360, 278.3794, -24.1499, -52.5522, -71.0112
-4.8311, 10.4920, -21.2344, 173.8265, 242.8265, -1.4920, 278.3078, -24.1457, -52.5933, -70.9998
-4.7391, 10.4010, -21.1386, 173.7699, 242.7699, -1.4010, 278.2121, -24.0995, -52.6287, -71.0154
-4.6437, 10.3190, -21.0612, 173.6921, 242.6921, -1.3190, 278.1347, -24.0765, -52.6854, -71.0313
-4.5552, 10.2659, -20.9825, 173.7036, 242.7036, -1.2659, 278.0560, -24.0630, -52.6528, -71.0301
-4.4723, 10.2055, -20.8830, 173.6676, 242.6676, -1.2055, 277.9564, -24.0222, -52.6685, -71.0201
-4.3868, 10.1412, -20.8085, 173.5833, 242.5833, -1.1412, 277.8820, -24.0025, -52.7334, -71.0226
-4.3077, 10.0633, -20.7321, 173.5584, 242.5584, -1.0633, 277.8056, -23.9687, -52.7416, -71.0409
-4.2262, 10.0204, -20.6629, 173.5045, 242.5045, -1.0204, 277.7364, -23.9618, -52.7763, -71.0310
-4.1451, 9.9687, -20.5863, 173.5066, 242.5066, -0.9687, 277.6598, -23.9440, -52.7557, -71.0293
-4.0529, 9.8932, -20.4785, 173.4253, 242.4253, -0.8932, 277.5520, -23.8970, -52.8159, -71.0232
-3.9650, 9.8161, -20.3944, 173.3233, 242.3233, -0.8161, 277.4678, -23.8653, -52.8993, -71.0297
-3.8852, 9.7650, -20.3182, 173.3356, 242.3356, -0.7650, 277.3917, -23.8471, -52.8694, -71.0286
-3.7909, 9.7154, -20.2641, 173.3035, 242.3035, -0.7154, 277.3375, -23.8617, -52.8815, -71.0336
-3.7099, 9.6265, -20.1668, 173.2562, 242.2562, -0.6265, 277.2402, -23.8066, -52.9128, -71.0479
-3.6310, 9.5645, -20.0895, 173.1985, 242.1986, -0.5645, 277.1629, -23.7811, -52.9539, -71.0495
-3.5475, 9.5044, -20.0011, 173.1894, 242.1894, -0.5044, 277.0746, -23.7514, -52.9453, -71.0474
-3.4682, 9.4205, -19.9088, 173.1662, 242.1662, -0.4205, 276.9823, -23.7018, -52.9535, -71.0623
-3.3972, 9.3583, -19.8482, 173.0822, 242.0822, -0.3583, 276.9217, -23.6833, -53.0239, -71.0712
-3.3192, 9.3129, -19.7985, 173.0493, 242.0493, -0.3129, 276.8719, -23.6893, -53.0412, -71.0757
-3.2357, 9.2559, -19.7014, 173.0519, 242.0519, -0.2559, 276.7748, -23.6540, -53.0210, -71.0675
-3.1553, 9.1663, -19.6052, 173.0093, 242.0093, -0.1663, 276.6786, -23.5995, -53.0494, -71.0833
-3.0735, 9.1169, -19.5518, 173.0290, 242.0290, -0.1169, 276.6253, -23.6033, -53.0140, -71.0935
-2.9925, 9.0471, -19.4769, 172.9375, 241.9375, -0.0471, 276.5503, -23.5789, -53.0904, -71.0999
-2.9063, 8.9551, -19.3793, 172.8941, 241.8941, 0.0449, 276.4527, -23.5275, -53.1192, -71.1166
-2.8358, 8.9079, -19.2869, 172.8957, 241.8957, 0.0922, 276.3604, -23.4895, -53.1033, -71.1032
-2.7569, 8.8588, -19.2256, 172.8788, 241.8788, 0.1412, 276.2991, -23.4847, -53.1052, -71.1060
-2.6787, 8.8065, -19.1773, 172.8534, 241.8534, 0.1935, 276.2508, -23.4889, -53.1165, -71.1178
-2.5866, 8.7118, -19.0846, 172.7986, 241.7986, 0.2882, 276.1580, -23.4462, -53.1566, -71.1380
-2.5009, 8.6713, -19.0065, 172.7243, 241.7243, 0.3287, 276.0800, -23.4397, -53.2134, -71.1192
-2.4225, 8.6108, -18.9168, 172.6988, 241.6988, 0.3892, 275.9902, -23.4049, -53.2248, -71.1157
-2.3418, 8.5508, -18.8600, 172.6373, 241.6373, 0.4492, 275.9335, -23.4013, -53.2725, -71.1260
-2.2557, 8.4763, -18.7754, 172.6024, 241.6024, 0.5237, 275.8489, -23.3709, -53.2934, -71.1358
-2.1817, 8.4124, -18.6821, 172.5706, 241.5706, 0.5876, 275.7555, -23.3276, -53.3127, -71.1327
-2.1160, 8.3743, -18.6182, 172.5202, 241.5202, 0.6257, 275.6916, -23.3158, -53.3509, -71.1226
-2.0290, 8.2957, -18.5358, 172.5279, 241.5279, 0.7043, 275.6092, -23.2848, -53.3301, -71.1406
-1.9477, 8.2382, -18.4584, 172.4715, 241.4715, 0.7618, 275.5318, -23.2660, -53.3726, -71.1382
-1.8806, 8.1987, -18.3945, 172.4263, 241.4263, 0.8013, 275.4680, -23.2549, -53.4059, -71.1297
-1.8059, 8.1257, -18.3180, 172.3439, 241.3439, 0.8743, 275.3915, -23.2237, -53.4775, -71.1389
-1.7271, 8.0624, -18.2382, 172.3158, 241.3158, 0.9376, 275.3116, -23.1970, -53.4934, -71.1426
-1.6523, 7.9877, -18.1408, 172.3322, 241.3322, 1.0123, 275.2142, -23.1438, -53.4669, -71.1506
-1.5787, 7.9475, -18.0744, 172.3061, 241.3061, 1.0525, 275.1479, -23.1359, -53.4803, -71.1427
-1.5084, 7.8928, -18.0233, 172.2665, 241.2665, 1.1072, 275.0968, -23.1306, -53.5095, -71.1541
-1.4377, 7.8512, -17.9589, 172.2323, 241.2323, 1.1488, 275.0323, -23.1214, -53.5319, -71.1477
-1.3660, 7.7618, -17.8679, 172.1449, 241.1449, 1.2382, 274.9413, -23.0674, -53.6115, -71.1626
-1.2973, 7.6841, -17.8108, 172.1108, 241.1108, 1.3159, 274.8843, -23.0435, -53.6381, -71.1906
-1.2250, 7.6540, -17.7419, 172.1626, 241.1626, 1.3460, 274.8153, -23.0344, -53.5738, -71.1797
-1.1369, 7.6012, -17.6725, 172.1546, 241.1547, 1.3988, 274.7460, -23.0303, -53.5681, -71.1815
-1.0402, 7.5104, -17.5839, 172.0602, 241.0602, 1.4896, 274.6573, -23.0018, -53.6505, -71.1967
-0.9615, 7.4316, -17.5059, 171.9936, 240.9936, 1.5684, 274.5794, -22.9708, -53.7079, -71.2111
-0.8717, 7.3705, -17.4190, 172.0003, 241.0003, 1.6295, 274.4924, -22.9486, -53.6885, -71.2117
-0.7800, 7.3153, -17.3303, 171.9901, 240.9901, 1.6847, 274.4037, -22.9305, -53.6851, -71.2047
-0.6950, 7.2254, -17.2211, 171.9383, 240.9383, 1.7746, 274.2946, -22.8727, -53.7283, -71.2127
-0.6236, 7.1652, -17.1504, 171.8932, 240.8932, 1.8348, 274.2239, -22.8504, -53.7647, -71.2175
-0.5375, 7.1113, -17.0843, 171.9022, 240.9022, 1.8887, 274.1578, -22.8460, -53.7438, -71.2236
-0.4588, 7.0489, -17.0054, 171.8188, 240.8188, 1.9511, 274.0788, -22.8247, -53.8174, -71.2221
-0.3716, 6.9959, -16.9166, 171.8118, 240.8118, 2.0041, 273.9901, -22.8038, -53.8125, -71.2139
-0.3023, 6.9024, -16.8255, 171.7623, 240.7623, 2.0976, 273.8989, -22.7450, -53.8580, -71.2354
-0.2162, 6.8430, -16.7767, 171.7293, 240.7293, 2.1570, 273.8501, -22.7550, -53.8800, -71.2517
-0.1255, 6.7918, -16.7020, 171.6642, 240.6642, 2.2082, 273.7755, -22.7542, -53.9323, -71.2441
-0.0490, 6.7505, -16.5959, 171.6819, 240.6819, 2.2495, 273.6694, -22.7133, -53.9045, -71.2194
0.0268, 6.6542, -16.4954, 171.6465, 240.6465, 2.3458, 273.5688, -22.6508, -53.9359, -71.2391
0.1090, 6.5802, -16.4282, 171.5447, 240.5447, 2.4198, 273.5016, -22.6389, -54.0295, -71.2518
0.1991, 6.5569, -16.3509, 171.5348, 240.5348, 2.4431, 273.4244, -22.6468, -54.0246, -71.2243
0.2810, 6.4939, -16.2601, 171.5820, 240.5820, 2.5061, 273.3335, -22.6104, -53.9695, -71.2284
0.3575, 6.3874, -16.1771, 171.5103, 240.5103, 2.6126, 273.2505, -22.5609, -54.0387, -71.2628
0.4364, 6.3139, -16.1065, 171.4080, 240.4080, 2.6861, 273.1800, -22.5443, -54.1340, -71.2733
0.5113, 6.2956, -16.0320, 171.3907, 240.3907, 2.7044, 273.1055, -22.5436, -54.1395, -71.2433
0.5889, 6.2406, -15.9616, 171.4108, 240.4108, 2.7594, 273.0350, -22.5266, -54.1117, -71.2493
0.6620, 6.1654, -15.8544, 171.4544, 240.4544, 2.8346, 272.9278, -22.4618, -54.0646, -71.2550
0.7664, 6.0656, -15.7943, 171.3521, 240.3521, 2.9344, 272.8677, -22.4647, -54.1583, -71.2918
0.8486, 6.0111, -15.7124, 171.2787, 240.2787, 2.9889, 272.7858, -22.4501, -54.2231, -71.2827
0.9288, 5.9425, -15.6339, 171.2646, 240.2646, 3.0575, 272.7074, -22.4245, -54.2311, -71.2927
1.0340, 5.8674, -15.5400, 171.2069, 240.2069, 3.1326, 272.6135, -22.4098, -54.2788, -71.2946
1.1175, 5.7859, -15.4125, 171.1761, 240.1761, 3.2141, 272.4859, -22.3406, -54.3060, -71.2874
1.2008, 5.7187, -15.3720, 171.0561, 240.0561, 3.2813, 272.4455, -22.3602, -54.4180, -71.3068
1.2955, 5.6703, -15.2905, 171.1194, 240.1195, 3.3297, 272.3640, -22.3500, -54.3446, -71.3045
1.3814, 5.5935, -15.1841, 171.0577, 240.0577, 3.4065, 272.2575, -22.3065, -54.4015, -71.3016
1.4649, 5.5128, -15.0673, 171.0476, 240.0476, 3.4872, 272.1407, -22.2453, -54.4088, -71.3014
1.5458, 5.4125, -15.0265, 170.9101, 239.9101, 3.5875, 272.1000, -22.2474, -54.5433, -71.3469
1.6332, 5.3831, -14.9390, 170.9546, 239.9546, 3.6169, 272.0124, -22.2369, -54.4887, -71.3241
1.7240, 5.2739, -14.7942, 170.9216, 239.9216, 3.7261, 271.8677, -22.1465, -54.5225, -71.3303
1.8083, 5.1930, -14.7210, 170.8931, 239.8931, 3.8070, 271.7945, -22.1249, -54.5474, -71.3518
1.8896, 5.1182, -14.6888, 170.7501, 239.7501, 3.8818, 271.7623, -22.1498, -54.6843, -71.3800
1.9705, 5.0907, -14.5934, 170.7606, 239.7606, 3.9093, 271.6669, -22.1308, -54.6654, -71.3486
2.0533, 4.9790, -14.4947, 170.6794, 239.6794, 4.0210, 271.5681, -22.0758, -54.7483, -71.3775
2.1274, 4.9090, -14.3981, 170.7330, 239.7330, 4.0910, 271.4715, -22.0225, -54.6939, -71.3854
2.2061, 4.8460, -14.3324, 170.6478, 239.6478, 4.1540, 271.4059, -22.0178, -54.7744, -71.3911
2.2827, 4.8122, -14.2739, 170.6150, 239.6150, 4.1878, 271.3474, -22.0274, -54.7992, -71.3809
2.3638, 4.7480, -14.1598, 170.6271, 239.6271, 4.2520, 271.2333, -21.9735, -54.7851, -71.3704
2.4431, 4.6352, -14.0837, 170.5553, 239.5553, 4.3648, 271.1572, -21.9334, -54.8597, -71.4135
2.5253, 4.6304, -14.0256, 170.5967, 239.5967, 4.3696, 271.0990, -21.9559, -54.8064, -71.3857
2.6013, 4.5870, -13.9306, 170.6046, 239.6046, 4.4130, 271.0041, -21.9247, -54.7944, -71.3678
2.6815, 4.5155, -13.8660, 170.5289, 239.5289, 4.4845, 270.9394, -21.9177, -54.8670, -71.3818
2.7705, 4.4087, -13.7532, 170.3692, 239.3692, 4.5913, 270.8266, -21.8698, -55.0284, -71.3916
2.8466, 4.3915, -13.6699, 170.4847, 239.4847, 4.6085, 270.7434, -21.8502, -54.9063, -71.3679
2.9329, 4.3361, -13.5968, 170.5118, 239.5118, 4.6639, 270.6702, -21.8388, -54.8747, -71.3730
3.0270, 4.2666, -13.5232, 170.4589, 239.4589, 4.7334, 270.5967, -21.8366, -54.9230, -71.3819
3.1230, 4.1319, -13.4211, 170.1883, 239.1883, 4.8681, 270.4945, -21.8043, -55.1970, -71.4101
3.2120, 4.0957, -13.3226, 170.3451, 239.3451, 4.9043, 270.3960, -21.7688, -55.0359, -71.3973
3.2977, 4.0238, -13.2229, 170.3353, 239.3353, 4.9762, 270.2963, -21.7305, -55.0455, -71.3987
3.3961, 3.9091, -13.1570, 170.0845, 239.0845, 5.0909, 270.2305, -21.7407, -55.2953, -71.4311
3.4833, 3.8355, -13.0658, 170.1438, 239.1438, 5.1645, 270.1393, -21.7019, -55.2365, -71.4447
3.5611, 3.7805, -12.9561, 170.1852, 239.1852, 5.2195, 270.0296, -21.6502, -55.1958, -71.4317
3.6358, 3.7400, -12.8941, 170.1691, 239.1691, 5.2600, 269.9676, -21.6508, -55.2076, -71.4268
3.7195, 3.6029, -12.8127, 169.9559, 238.9560, 5.3971, 269.8862, -21.6189, -55.4279, -71.4740
3.7986, 3.5520, -12.7450, 169.9565, 238.9565, 5.4480, 269.8185, -21.6116, -55.4246, -71.4761
3.8784, 3.5173, -12.6762, 169.9979, 238.9979, 5.4827, 269.7497, -21.6070, -55.3787, -71.4678
3.9634, 3.4132, -12.6087, 169.8566, 238.8565, 5.5868, 269.6822, -21.5969, -55.5226, -71.5012
4.0531, 3.3443, -12.5075, 169.8192, 238.8191, 5.6557, 269.5809, -21.5675, -55.5601, -71.4963
4.1429, 3.2805, -12.4248, 169.8272, 238.8272, 5.7195, 269.4982, -21.5505, -55.5510, -71.5013
4.2317, 3.2079, -12.3294, 169.8426, 238.8426, 5.7921, 269.4029, -21.5161, -55.5374, -71.5078
4.3203, 3.1199, -12.2467, 169.7522, 238.7522, 5.8801, 269.3202, -21.4991, -55.6297, -71.5240
4.4020, 3.0899, -12.1826, 169.7343, 238.7343, 5.9101, 269.2560, -21.5113, -55.6417, -71.5086
4.4917, 3.0485, -12.0821, 169.7624, 238.7624, 5.9515, 269.1555, -21.4880, -55.6113, -71.4872
4.5743, 2.9438, -11.9995, 169.7376, 238.7376, 6.0562, 269.0729, -21.4477, -55.6433, -71.5239
4.6551, 2.8610, -11.9199, 169.6182, 238.6182, 6.1390, 268.9933, -21.4336, -55.7652, -71.5350
4.7479, 2.8238, -11.8385, 169.6294, 238.6294, 6.1762, 268.9119, -21.4342, -55.7495, -71.5186
4.8221, 2.7682, -11.7183, 169.7032, 238.7032, 6.2318, 268.7918, -21.3654, -55.6815, -71.5037
4.9245, 2.6720, -11.6376, 169.5490, 238.5490, 6.3280, 268.7110, -21.3701, -55.8366, -71.5210
5.0194, 2.5637, -11.5507, 169.4321, 238.4321, 6.4363, 268.6242, -21.3511, -55.9589, -71.5491
5.1106, 2.5505, -11.4725, 169.5750, 238.5750, 6.4495, 268.5460, -21.3454, -55.8106, -71.5266
5.1990, 2.4578, -11.3741, 169.4728, 238.4728, 6.5422, 268.4475, -21.3163, -55.9184, -71.5371
5.2759, 2.3508, -11.2815, 169.2942, 238.2942, 6.6492, 268.3550, -21.2862, -56.1055, -71.5562
5.3556, 2.2989, -11.1963, 169.4037, 238.4037, 6.7011, 268.2698, -21.2482, -55.9994, -71.5600
5.4279, 2.2708, -11.1195, 169.4373, 238.4373, 6.7292, 268.1930, -21.2343, -55.9648, -71.5415
5.5057, 2.1645, -10.9933, 169.3470, 238.3470, 6.8355, 268.0668, -21.1637, -56.0683, -71.5502
5.5901, 2.0923, -10.9770, 169.1840, 238.1840, 6.9077, 268.0504, -21.2215, -56.2271, -71.5820
5.6632, 2.0465, -10.8853, 169.2950, 238.2950, 6.9535, 267.9587, -21.1743, -56.1209, -71.5776
5.7357, 1.9960, -10.8126, 169.2850, 238.2850, 7.0040, 267.8860, -21.1596, -56.1330, -71.5761
5.8131, 1.9390, -10.7033, 169.2976, 238.2976, 7.0610, 267.7767, -21.1120, -56.1266, -71.5623
5.8972, 1.8272, -10.6510, 169.0914, 238.0914, 7.1728, 267.7245, -21.1273, -56.3380, -71.6037
5.9832, 1.8019, -10.5611, 169.1744, 238.1744, 7.1981, 267.6345, -21.1090, -56.2543, -71.5799
6.0568, 1.7474, -10.4598, 169.1735, 238.1735, 7.2526, 267.5332, -21.0681, -56.2611, -71.5671
6.1429, 1.6566, -10.3726, 169.1426, 238.1426, 7.3434, 267.4461, -21.0379, -56.3004, -71.5888
6.2255, 1.5924, -10.3424, 169.0190, 238.0190, 7.4076, 267.4159, -21.0820, -56.4212, -71.6101
6.3119, 1.5578, -10.2429, 169.0602, 238.0602, 7.4422, 267.3163, -21.0583, -56.3816, -71.5849
6.3962, 1.4783, -10.1077, 169.1692, 238.1692, 7.5217, 267.1811, -20.9676, -56.2875, -71.5847
6.4797, 1.3706, -10.0810, 168.9233, 237.9233, 7.6294, 267.1545, -21.0155, -56.5355, -71.6327
6.5613, 1.3297, -10.0119, 168.9202, 237.9202, 7.6703, 267.0854, -21.0173, -56.5386, -71.6251
6.6395, 1.2784, -9.9055, 168.9955, 237.9955, 7.7216, 266.9790, -20.9652, -56.4713, -71.6139
6.7293, 1.1787, -9.8500, 168.8430, 237.8430, 7.8213, 266.9234, -20.9836, -56.6285, -71.6482
6.8146, 1.1547, -9.8069, 168.8342, 237.8342, 7.8453, 266.8804, -21.0209, -56.6313, -71.6396
6.8996, 1.0625, -9.6740, 168.8934, 237.8934, 7.9375, 266.7475, -20.9352, -56.5893, -71.6466
6.9965, 0.9821, -9.5925, 168.7789, 237.7789, 8.0179, 266.6659, -20.9425, -56.7079, -71.6539
7.0688, 0.8950, -9.4859, 168.7561, 237.7561, 8.1050, 266.5593, -20.8843, -56.7451, -71.6635
7.1646, 0.8784, -9.4549, 168.7649, 237.7649, 8.1216, 266.5284, -20.9428, -56.7266, -71.6564
7.2382, 0.7607, -9.3033, 168.7532, 237.7532, 8.2393, 266.3767, -20.8305, -56.7637, -71.6685
7.3237, 0.7229, -9.2213, 168.7055, 237.7055, 8.2771, 266.2947, -20.8363, -56.8119, -71.6468
7.4147, 0.6752, -9.1647, 168.6963, 237.6963, 8.3248, 266.2382, -20.8564, -56.8206, -71.6505
7.4856, 0.5952, -9.0897, 168.6985, 237.6985, 8.4048, 266.1632, -20.8225, -56.8299, -71.6736
7.5825, 0.5158, -8.9904, 168.5851, 237.5850, 8.4842, 266.0639, -20.8171, -56.9503, -71.6705
7.6718, 0.4462, -8.8676, 168.5983, 237.5983, 8.5538, 265.9410, -20.7647, -56.9497, -71.6593
7.7495, 0.4084, -8.8143, 168.6161, 237.6161, 8.5916, 265.8878, -20.7745, -56.9326, -71.6598
7.8348, 0.3237, -8.7041, 168.6089, 237.6089, 8.6763, 265.7775, -20.7251, -56.9543, -71.6662
7.9159, 0.2265, -8.6073, 168.5439, 237.5439, 8.7735, 265.6807, -20.6882, -57.0342, -71.6849
8.0007, 0.1698, -8.5356, 168.5249, 237.5249, 8.8302, 265.6090, -20.6875, -57.0579, -71.6874
8.0971, 0.1591, -8.4798, 168.5808, 237.5808, 8.8409, 265.5532, -20.7199, -56.9963, -71.6664
8.1716, 0.0068, -8.3603, 168.3872, 237.3872, 8.9932, 265.4338, -20.6565, -57.2163, -71.7070
8.2490, -0.0411, -8.2890, 168.4290, 237.4290, 9.0411, 265.3624, -20.6409, -57.1809, -71.7086
8.3353, -0.0519, -8.2557, 168.4610, 237.4610, 9.0519, 265.3291, -20.6870, -57.1417, -71.6981
8.4333, -0.1378, -8.1456, 168.4723, 237.4723, 9.1378, 265.2190, -20.6466, -57.1450, -71.7066
8.5280, -0.2602, -8.0348, 168.3090, 237.3090, 9.2602, 265.1083, -20.6210, -57.3263, -71.7286
8.6137, -0.3025, -7.9436, 168.3822, 237.3822, 9.3025, 265.0170, -20.5933, -57.2610, -71.7173
8.6836, -0.3611, -7.8507, 168.4557, 237.4557, 9.3611, 264.9242, -20.5399, -57.2018, -71.7199
8.7673, -0.4483, -7.7886, 168.3629, 237.3629, 9.4483, 264.8620, -20.5474, -57.3036, -71.7458
8.8451, -0.5254, -7.6894, 168.2281, 237.2281, 9.5254, 264.7628, -20.5327, -57.4502, -71.7397
8.9257, -0.5680, -7.6165, 168.2657, 237.2657, 9.5680, 264.6900, -20.5229, -57.4188, -71.7354
9.0064, -0.6329, -7.5286, 168.3190, 237.3190, 9.6329, 264.6020, -20.4856, -57.3787, -71.7433
9.0923, -0.7235, -7.4384, 168.1960, 237.1960, 9.7235, 264.5118, -20.4778, -57.5145, -71.7540
9.1740, -0.7474, -7.3561, 168.2790, 237.2790, 9.7474, 264.4296, -20.4605, -57.4368, -71.7333
9.2597, -0.7993, -7.2678, 168.3313, 237.3313, 9.7993, 264.3413, -20.4347, -57.3949, -71.7298
9.3441, -0.9086, -7.1744, 168.2387, 237.2387, 9.9086, 264.2479, -20.4071, -57.5062, -71.7574
9.4313, -0.9695, -7.0915, 168.2105, 237.2105, 9.9695, 264.1649, -20.4011, -57.5435, -71.7562
9.5197, -1.0294, -6.9893, 168.2129, 237.2129, 10.0294, 264.0628, -20.3739, -57.5538, -71.7468
9.5985, -1.1272, -6.8726, 168.1412, 237.1412, 10.1272, 263.9460, -20.3231, -57.6474, -71.7546
9.6820, -1.1931, -6.8559, 168.0150, 237.0150, 10.1931, 263.9293, -20.3891, -57.7721, -71.7837
9.7655, -1.2214, -6.7576, 168.1837, 237.1837, 10.2214, 263.8310, -20.3378, -57.6157, -71.7666
9.8563, -1.3115, -6.6469, 168.1413, 237.1413, 10.3115, 263.7204, -20.3015, -57.6771, -71.7733
9.9459, -1.3903, -6.5845, 167.9897, 236.9897, 10.3903, 263.6579, -20.3359, -57.8350, -71.7858
10.0395, -1.4358, -6.4648, 168.0761, 237.0761, 10.4358, 263.5383, -20.2874, -57.7639, -71.7629
10.1228, -1.5347, -6.3729, 168.0727, 237.0727, 10.5347, 263.4464, -20.2459, -57.7887, -71.7914
10.1960, -1.6025, -6.3173, 167.9292, 236.9292, 10.6025, 263.3908, -20.2740, -57.9383, -71.8000
10.2966, -1.6238, -6.2375, 168.0334, 237.0334, 10.6238, 263.3109, -20.2733, -57.8385, -71.7796
10.3900, -1.7148, -6.1181, 168.0419, 237.0419, 10.7148, 263.1915, -20.2206, -57.8532, -71.7872
10.4746, -1.8211, -6.0143, 167.8983, 236.8983, 10.8211, 263.0878, -20.2018, -58.0172, -71.8016
10.5605, -1.8605, -5.9297, 167.9887, 236.9887, 10.8605, 263.0031, -20.1763, -57.9382, -71.7933
10.6416, -1.9259, -5.8404, 168.0062, 237.0062, 10.9259, 262.9138, -20.1471, -57.9368, -71.7972
10.7233, -2.0202, -5.6988, 167.9274, 236.9274, 11.0202, 262.7723, -20.0847, -58.0428, -71.7877
10.7956, -2.0548, -5.7009, 167.9139, 236.9139, 11.0548, 262.7744, -20.1456, -58.0517, -71.8124
10.8853, -2.1111, -5.6117, 167.9295, 236.9295, 11.1111, 262.6851, -20.1303, -58.0492, -71.8081
10.9687, -2.2129, -5.4599, 167.9283, 236.9283, 11.2129, 262.5334, -20.0386, -58.0843, -71.8069
11.0457, -2.2719, -5.4138, 167.8085, 236.8085, 11.2719, 262.4872, -20.0793, -58.2080, -71.8153
11.1364, -2.3059, -5.3591, 167.8908, 236.8908, 11.3059, 262.4325, -20.0879, -58.1312, -71.8174
11.2236, -2.3828, -5.2416, 167.9142, 236.9142, 11.3828, 262.3151, -20.0347, -58.1316, -71.8161
11.3104, -2.4644, -5.1905, 167.7957, 236.7957, 11.4644, 262.2640, -20.0705, -58.2586, -71.8403
11.4062, -2.4989, -5.1058, 167.8700, 236.8700, 11.4989, 262.1793, -20.0611, -58.1943, -71.8256
11.4972, -2.6211, -4.9609, 167.8436, 236.8436, 11.6211, 262.0344, -19.9797, -58.2576, -71.8423
11.5893, -2.6920, -4.8906, 167.7782, 236.7782, 11.6920, 261.9640, -19.9970, -58.3340, -71.8521
11.6769, -2.7319, -4.8135, 167.8669, 236.8669, 11.7319, 261.8870, -19.9791, -58.2577, -71.8480
11.7655, -2.8330, -4.6937, 167.8356, 236.8356, 11.8330, 261.7672, -19.9282, -58.3177, -71.8601
11.8536, -2.9015, -4.6260, 167.7027, 236.7027, 11.9015, 261.6995, -19.9636, -58.4589, -71.8628
11.9404, -2.9394, -4.5298, 167.7991, 236.7991, 11.9394, 261.6033, -19.9278, -58.3788, -71.8475
12.0261, -3.0043, -4.4567, 167.8049, 236.8049, 12.0043, 261.5302, -19.9209, -58.3879, -71.8583
12.1203, -3.0860, -4.3686, 167.7065, 236.7064, 12.0860, 261.4421, -19.9306, -58.5022, -71.8641
12.2047, -3.2022, -4.2347, 167.6460, 236.6460, 12.2022, 261.3081, -19.8653, -58.5979, -71.8785
12.2952, -3.2230, -4.1640, 167.7729, 236.7729, 12.2230, 261.2374, -19.8541, -58.4805, -71.8655
12.3836, -3.3041, -4.0624, 167.6556, 236.6556, 12.3041, 261.1358, -19.8529, -58.6164, -71.8619
12.4734, -3.3961, -3.9882, 167.6428, 236.6428, 12.3961, 261.0616, -19.8417, -58.6500, -71.8927
12.5633, -3.4332, -3.8958, 167.7132, 236.7132, 12.4332, 260.9692, -19.8194, -58.5949, -71.8760
12.6488, -3.5365, -3.7622, 167.5853, 236.5853, 12.5365, 260.8357, -19.7819, -58.7531, -71.8729
12.7422, -3.6021, -3.6953, 167.5805, 236.5805, 12.6021, 260.7688, -19.7916, -58.7715, -71.8860
12.8307, -3.6637, -3.5961, 167.6946, 236.6946, 12.6637, 260.6696, -19.7377, -58.6826, -71.8908
12.9193, -3.7490, -3.5035, 167.6192, 236.6192, 12.7490, 260.5769, -19.7318, -58.7790, -71.8996
13.0083, -3.7706, -3.4063, 167.6992, 236.6992, 12.7706, 260.4797, -19.7094, -58.7132, -71.8685
13.1063, -3.8790, -3.3174, 167.5833, 236.5833, 12.8790, 260.3908, -19.7169, -58.8518, -71.8940
13.2135, -3.9763, -3.2377, 167.5042, 236.5042, 12.9763, 260.3111, -19.7368, -58.9497, -71.9184
13.3095, -4.0216, -3.0977, 167.6375, 236.6375, 13.0216, 260.1711, -19.6592, -58.8469, -71.8892
13.3943, -4.1215, -3.0130, 167.5712, 236.5712, 13.1215, 260.0865, -19.6473, -58.9380, -71.9156
13.4818, -4.1986, -2.9153, 167.4636, 236.4636, 13.1986, 259.9888, -19.6510, -59.0651, -71.9117
13.5712, -4.2443, -2.8239, 167.6151, 236.6151, 13.2443, 259.8974, -19.6007, -58.9373, -71.9111
13.6538, -4.3185, -2.7292, 167.5440, 236.5440, 13.3185, 259.8027, -19.5929, -59.0297, -71.9103
13.7410, -4.3948, -2.6614, 167.4107, 236.4107, 13.3948, 259.7348, -19.6298, -59.1755, -71.9190
13.8232, -4.4647, -2.5559, 167.4164, 236.4164, 13.4647, 259.6293, -19.5923, -59.1965, -71.9165
13.9151, -4.5150, -2.4683, 167.5149, 236.5149, 13.5150, 259.5418, -19.5610, -59.1197, -71.9164
14.0010, -4.6145, -2.3785, 167.3876, 236.3876, 13.6145, 259.4520, -19.5662, -59.2707, -71.9334
14.0906, -4.6794, -2.2938, 167.4305, 236.4304, 13.6794, 259.3673, -19.5448, -59.2505, -71.9413
14.1724, -4.7284, -2.1904, 167.5320, 236.5320, 13.7284, 259.2638, -19.4896, -59.1760, -71.9324
14.2526, -4.8288, -2.1081, 167.4083, 236.4083, 13.8288, 259.1816, -19.4943, -59.3235, -71.9548
14.3350, -4.8896, -2.0411, 167.3950, 236.3950, 13.8896, 259.1145, -19.4993, -59.3533, -71.9636
14.4389, -4.9242, -1.9304, 167.5373, 236.5373, 13.9242, 259.0038, -19.4552, -59.2357, -71.9416
14.5266, -5.0458, -1.8498, 167.3791, 236.3791, 14.0458, 258.9232, -19.4704, -59.4201, -71.9786
14.5984, -5.1018, -1.7282, 167.4509, 236.4509, 14.1018, 258.8017, -19.3959, -59.3819, -71.9633
14.6894, -5.1339, -1.6590, 167.5385, 236.5385, 14.1339, 258.7325, -19.3904, -59.3091, -71.9567
14.7612, -5.2408, -1.5786, 167.4567, 236.4567, 14.2408, 258.6520, -19.3732, -59.4204, -71.9903
14.8364, -5.3057, -1.4836, 167.3963, 236.3963, 14.3057, 258.5570, -19.3614, -59.5037, -71.9829
14.9201, -5.3294, -1.4139, 167.5106, 236.5106, 14.3294, 258.4873, -19.3434, -59.4052, -71.9722
14.9985, -5.4304, -1.2986, 167.3690, 236.3691, 14.4304, 258.3720, -19.3273, -59.5783, -71.9755
15.0961, -5.4838, -1.2410, 167.3147, 236.3147, 14.4838, 258.3144, -19.3734, -59.6419, -71.9779
15.1785, -5.5328, -1.1087, 167.5112, 236.5112, 14.5328, 258.1822, -19.2642, -59.4871, -71.9633
15.2613, -5.6178, -1.0367, 167.4019, 236.4019, 14.6178, 258.1102, -19.2860, -59.6161, -71.9795
15.3497, -5.6959, -0.9750, 167.3310, 236.3310, 14.6959, 258.0485, -19.3131, -59.7042, -71.9992
15.4389, -5.7184, -0.8665, 167.5042, 236.5042, 14.7184, 257.9400, -19.2501, -59.5591, -71.9724
15.5252, -5.8215, -0.7569, 167.3883, 236.3883, 14.8215, 257.8303, -19.2392, -59.7073, -71.9826
15.6089, -5.9064, -0.7062, 167.2919, 236.2919, 14.9064, 257.7796, -19.2762, -59.8196, -72.0114
15.6931, -5.9282, -0.5880, 167.5672, 236.5672, 14.9282, 257.6615, -19.1661, -59.5822, -71.9898
15.7755, -6.0043, -0.5159, 167.4424, 236.4424, 15.0043, 257.5894, -19.1983, -59.7242, -71.9969
15.8581, -6.0952, -0.4332, 167.2955, 236.2955, 15.0952, 257.5066, -19.2228, -59.8932, -72.0082
15.9467, -6.1484, -0.3359, 167.3879, 236.3879, 15.1484, 257.4093, -19.1797, -59.8309, -72.0049
16.0394, -6.2289, -0.2474, 167.4110, 236.4110, 15.2289, 257.3209, -19.1584, -59.8382, -72.0216
16.1275, -6.3039, -0.1531, 167.3254, 236.3254, 15.3039, 257.2266, -19.1670, -59.9480, -72.0195
16.2026, -6.3476, -0.0422, 167.5026, 236.5026, 15.3476, 257.1157, -19.0745, -59.8096, -72.0105
16.2859, -6.4159, 0.0322, 167.4058, 236.4058, 15.4159, 257.0413, -19.1016, -59.9243, -72.0126
16.3738, -6.5082, 0.1107, 167.2528, 236.2528, 15.5082, 256.9628, -19.1383, -60.0984, -72.0263
16.4604, -6.5495, 0.2185, 167.4484, 236.4484, 15.5495, 256.8550, -19.0547, -59.9407, -72.0182
16.5437, -6.6488, 0.3166, 167.3277, 236.3277, 15.6488, 256.7569, -19.0569, -60.0922, -72.0310
16.6269, -6.7139, 0.3853, 167.2278, 236.2278, 15.7139, 256.6882, -19.0923, -60.2078, -72.0331
16.7157, -6.7457, 0.4727, 167.3594, 236.3594, 15.7457, 256.6008, -19.0538, -60.1028, -72.0212
16.7963, -6.8288, 0.5844, 167.3248, 236.3248, 15.8288, 256.4890, -19.0207, -60.1737, -72.0221
16.9016, -6.9092, 0.6443, 167.2815, 236.2815, 15.9092, 256.4291, -19.0598, -60.2361, -72.0464
16.9816, -6.9786, 0.7855, 167.3776, 236.3776, 15.9786, 256.2879, -18.9630, -60.1894, -72.0338
17.0659, -7.0580, 0.8588, 167.3165, 236.3165, 16.0580, 256.2146, -18.9765, -60.2747, -72.0494
17.1448, -7.1127, 0.9268, 167.3347, 236.3347, 16.1127, 256.1467, -18.9722, -60.2789, -72.0558
17.2263, -7.1644, 1.0446, 167.4614, 236.4614, 16.1644, 256.0289, -18.8932, -60.1938, -72.0441
17.3096, -7.2357, 1.1100, 167.3865, 236.3865, 16.2357, 255.9634, -18.9211, -60.2881, -72.0558
17.3898, -7.3182, 1.1802, 167.2971, 236.2971, 16.3182, 255.8932, -18.9420, -60.4006, -72.0728
17.4799, -7.3854, 1.2759, 167.3555, 236.3554, 16.3854, 255.7976, -18.9072, -60.3772, -72.0782
17.5733, -7.4690, 1.3992, 167.2878, 236.2878, 16.4690, 255.6742, -18.8914, -60.4818, -72.0691
17.6605, -7.5322, 1.4605, 167.3170, 236.3170, 16.5322, 255.6129, -18.8936, -60.4764, -72.0868
17.7394, -7.5821, 1.5627, 167.5022, 236.5022, 16.5821, 255.5108, -18.8036, -60.3346, -72.0884
17.8339, -7.6564, 1.6469, 167.3499, 236.3499, 16.6564, 255.4265, -18.8563, -60.5054, -72.0834
17.9191, -7.7362, 1.7178, 167.2706, 236.2706, 16.7362, 255.3557, -18.8811, -60.6080, -72.0985
18.0046, -7.7770, 1.8419, 167.3993, 236.3993, 16.7770, 255.2315, -18.8050, -60.5214, -72.0744
18.0960, -7.8863, 1.9423, 167.2906, 236.2906, 16.8863, 255.1311, -18.8101, -60.6667, -72.0948
18.1940, -7.9238, 2.0078, 167.3124, 236.3124, 16.9238, 255.0656, -18.8355, -60.6613, -72.0873
18.2791, -8.0265, 2.1622, 167.3846, 236.3846, 17.0265, 254.9112, -18.7267, -60.6534, -72.0926
18.3599, -8.0888, 2.2000, 167.2788, 236.2788, 17.0888, 254.8734, -18.7925, -60.7680, -72.1083
18.4436, -8.1481, 2.3154, 167.3629, 236.3629, 17.1481, 254.7581, -18.7295, -60.7271, -72.0997
18.5295, -8.2055, 2.4056, 167.3489, 236.3489, 17.2055, 254.6679, -18.7268, -60.7691, -72.0924
18.6139, -8.2944, 2.4829, 167.2966, 236.2966, 17.2944, 254.5906, -18.7328, -60.8524, -72.1145
18.7014, -8.3547, 2.5767, 167.3960, 236.3959, 17.3547, 254.4968, -18.6846, -60.7923, -72.1198
18.7785, -8.4198, 2.6840, 167.3755, 236.3755, 17.4198, 254.3894, -18.6582, -60.8488, -72.1096
18.8655, -8.4885, 2.7530, 167.3111, 236.3111, 17.4885, 254.3204, -18.6882, -60.9352, -72.1178
18.9571, -8.5411, 2.8222, 167.3055, 236.3055, 17.5411, 254.2512, -18.7080, -60.9624, -72.1184
19.0466, -8.6132, 2.9394, 167.3820, 236.3820, 17.6132, 254.1341, -18.6466, -60.9336, -72.1183
19.1421, -8.6965, 2.9907, 167.2748, 236.2748, 17.6965, 254.0828, -18.7102, -61.0578, -72.1431
19.2311, -8.7565, 3.1155, 167.3876, 236.3876, 17.7565, 253.9580, -18.6338, -60.9950, -72.1328
19.3159, -8.8462, 3.2449, 167.2520, 236.2520, 17.8462, 253.8285, -18.6324, -61.1702, -72.1183
19.4021, -8.9019, 3.2928, 167.2722, 236.2722, 17.9019, 253.7806, -18.6524, -61.1704, -72.1361
19.4796, -8.9533, 3.4255, 167.4884, 236.4884, 17.9533, 253.6480, -18.5209, -61.0151, -72.1261
19.5660, -9.0588, 3.5109, 167.2538, 236.2538, 18.0588, 253.5626, -18.5888, -61.2734, -72.1379
19.6473, -9.1096, 3.5835, 167.2291, 236.2291, 18.1096, 253.4899, -18.6042, -61.3209, -72.1337
19.7378, -9.1307, 3.6949, 167.4970, 236.4970, 18.1307, 253.3786, -18.4964, -61.1027, -72.1147
19.8231, -9.2474, 3.7759, 167.3715, 236.3715, 18.2474, 253.2976, -18.5193, -61.2641, -72.1499
19.9257, -9.3151, 3.8391, 167.2534, 236.2534, 18.3151, 253.2343, -18.5949, -61.3967, -72.1534
19.9942, -9.4015, 3.9830, 167.4294, 236.4294, 18.4015, 253.0905, -18.4439, -61.2949, -72.1630
20.0032, -9.4613, 4.0480, 167.3062, 236.3062, 18.4613, 253.0254, -18.4240, -61.4425, -72.1640
20.0043, -9.4643, 4.0372, 167.2888, 236.2888, 18.4643, 253.0362, -18.4394, -61.4559, -72.1704
