# Joint_A_Angle(deg), Cam_X(mm), Cam_Y(mm), Cam_Z(mm), Torso_X(mm), Torso_Y(mm), Torso_Z(mm), EE_X(mm), EE_Y(mm), EE_Z(mm), T_cam2marker_flat(16), T_torso2marker_flat(16), T_ee2marker_flat(16)
-19.7429, 35.8224, -6.0507, 190.3576, 259.3576, -26.8224, 263.1241, -23.6396, -36.5552, -42.6071, 0.644615, 0.760049, -0.082449, 0.035822, -0.708554, 0.634451, 0.308906, -0.006051, 0.287093, -0.140705, 0.947512, 0.190358, 0.000000, 0.000000, 0.000000, 1.000000, 0.287093, -0.140705, 0.947512, 0.259358, -0.644615, -0.760049, 0.082449, -0.026822, 0.708554, -0.634451, -0.308906, 0.263124, 0.000000, 0.000000, 0.000000, 1.000000, -0.982655, 0.182297, 0.034012, -0.023640, 0.028065, -0.035104, 0.998990, -0.036555, 0.183306, 0.982617, 0.029379, -0.042607, 0.000000, 0.000000, 0.000000, 1.000000
-19.3891, 35.7265, -5.9421, 190.4063, 259.4063, -26.7265, 263.0156, -23.7399, -36.4303, -42.6154, 0.645203, 0.760012, -0.078064, 0.035726, -0.709537, 0.633955, 0.307666, -0.005942, 0.283319, -0.143118, 0.948287, 0.190406, 0.000000, 0.000000, 0.000000, 1.000000, 0.283319, -0.143118, 0.948287, 0.259406, -0.645203, -0.760012, 0.078064, -0.026726, 0.709537, -0.633955, -0.307666, 0.263016, 0.000000, 0.000000, 0.000000, 1.000000, -0.982549, 0.182339, 0.036733, -0.023740, 0.030278, -0.038060, 0.998817, -0.036430, 0.183522, 0.982499, 0.031875, -0.042615, 0.000000, 0.000000, 0.000000, 1.000000
-19.0876, 35.4903, -5.7142, 190.1543, 259.1543, -26.4903, 262.7877, -23.5580, -36.5585, -42.6706, 0.645517, 0.759959, -0.075955, 0.035490, -0.710579, 0.634060, 0.305032, -0.005714, 0.279973, -0.142931, 0.949308, 0.190154, 0.000000, 0.000000, 0.000000, 1.000000, 0.279973, -0.142931, 0.949308, 0.259154, -0.645517, -0.759959, 0.075955, -0.026490, 0.710579, -0.634060, -0.305032, 0.262788, 0.000000, 0.000000, 0.000000, 1.000000, -0.982508, 0.182203, 0.038466, -0.023558, 0.032002, -0.038284, 0.998754, -0.036558, 0.183449, 0.982515, 0.031783, -0.042671, 0.000000, 0.000000, 0.000000, 1.000000
-18.8191, 35.4149, -5.5561, 190.1523, 259.1523, -26.4149, 262.6296, -23.5595, -36.4833, -42.6390, 0.646024, 0.759708, -0.074142, 0.035415, -0.712768, 0.635149, 0.297571, -0.005556, 0.273158, -0.139391, 0.951816, 0.190152, 0.000000, 0.000000, 0.000000, 1.000000, 0.273158, -0.139391, 0.951816, 0.259152, -0.646024, -0.759708, 0.074142, -0.026415, 0.712768, -0.635149, -0.297571, 0.262630, 0.000000, 0.000000, 0.000000, 1.000000, -0.982637, 0.182128, 0.035397, -0.023560, 0.029504, -0.034962, 0.998953, -0.036483, 0.183175, 0.982653, 0.028982, -0.042639, 0.000000, 0.000000, 0.000000, 1.000000
-18.5781, 35.2293, -5.3577, 190.1673, 259.1672, -26.2293, 262.4311, -23.4591, -36.3767, -42.6849, 0.646850, 0.759723, -0.066374, 0.035229, -0.714108, 0.633952, 0.296907, -0.005358, 0.267645, -0.144656, 0.952597, 0.190167, 0.000000, 0.000000, 0.000000, 1.000000, 0.267645, -0.144656, 0.952597, 0.259167, -0.646850, -0.759723, 0.066374, -0.026229, 0.714108, -0.633952, -0.296907, 0.262431, 0.000000, 0.000000, 0.000000, 1.000000, -0.982616, 0.182331, 0.034949, -0.023459, 0.027974, -0.040690, 0.998780, -0.036377, 0.183531, 0.982395, 0.034882, -0.042685, 0.000000, 0.000000, 0.000000, 1.000000
-18.2716, 35.0290, -5.1974, 189.9642, 258.9642, -26.0290, 262.2708, -23.3687, -36.4833, -42.7455, 0.646332, 0.760154, -0.066487, 0.035029, -0.714817, 0.633658, 0.295827, -0.005197, 0.267004, -0.143677, 0.952925, 0.189964, 0.000000, 0.000000, 0.000000, 1.000000, 0.267004, -0.143677, 0.952925, 0.258964, -0.646332, -0.760154, 0.066487, -0.026029, 0.714817, -0.633658, -0.295827, 0.262271, 0.000000, 0.000000, 0.000000, 1.000000, -0.982620, 0.181409, 0.039344, -0.023369, 0.032548, -0.040292, 0.998658, -0.036483, 0.182751, 0.982582, 0.033687, -0.042746, 0.000000, 0.000000, 0.000000, 1.000000
-18.0154, 34.8605, -4.9598, 189.8388, 258.8388, -25.8605, 262.0332, -23.2185, -36.5059, -42.7477, 0.646277, 0.760313, -0.065201, 0.034860, -0.717793, 0.634684, 0.286268, -0.004960, 0.259035, -0.138207, 0.955929, 0.189839, 0.000000, 0.000000, 0.000000, 1.000000, 0.259035, -0.138207, 0.955929, 0.258839, -0.646277, -0.760313, 0.065201, -0.025860, 0.717793, -0.634684, -0.286268, 0.262033, 0.000000, 0.000000, 0.000000, 1.000000, -0.982943, 0.180652, 0.034468, -0.023219, 0.028573, -0.035129, 0.998974, -0.036506, 0.181677, 0.982920, 0.029368, -0.042748, 0.000000, 0.000000, 0.000000, 1.000000
-17.7469, 34.7789, -4.8209, 189.8843, 258.8843, -25.7789, 261.8944, -23.2435, -36.3936, -42.7341, 0.647108, 0.760028, -0.060082, 0.034779, -0.718230, 0.634156, 0.286343, -0.004821, 0.255730, -0.142142, 0.956241, 0.189884, 0.000000, 0.000000, 0.000000, 1.000000, 0.255730, -0.142142, 0.956241, 0.258884, -0.647108, -0.760028, 0.060082, -0.025779, 0.718230, -0.634156, -0.286343, 0.261894, 0.000000, 0.000000, 0.000000, 1.000000, -0.982777, 0.181144, 0.036550, -0.023243, 0.029878, -0.039426, 0.998776, -0.036394, 0.182363, 0.982666, 0.033334, -0.042734, 0.000000, 0.000000, 0.000000, 1.000000
-17.4766, 34.5612, -4.6220, 189.6618, 258.6618, -25.5612, 261.6955, -23.0868, -36.5181, -42.7912, 0.646555, 0.760594, -0.058855, 0.034561, -0.719324, 0.633526, 0.284987, -0.004622, 0.254045, -0.141924, 0.956723, 0.189662, 0.000000, 0.000000, 0.000000, 1.000000, 0.254045, -0.141924, 0.956723, 0.258662, -0.646555, -0.760594, 0.058855, -0.025561, 0.719324, -0.633526, -0.284987, 0.261695, 0.000000, 0.000000, 0.000000, 1.000000, -0.982860, 0.180098, 0.039379, -0.023087, 0.032723, -0.039786, 0.998672, -0.036518, 0.181426, 0.982844, 0.033211, -0.042791, 0.000000, 0.000000, 0.000000, 1.000000
-17.2340, 34.3754, -4.3997, 189.4988, 258.4988, -25.3754, 261.4732, -22.9241, -36.5866, -42.8145, 0.647546, 0.760017, -0.055303, 0.034375, -0.721080, 0.634605, 0.278066, -0.004400, 0.246430, -0.140183, 0.958969, 0.189499, 0.000000, 0.000000, 0.000000, 1.000000, 0.246430, -0.140183, 0.958969, 0.258499, -0.647546, -0.760017, 0.055303, -0.025375, 0.721080, -0.634605, -0.278066, 0.261473, 0.000000, 0.000000, 0.000000, 1.000000, -0.982895, 0.180712, 0.035514, -0.022924, 0.029077, -0.038148, 0.998849, -0.036587, 0.181859, 0.982796, 0.032241, -0.042814, 0.000000, 0.000000, 0.000000, 1.000000
-16.9838, 34.3175, -4.2617, 189.6085, 258.6085, -25.3175, 261.3352, -22.9641, -36.4189, -42.7861, 0.648270, 0.759734, -0.050495, 0.034317, -0.722317, 0.634608, 0.274828, -0.004262, 0.240841, -0.141689, 0.960167, 0.189608, 0.000000, 0.000000, 0.000000, 1.000000, 0.240841, -0.141689, 0.960167, 0.258608, -0.648270, -0.759734, 0.050495, -0.025317, 0.722317, -0.634608, -0.274828, 0.261335, 0.000000, 0.000000, 0.000000, 1.000000, -0.982872, 0.181035, 0.034468, -0.022964, 0.027670, -0.039947, 0.998819, -0.036419, 0.182198, 0.982665, 0.034253, -0.042786, 0.000000, 0.000000, 0.000000, 1.000000
-16.7214, 34.1285, -4.0919, 189.4196, 258.4196, -25.1285, 261.1653, -22.8508, -36.5254, -42.8354, 0.648065, 0.759986, -0.049323, 0.034128, -0.723369, 0.634511, 0.272273, -0.004092, 0.238220, -0.140772, 0.960955, 0.189420, 0.000000, 0.000000, 0.000000, 1.000000, 0.238220, -0.140772, 0.960955, 0.258420, -0.648065, -0.759986, 0.049323, -0.025128, 0.723369, -0.634511, -0.272273, 0.261165, 0.000000, 0.000000, 0.000000, 1.000000, -0.982923, 0.180438, 0.036119, -0.022851, 0.029457, -0.039464, 0.998787, -0.036525, 0.181645, 0.982794, 0.033475, -0.042835, 0.000000, 0.000000, 0.000000, 1.000000
-16.4533, 33.9767, -3.9093, 189.3213, 258.3213, -24.9767, 260.9828, -22.7702, -36.5445, -42.8515, 0.647962, 0.760083, -0.049176, 0.033977, -0.724539, 0.635000, 0.267990, -0.003909, 0.234922, -0.138018, 0.962166, 0.189321, 0.000000, 0.000000, 0.000000, 1.000000, 0.234922, -0.138018, 0.962166, 0.258321, -0.647962, -0.760083, 0.049176, -0.024977, 0.724539, -0.635000, -0.267990, 0.260983, 0.000000, 0.000000, 0.000000, 1.000000, -0.982975, 0.180007, 0.036845, -0.022770, 0.030654, -0.037059, 0.998843, -0.036544, 0.181164, 0.982967, 0.030910, -0.042852, 0.000000, 0.000000, 0.000000, 1.000000
-16.1978, 33.8430, -3.7285, 189.3566, 258.3566, -24.8430, 260.8019, -22.7214, -36.4375, -42.8621, 0.649340, 0.759439, -0.040134, 0.033843, -0.726049, 0.634765, 0.264436, -0.003728, 0.226298, -0.142569, 0.963568, 0.189357, 0.000000, 0.000000, 0.000000, 1.000000, 0.226298, -0.142569, 0.963568, 0.258357, -0.649340, -0.759439, 0.040134, -0.024843, 0.726049, -0.634765, -0.264436, 0.260802, 0.000000, 0.000000, 0.000000, 1.000000, -0.982923, 0.180952, 0.033457, -0.022721, 0.026289, -0.041868, 0.998777, -0.036437, 0.182132, 0.982600, 0.036396, -0.042862, 0.000000, 0.000000, 0.000000, 1.000000
-15.9368, 33.6678, -3.5528, 189.1842, 258.1842, -24.6678, 260.6263, -22.6151, -36.5324, -42.8977, 0.649177, 0.759571, -0.040257, 0.033668, -0.726760, 0.635014, 0.261871, -0.003553, 0.224473, -0.140744, 0.964263, 0.189184, 0.000000, 0.000000, 0.000000, 1.000000, 0.224473, -0.140744, 0.964263, 0.258184, -0.649177, -0.759571, 0.040257, -0.024668, 0.726760, -0.635014, -0.261871, 0.260626, 0.000000, 0.000000, 0.000000, 1.000000, -0.982922, 0.180517, 0.035757, -0.022615, 0.028911, -0.040413, 0.998765, -0.036532, 0.181739, 0.982741, 0.034504, -0.042898, 0.000000, 0.000000, 0.000000, 1.000000
-15.6823, 33.4998, -3.3753, 189.0866, 258.0866, -24.4998, 260.4487, -22.5225, -36.5570, -42.9311, 0.648764, 0.759968, -0.039411, 0.033500, -0.728317, 0.635089, 0.257325, -0.003375, 0.220588, -0.138239, 0.965521, 0.189087, 0.000000, 0.000000, 0.000000, 1.000000, 0.220588, -0.138239, 0.965521, 0.258087, -0.648764, -0.759968, 0.039411, -0.024500, 0.728317, -0.635089, -0.257325, 0.260449, 0.000000, 0.000000, 0.000000, 1.000000, -0.983078, 0.179683, 0.035661, -0.022523, 0.029227, -0.038329, 0.998838, -0.036557, 0.180841, 0.982978, 0.032429, -0.042931, 0.000000, 0.000000, 0.000000, 1.000000
-15.4033, 33.3600, -3.1578, 189.0880, 258.0880, -24.3600, 260.2312, -22.4461, -36.4771, -42.9251, 0.649231, 0.759807, -0.034535, 0.033360, -0.729682, 0.635017, 0.253610, -0.003158, 0.214625, -0.139452, 0.966690, 0.189088, 0.000000, 0.000000, 0.000000, 1.000000, 0.214625, -0.139452, 0.966690, 0.258088, -0.649231, -0.759807, 0.034535, -0.024360, 0.729682, -0.635017, -0.253610, 0.260231, 0.000000, 0.000000, 0.000000, 1.000000, -0.983099, 0.179758, 0.034690, -0.022446, 0.027947, -0.039912, 0.998812, -0.036477, 0.180929, 0.982901, 0.034213, -0.042925, 0.000000, 0.000000, 0.000000, 1.000000
-15.1260, 33.2084, -2.9921, 189.0238, 258.0238, -24.2084, 260.0656, -22.3934, -36.4730, -42.9511, 0.648906, 0.760177, -0.032436, 0.033208, -0.731377, 0.634940, 0.248875, -0.002992, 0.209784, -0.137774, 0.967992, 0.189024, 0.000000, 0.000000, 0.000000, 1.000000, 0.209784, -0.137774, 0.967992, 0.258024, -0.648906, -0.760177, 0.032436, -0.024208, 0.731377, -0.634940, -0.248875, 0.260066, 0.000000, 0.000000, 0.000000, 1.000000, -0.983258, 0.178983, 0.034202, -0.022393, 0.027702, -0.038690, 0.998867, -0.036473, 0.180103, 0.983091, 0.033084, -0.042951, 0.000000, 0.000000, 0.000000, 1.000000
-14.8599, 33.0310, -2.8141, 188.8740, 257.8740, -24.0310, 259.8876, -22.2938, -36.5517, -42.9882, 0.649502, 0.759761, -0.030166, 0.033031, -0.731905, 0.635456, 0.245991, -0.002814, 0.206064, -0.137693, 0.968803, 0.188874, 0.000000, 0.000000, 0.000000, 1.000000, 0.206064, -0.137693, 0.968803, 0.257874, -0.649502, -0.759761, 0.030166, -0.024031, 0.731905, -0.635456, -0.245991, 0.259888, 0.000000, 0.000000, 0.000000, 1.000000, -0.983145, 0.179431, 0.035089, -0.022294, 0.028557, -0.038859, 0.998837, -0.036552, 0.180586, 0.983003, 0.033080, -0.042988, 0.000000, 0.000000, 0.000000, 1.000000
-14.6068, 32.8820, -2.6252, 188.8909, 257.8909, -23.8820, 259.6986, -22.2232, -36.4689, -43.0072, 0.649789, 0.759735, -0.024019, 0.032882, -0.733303, 0.634875, 0.243311, -0.002625, 0.200101, -0.140487, 0.969651, 0.188891, 0.000000, 0.000000, 0.000000, 1.000000, 0.200101, -0.140487, 0.969651, 0.257891, -0.649789, -0.759735, 0.024019, -0.023882, 0.733303, -0.634875, -0.243311, 0.259699, 0.000000, 0.000000, 0.000000, 1.000000, -0.983206, 0.179311, 0.033964, -0.022223, 0.026830, -0.042062, 0.998755, -0.036469, 0.180516, 0.982893, 0.036545, -0.043007, 0.000000, 0.000000, 0.000000, 1.000000
-14.3499, 32.7138, -2.4517, 188.7271, 257.7271, -23.7138, 259.5252, -22.1245, -36.5665, -43.0382, 0.649648, 0.759873, -0.023467, 0.032714, -0.734288, 0.635171, 0.239539, -0.002452, 0.196925, -0.138384, 0.970603, 0.188727, 0.000000, 0.000000, 0.000000, 1.000000, 0.196925, -0.138384, 0.970603, 0.257727, -0.649648, -0.759873, 0.023467, -0.023714, 0.734288, -0.635171, -0.239539, 0.259525, 0.000000, 0.000000, 0.000000, 1.000000, -0.983249, 0.178915, 0.034782, -0.022125, 0.027998, -0.040305, 0.998795, -0.036567, 0.180102, 0.983039, 0.034621, -0.043038, 0.000000, 0.000000, 0.000000, 1.000000
-14.1174, 32.5645, -2.2523, 188.7893, 257.7893, -23.5645, 259.3258, -22.0397, -36.4419, -43.0566, 0.649722, 0.759942, -0.018707, 0.032564, -0.735914, 0.634964, 0.235056, -0.002252, 0.190508, -0.138954, 0.971802, 0.188789, 0.000000, 0.000000, 0.000000, 1.000000, 0.190508, -0.138954, 0.971802, 0.257789, -0.649722, -0.759942, 0.018707, -0.023564, 0.735914, -0.634964, -0.235056, 0.259326, 0.000000, 0.000000, 0.000000, 1.000000, -0.983380, 0.178645, 0.032412, -0.022040, 0.025432, -0.041227, 0.998826, -0.036442, 0.179772, 0.983049, 0.035999, -0.043057, 0.000000, 0.000000, 0.000000, 1.000000
-13.8498, 32.4379, -2.1512, 188.6224, 257.6224, -23.4379, 259.2246, -22.0303, -36.5595, -43.0869, 0.649840, 0.759882, -0.016943, 0.032438, -0.735794, 0.634517, 0.236632, -0.002151, 0.190563, -0.141306, 0.971452, 0.188622, 0.000000, 0.000000, 0.000000, 1.000000, 0.190563, -0.141306, 0.971452, 0.257622, -0.649840, -0.759882, 0.016943, -0.023438, 0.735794, -0.634517, -0.236632, 0.259225, 0.000000, 0.000000, 0.000000, 1.000000, -0.983219, 0.178519, 0.037559, -0.022030, 0.030159, -0.043988, 0.998577, -0.036560, 0.179917, 0.982953, 0.037865, -0.043087, 0.000000, 0.000000, 0.000000, 1.000000
-13.5912, 32.3029, -1.9574, 188.5426, 257.5426, -23.3029, 259.0309, -21.9487, -36.5761, -43.0845, 0.649955, 0.759806, -0.015896, 0.032303, -0.737041, 0.635305, 0.230559, -0.001957, 0.185279, -0.138137, 0.972928, 0.188543, 0.000000, 0.000000, 0.000000, 1.000000, 0.185279, -0.138137, 0.972928, 0.257543, -0.649955, -0.759806, 0.015896, -0.023303, 0.737041, -0.635305, -0.230559, 0.259031, 0.000000, 0.000000, 0.000000, 1.000000, -0.983280, 0.178482, 0.036122, -0.021949, 0.029232, -0.041083, 0.998728, -0.036576, 0.179739, 0.983085, 0.035178, -0.043084, 0.000000, 0.000000, 0.000000, 1.000000
-13.3244, 32.1248, -1.7508, 188.4480, 257.4480, -23.1248, 258.8243, -21.8374, -36.6047, -43.1113, 0.649913, 0.759901, -0.012813, 0.032125, -0.737817, 0.634891, 0.229217, -0.001751, 0.182317, -0.139517, 0.973291, 0.188448, 0.000000, 0.000000, 0.000000, 1.000000, 0.182317, -0.139517, 0.973291, 0.257448, -0.649913, -0.759901, 0.012813, -0.023125, 0.737817, -0.634891, -0.229217, 0.258824, 0.000000, 0.000000, 0.000000, 1.000000, -0.983274, 0.178123, 0.037995, -0.021837, 0.030819, -0.042884, 0.998605, -0.036605, 0.179503, 0.983073, 0.036677, -0.043111, 0.000000, 0.000000, 0.000000, 1.000000
-13.0810, 31.9959, -1.5689, 188.3392, 257.3392, -22.9959, 258.6424, -21.7552, -36.6564, -43.1085, 0.649756, 0.760063, -0.011034, 0.031996, -0.739857, 0.635681, 0.220274, -0.001569, 0.174437, -0.134960, 0.975376, 0.188339, 0.000000, 0.000000, 0.000000, 1.000000, 0.174437, -0.134960, 0.975376, 0.257339, -0.649756, -0.760063, 0.011034, -0.022996, 0.739857, -0.635681, -0.220274, 0.258642, 0.000000, 0.000000, 0.000000, 1.000000, -0.983502, 0.177787, 0.033396, -0.021755, 0.026942, -0.038598, 0.998892, -0.036656, 0.178879, 0.983312, 0.033171, -0.043109, 0.000000, 0.000000, 0.000000, 1.000000
-12.8219, 31.8327, -1.3871, 188.2986, 257.2986, -22.8327, 258.4605, -21.6769, -36.6404, -43.1390, 0.649853, 0.760019, -0.007945, 0.031833, -0.740000, 0.635053, 0.221602, -0.001387, 0.173467, -0.138130, 0.975105, 0.188299, 0.000000, 0.000000, 0.000000, 1.000000, 0.173467, -0.138130, 0.975105, 0.257299, -0.649853, -0.760019, 0.007945, -0.022833, 0.740000, -0.635053, -0.221602, 0.258461, 0.000000, 0.000000, 0.000000, 1.000000, -0.983387, 0.177604, 0.037501, -0.021677, 0.030465, -0.042179, 0.998645, -0.036640, 0.178945, 0.983198, 0.036068, -0.043139, 0.000000, 0.000000, 0.000000, 1.000000
-12.5666, 31.6555, -1.1813, 188.2609, 257.2609, -22.6555, 258.2548, -21.5693, -36.6190, -43.1701, 0.649516, 0.760322, -0.006243, 0.031655, -0.741300, 0.635049, 0.217227, -0.001181, 0.169127, -0.136465, 0.976101, 0.188261, 0.000000, 0.000000, 0.000000, 1.000000, 0.169127, -0.136465, 0.976101, 0.257261, -0.649516, -0.760322, 0.006243, -0.022655, 0.741300, -0.635049, -0.217227, 0.258255, 0.000000, 0.000000, 0.000000, 1.000000, -0.983507, 0.177003, 0.037199, -0.021569, 0.030415, -0.040891, 0.998701, -0.036619, 0.178294, 0.983360, 0.034833, -0.043170, 0.000000, 0.000000, 0.000000, 1.000000
-12.3016, 31.5425, -0.9907, 188.3023, 257.3023, -22.5425, 258.0642, -21.5249, -36.5240, -43.1583, 0.650072, 0.759872, 0.001089, 0.031543, -0.743376, 0.635662, 0.208148, -0.000991, 0.157473, -0.136121, 0.978097, 0.188302, 0.000000, 0.000000, 0.000000, 1.000000, 0.157473, -0.136121, 0.978097, 0.257302, -0.650072, -0.759872, -0.001089, -0.022543, 0.743376, -0.635662, -0.208148, 0.258064, 0.000000, 0.000000, 0.000000, 1.000000, -0.983659, 0.177511, 0.030077, -0.021525, 0.023179, -0.040802, 0.998898, -0.036524, 0.178543, 0.983273, 0.036021, -0.043158, 0.000000, 0.000000, 0.000000, 1.000000
-12.0452, 31.3394, -0.8289, 188.0781, 257.0781, -22.3394, 257.9023, -21.4147, -36.6965, -43.2205, 0.649734, 0.760160, 0.001339, 0.031339, -0.743122, 0.634799, 0.211661, -0.000829, 0.160046, -0.138518, 0.977342, 0.188078, 0.000000, 0.000000, 0.000000, 1.000000, 0.160046, -0.138518, 0.977342, 0.257078, -0.649734, -0.760160, -0.001339, -0.022339, 0.743122, -0.634799, -0.211661, 0.257902, 0.000000, 0.000000, 0.000000, 1.000000, -0.983533, 0.176797, 0.037498, -0.021415, 0.030224, -0.043659, 0.998589, -0.036696, 0.178185, 0.983279, 0.037597, -0.043220, 0.000000, 0.000000, 0.000000, 1.000000
-11.7967, 31.2164, -0.7177, 187.9714, 256.9714, -22.2164, 257.7911, -21.4013, -36.7641, -43.2475, 0.649300, 0.760533, 0.000174, 0.031216, -0.743481, 0.634693, 0.210716, -0.000718, 0.160146, -0.136947, 0.977547, 0.187971, 0.000000, 0.000000, 0.000000, 1.000000, 0.160146, -0.136947, 0.977547, 0.256971, -0.649300, -0.760533, -0.000174, -0.022216, 0.743481, -0.634693, -0.210716, 0.257791, 0.000000, 0.000000, 0.000000, 1.000000, -0.983493, 0.176108, 0.041561, -0.021401, 0.034592, -0.042462, 0.998499, -0.036764, 0.177609, 0.983455, 0.035669, -0.043247, 0.000000, 0.000000, 0.000000, 1.000000
-11.5308, 31.1146, -0.5106, 188.0402, 257.0402, -22.1146, 257.5841, -21.3521, -36.6433, -43.2198, 0.649855, 0.760032, 0.006297, 0.031115, -0.745252, 0.635546, 0.201691, -0.000511, 0.149290, -0.135763, 0.979429, 0.188040, 0.000000, 0.000000, 0.000000, 1.000000, 0.149290, -0.135763, 0.979429, 0.257040, -0.649855, -0.760032, -0.006297, -0.022115, 0.745252, -0.635546, -0.201691, 0.257584, 0.000000, 0.000000, 0.000000, 1.000000, -0.983632, 0.176730, 0.035123, -0.021352, 0.028204, -0.041511, 0.998740, -0.036643, 0.177966, 0.983384, 0.035847, -0.043220, 0.000000, 0.000000, 0.000000, 1.000000
-11.2757, 30.8691, -0.3362, 187.8250, 256.8249, -21.8691, 257.4096, -21.2136, -36.8093, -43.3126, 0.649325, 0.760481, 0.006710, 0.030869, -0.745080, 0.634357, 0.206027, -0.000336, 0.152424, -0.138778, 0.978523, 0.187825, 0.000000, 0.000000, 0.000000, 1.000000, 0.152424, -0.138778, 0.978523, 0.256825, -0.649325, -0.760481, -0.006710, -0.021869, 0.745080, -0.634357, -0.206027, 0.257410, 0.000000, 0.000000, 0.000000, 1.000000, -0.983497, 0.175703, 0.043165, -0.021214, 0.035774, -0.045017, 0.998345, -0.036809, 0.177355, 0.983413, 0.037989, -0.043313, 0.000000, 0.000000, 0.000000, 1.000000
-11.0017, 30.7863, -0.1514, 187.8327, 256.8327, -21.7863, 257.2248, -21.1901, -36.7544, -43.2748, 0.649531, 0.760298, 0.007536, 0.030786, -0.746780, 0.636058, 0.194293, -0.000151, 0.142927, -0.131827, 0.980915, 0.187833, 0.000000, 0.000000, 0.000000, 1.000000, 0.142927, -0.131827, 0.980915, 0.256833, -0.649531, -0.760298, -0.007536, -0.021786, 0.746780, -0.636058, -0.194293, 0.257225, 0.000000, 0.000000, 0.000000, 1.000000, -0.983662, 0.176147, 0.037174, -0.021190, 0.030895, -0.038254, 0.998790, -0.036754, 0.177356, 0.983620, 0.032187, -0.043275, 0.000000, 0.000000, 0.000000, 1.000000
-10.7444, 30.6068, 0.0528, 187.8389, 256.8389, -21.6068, 257.0207, -21.0900, -36.7006, -43.3116, 0.649578, 0.760150, 0.014850, 0.030607, -0.747689, 0.635145, 0.193782, 0.000053, 0.137872, -0.136980, 0.980932, 0.187839, 0.000000, 0.000000, 0.000000, 1.000000, 0.137872, -0.136980, 0.980932, 0.256839, -0.649578, -0.760150, -0.014850, -0.021607, 0.747689, -0.635145, -0.193782, 0.257021, 0.000000, 0.000000, 0.000000, 1.000000, -0.983693, 0.175903, 0.037506, -0.021090, 0.030236, -0.043829, 0.998581, -0.036701, 0.177297, 0.983431, 0.037795, -0.043312, 0.000000, 0.000000, 0.000000, 1.000000
-10.4392, 30.4629, 0.2505, 187.7328, 256.7328, -21.4629, 256.8229, -21.0302, -36.7571, -43.3097, 0.649288, 0.760391, 0.015209, 0.030463, -0.749092, 0.635927, 0.185628, 0.000251, 0.131478, -0.131919, 0.982502, 0.187733, 0.000000, 0.000000, 0.000000, 1.000000, 0.131478, -0.131919, 0.982502, 0.256733, -0.649288, -0.760391, -0.015209, -0.021463, 0.749092, -0.635927, -0.185628, 0.256823, 0.000000, 0.000000, 0.000000, 1.000000, -0.983819, 0.175622, 0.035458, -0.021030, 0.029016, -0.039114, 0.998813, -0.036757, 0.176800, 0.983680, 0.033385, -0.043310, 0.000000, 0.000000, 0.000000, 1.000000
-10.1747, 30.3241, 0.4412, 187.8192, 256.8192, -21.3241, 256.6322, -20.9756, -36.6282, -43.3237, 0.649886, 0.759683, 0.023026, 0.030324, -0.750007, 0.636116, 0.181235, 0.000441, 0.123034, -0.135052, 0.983170, 0.187819, 0.000000, 0.000000, 0.000000, 1.000000, 0.123034, -0.135052, 0.983170, 0.256819, -0.649886, -0.759683, -0.023026, -0.021324, 0.750007, -0.636116, -0.181235, 0.256632, 0.000000, 0.000000, 0.000000, 1.000000, -0.983805, 0.176315, 0.032266, -0.020976, 0.025132, -0.042547, 0.998778, -0.036628, 0.177472, 0.983414, 0.037427, -0.043324, 0.000000, 0.000000, 0.000000, 1.000000
-9.8932, 30.1465, 0.6272, 187.7270, 256.7270, -21.1465, 256.4463, -20.8957, -36.6776, -43.3592, 0.649083, 0.760357, 0.023419, 0.030146, -0.751164, 0.635763, 0.177644, 0.000627, 0.120184, -0.132898, 0.983816, 0.187727, 0.000000, 0.000000, 0.000000, 1.000000, 0.120184, -0.132898, 0.983816, 0.256727, -0.649083, -0.760357, -0.023419, -0.021146, 0.751164, -0.635763, -0.177644, 0.256446, 0.000000, 0.000000, 0.000000, 1.000000, -0.983947, 0.175230, 0.033804, -0.020896, 0.027043, -0.040828, 0.998800, -0.036678, 0.176400, 0.983681, 0.035434, -0.043359, 0.000000, 0.000000, 0.000000, 1.000000
-9.6385, 29.9336, 0.8987, 187.7138, 256.7138, -20.9336, 256.1748, -20.7164, -36.6414, -43.3901, 0.649689, 0.759502, 0.032582, 0.029934, -0.752005, 0.635819, 0.173846, 0.000899, 0.111320, -0.137447, 0.984234, 0.187714, 0.000000, 0.000000, 0.000000, 1.000000, 0.111320, -0.137447, 0.984234, 0.256714, -0.649689, -0.759502, -0.032582, -0.020934, 0.752005, -0.635819, -0.173846, 0.256175, 0.000000, 0.000000, 0.000000, 1.000000, -0.983924, 0.176001, 0.030298, -0.020716, 0.022582, -0.045679, 0.998701, -0.036641, 0.177156, 0.983330, 0.040971, -0.043390, 0.000000, 0.000000, 0.000000, 1.000000
-9.3762, 29.8299, 1.0340, 187.6467, 256.6467, -20.8299, 256.0394, -20.7082, -36.6759, -43.3902, 0.649316, 0.759832, 0.032314, 0.029830, -0.752836, 0.636153, 0.168958, 0.001034, 0.107823, -0.134034, 0.985093, 0.187647, 0.000000, 0.000000, 0.000000, 1.000000, 0.107823, -0.134034, 0.985093, 0.256647, -0.649316, -0.759832, -0.032314, -0.020830, 0.752836, -0.636153, -0.168958, 0.256039, 0.000000, 0.000000, 0.000000, 1.000000, -0.983987, 0.175573, 0.030705, -0.020708, 0.023567, -0.042596, 0.998814, -0.036676, 0.176673, 0.983544, 0.037776, -0.043390, 0.000000, 0.000000, 0.000000, 1.000000
-9.1083, 29.6383, 1.1888, 187.4508, 256.4508, -20.6383, 255.8847, -20.6307, -36.8381, -43.4463, 0.649060, 0.760090, 0.031354, 0.029638, -0.752891, 0.635917, 0.169601, 0.001189, 0.108973, -0.133688, 0.985014, 0.187451, 0.000000, 0.000000, 0.000000, 1.000000, 0.108973, -0.133688, 0.985014, 0.256451, -0.649060, -0.760090, -0.031354, -0.020638, 0.752891, -0.635917, -0.169601, 0.255885, 0.000000, 0.000000, 0.000000, 1.000000, -0.983894, 0.175008, 0.036394, -0.020631, 0.029357, -0.042630, 0.998660, -0.036838, 0.176325, 0.983644, 0.036806, -0.043446, 0.000000, 0.000000, 0.000000, 1.000000
-8.8387, 29.5290, 1.4054, 187.5764, 256.5764, -20.5290, 255.6681, -20.5734, -36.6735, -43.4248, 0.649028, 0.759885, 0.036560, 0.029529, -0.754288, 0.636503, 0.160975, 0.001405, 0.099052, -0.132054, 0.986281, 0.187576, 0.000000, 0.000000, 0.000000, 1.000000, 0.099052, -0.132054, 0.986281, 0.256576, -0.649028, -0.759885, -0.036560, -0.020529, 0.754288, -0.636503, -0.160975, 0.255668, 0.000000, 0.000000, 0.000000, 1.000000, -0.984035, 0.175267, 0.030921, -0.020573, 0.024032, -0.041298, 0.998858, -0.036674, 0.176344, 0.983654, 0.036427, -0.043425, 0.000000, 0.000000, 0.000000, 1.000000
-8.5777, 29.3391, 1.5750, 187.3769, 256.3769, -20.3391, 255.4984, -20.4810, -36.8408, -43.4720, 0.648646, 0.760234, 0.036076, 0.029339, -0.754330, 0.635859, 0.163310, 0.001575, 0.101215, -0.133144, 0.985915, 0.187377, 0.000000, 0.000000, 0.000000, 1.000000, 0.101215, -0.133144, 0.985915, 0.256377, -0.648646, -0.760234, -0.036076, -0.020339, 0.754330, -0.635859, -0.163310, 0.255498, 0.000000, 0.000000, 0.000000, 1.000000, -0.983944, 0.174443, 0.037731, -0.020481, 0.030707, -0.042789, 0.998612, -0.036841, 0.175816, 0.983737, 0.036746, -0.043472, 0.000000, 0.000000, 0.000000, 1.000000
-8.3046, 29.1936, 1.7873, 187.5300, 256.5300, -20.1936, 255.2862, -20.4122, -36.6530, -43.4859, 0.648944, 0.759237, 0.049292, 0.029194, -0.755834, 0.635907, 0.156006, 0.001787, 0.087100, -0.138496, 0.986525, 0.187530, 0.000000, 0.000000, 0.000000, 1.000000, 0.087100, -0.138496, 0.986525, 0.256530, -0.648944, -0.759237, -0.049292, -0.020194, 0.755834, -0.635907, -0.156006, 0.255286, 0.000000, 0.000000, 0.000000, 1.000000, -0.984089, 0.175217, 0.029474, -0.020412, 0.021276, -0.048485, 0.998597, -0.036653, 0.176400, 0.983335, 0.043986, -0.043486, 0.000000, 0.000000, 0.000000, 1.000000
-8.0391, 29.0232, 1.9723, 187.3483, 256.3483, -20.0232, 255.1012, -20.3222, -36.8035, -43.5096, 0.648107, 0.760190, 0.045466, 0.029023, -0.756645, 0.636021, 0.151542, 0.001972, 0.086284, -0.132617, 0.987405, 0.187348, 0.000000, 0.000000, 0.000000, 1.000000, 0.086284, -0.132617, 0.987405, 0.256348, -0.648107, -0.760190, -0.045466, -0.020023, 0.756645, -0.636021, -0.151542, 0.255101, 0.000000, 0.000000, 0.000000, 1.000000, -0.984194, 0.174162, 0.032098, -0.020322, 0.024972, -0.042952, 0.998765, -0.036803, 0.175325, 0.983780, 0.037924, -0.043510, 0.000000, 0.000000, 0.000000, 1.000000
-7.7737, 28.8756, 2.1943, 187.4768, 256.4768, -19.8756, 254.8791, -20.2356, -36.6426, -43.5192, 0.648193, 0.759283, 0.057742, 0.028876, -0.757863, 0.635883, 0.145936, 0.002194, 0.074090, -0.138355, 0.987608, 0.187477, 0.000000, 0.000000, 0.000000, 1.000000, 0.074090, -0.138355, 0.987608, 0.256477, -0.648193, -0.759283, -0.057742, -0.019876, 0.757863, -0.635883, -0.145936, 0.254879, 0.000000, 0.000000, 0.000000, 1.000000, -0.984285, 0.174712, 0.025675, -0.020236, 0.017344, -0.049045, 0.998646, -0.036643, 0.175735, 0.983397, 0.045244, -0.043519, 0.000000, 0.000000, 0.000000, 1.000000
-7.5190, 28.7129, 2.3782, 187.3519, 256.3519, -19.7129, 254.6952, -20.1489, -36.7403, -43.5417, 0.647498, 0.760124, 0.054386, 0.028713, -0.758433, 0.635806, 0.143286, 0.002378, 0.074336, -0.134026, 0.988186, 0.187352, 0.000000, 0.000000, 0.000000, 1.000000, 0.074336, -0.134026, 0.988186, 0.256352, -0.647498, -0.760124, -0.054386, -0.019713, 0.758433, -0.635806, -0.143286, 0.254695, 0.000000, 0.000000, 0.000000, 1.000000, -0.984355, 0.173714, 0.029460, -0.020149, 0.021940, -0.045051, 0.998744, -0.036740, 0.174823, 0.983765, 0.040535, -0.043542, 0.000000, 0.000000, 0.000000, 1.000000
-7.2356, 28.5588, 2.5718, 187.2070, 256.2070, -19.5588, 254.5017, -20.0762, -36.8566, -43.5484, 0.647121, 0.760645, 0.051516, 0.028559, -0.758839, 0.636126, 0.139670, 0.002572, 0.073469, -0.129476, 0.988857, 0.187207, 0.000000, 0.000000, 0.000000, 1.000000, 0.073469, -0.129476, 0.988857, 0.256207, -0.647121, -0.760645, -0.051516, -0.019559, 0.758839, -0.636126, -0.139670, 0.254502, 0.000000, 0.000000, 0.000000, 1.000000, -0.984341, 0.173220, 0.032664, -0.020076, 0.025958, -0.040841, 0.998828, -0.036857, 0.174351, 0.984036, 0.035705, -0.043548, 0.000000, 0.000000, 0.000000, 1.000000
-6.9739, 28.4011, 2.7385, 187.0965, 256.0965, -19.4011, 254.3349, -20.0142, -36.9440, -43.5757, 0.647255, 0.760073, 0.057878, 0.028401, -0.759218, 0.636008, 0.138138, 0.002739, 0.068184, -0.133353, 0.988720, 0.187097, 0.000000, 0.000000, 0.000000, 1.000000, 0.068184, -0.133353, 0.988720, 0.256097, -0.647255, -0.760073, -0.057878, -0.019401, 0.759218, -0.636008, -0.138138, 0.254335, 0.000000, 0.000000, 0.000000, 1.000000, -0.984301, 0.173445, 0.032687, -0.020014, 0.025222, -0.045068, 0.998665, -0.036944, 0.174686, 0.983812, 0.039986, -0.043576, 0.000000, 0.000000, 0.000000, 1.000000
-6.7080, 28.2545, 2.9566, 187.0604, 256.0604, -19.2545, 254.1168, -19.9208, -36.9536, -43.5735, 0.646932, 0.760475, 0.056182, 0.028254, -0.759666, 0.636336, 0.134106, 0.002957, 0.066233, -0.129437, 0.989373, 0.187060, 0.000000, 0.000000, 0.000000, 1.000000, 0.066233, -0.129437, 0.989373, 0.256060, -0.646932, -0.760475, -0.056182, -0.019254, 0.759666, -0.636336, -0.134106, 0.254117, 0.000000, 0.000000, 0.000000, 1.000000, -0.984294, 0.173108, 0.034638, -0.019921, 0.027854, -0.041467, 0.998752, -0.036954, 0.174328, 0.984030, 0.035994, -0.043573, 0.000000, 0.000000, 0.000000, 1.000000
-6.4536, 28.0673, 3.1669, 187.1128, 256.1128, -19.0673, 253.9065, -19.8111, -36.8796, -43.6179, 0.646410, 0.759888, 0.068734, 0.028067, -0.761114, 0.635884, 0.127899, 0.003167, 0.053482, -0.134990, 0.989403, 0.187113, 0.000000, 0.000000, 0.000000, 1.000000, 0.053482, -0.134990, 0.989403, 0.256113, -0.646410, -0.759888, -0.068734, -0.019067, 0.761114, -0.635884, -0.127899, 0.253907, 0.000000, 0.000000, 0.000000, 1.000000, -0.984524, 0.173101, 0.027379, -0.019811, 0.019442, -0.047385, 0.998687, -0.036880, 0.174171, 0.983764, 0.043286, -0.043618, 0.000000, 0.000000, 0.000000, 1.000000
-6.1512, 27.9606, 3.3125, 186.9210, 255.9210, -18.9606, 253.7609, -19.8170, -37.0498, -43.6023, 0.646132, 0.761084, 0.057141, 0.027961, -0.760880, 0.636472, 0.126353, 0.003313, 0.059797, -0.125118, 0.990338, 0.186921, 0.000000, 0.000000, 0.000000, 1.000000, 0.059797, -0.125118, 0.990338, 0.255921, -0.646132, -0.761084, -0.057141, -0.018961, 0.760880, -0.636472, -0.126353, 0.253761, 0.000000, 0.000000, 0.000000, 1.000000, -0.984342, 0.172327, 0.037076, -0.019817, 0.030996, -0.037839, 0.998803, -0.037050, 0.173523, 0.984313, 0.031905, -0.043602, 0.000000, 0.000000, 0.000000, 1.000000
-5.9012, 27.7606, 3.6312, 186.9251, 255.9251, -18.7606, 253.4422, -19.6022, -37.0198, -43.6002, 0.645250, 0.761235, 0.064596, 0.027761, -0.762758, 0.637156, 0.110600, 0.003631, 0.043035, -0.120636, 0.991764, 0.186925, 0.000000, 0.000000, 0.000000, 1.000000, 0.043035, -0.120636, 0.991764, 0.255925, -0.645250, -0.761235, -0.064596, -0.018761, 0.762758, -0.637156, -0.110600, 0.253442, 0.000000, 0.000000, 0.000000, 1.000000, -0.984717, 0.172499, 0.024004, -0.019602, 0.018467, -0.033633, 0.999264, -0.037020, 0.173180, 0.984435, 0.029933, -0.043600, 0.000000, 0.000000, 0.000000, 1.000000
-5.6437, 27.6310, 3.7562, 187.0304, 256.0304, -18.6310, 253.3172, -19.5983, -36.9015, -43.6417, 0.645021, 0.760817, 0.071450, 0.027631, -0.762943, 0.635884, 0.116486, 0.003756, 0.043191, -0.129648, 0.990619, 0.187030, 0.000000, 0.000000, 0.000000, 1.000000, 0.043191, -0.129648, 0.990619, 0.256030, -0.645021, -0.760817, -0.071450, -0.018631, 0.762943, -0.635884, -0.116486, 0.253317, 0.000000, 0.000000, 0.000000, 1.000000, -0.984675, 0.171774, 0.030155, -0.019598, 0.023078, -0.043050, 0.998806, -0.036901, 0.172867, 0.984195, 0.038426, -0.043642, 0.000000, 0.000000, 0.000000, 1.000000
-5.3776, 27.4681, 3.9096, 186.8621, 255.8621, -18.4681, 253.1639, -19.5494, -37.0561, -43.6747, 0.645166, 0.760890, 0.069337, 0.027468, -0.762699, 0.635996, 0.117472, 0.003910, 0.045285, -0.128672, 0.990653, 0.186862, 0.000000, 0.000000, 0.000000, 1.000000, 0.045285, -0.128672, 0.990653, 0.255862, -0.645166, -0.760890, -0.069337, -0.018468, 0.762699, -0.635996, -0.117472, 0.253164, 0.000000, 0.000000, 0.000000, 1.000000, -0.984483, 0.171605, 0.036682, -0.019549, 0.029819, -0.042400, 0.998656, -0.037056, 0.172930, 0.984253, 0.036625, -0.043675, 0.000000, 0.000000, 0.000000, 1.000000
-5.1284, 27.3094, 4.1495, 186.8089, 255.8089, -18.3094, 252.9240, -19.4213, -37.0922, -43.6716, 0.644163, 0.761574, 0.071133, 0.027309, -0.764138, 0.636622, 0.103955, 0.004149, 0.033884, -0.121320, 0.992035, 0.186809, 0.000000, 0.000000, 0.000000, 1.000000, 0.033884, -0.121320, 0.992035, 0.255809, -0.644163, -0.761574, -0.071133, -0.018309, 0.764138, -0.636622, -0.103955, 0.252924, 0.000000, 0.000000, 0.000000, 1.000000, -0.984788, 0.171428, 0.028379, -0.019421, 0.022645, -0.035307, 0.999120, -0.037092, 0.172279, 0.984564, 0.030888, -0.043672, 0.000000, 0.000000, 0.000000, 1.000000
-4.8500, 27.1589, 4.2897, 186.7602, 255.7602, -18.1589, 252.7838, -19.4028, -37.1300, -43.7094, 0.644397, 0.761139, 0.073623, 0.027159, -0.763791, 0.635979, 0.110244, 0.004290, 0.037088, -0.127273, 0.991174, 0.186760, 0.000000, 0.000000, 0.000000, 1.000000, 0.037088, -0.127273, 0.991174, 0.255760, -0.644397, -0.761139, -0.073623, -0.018159, 0.763791, -0.635979, -0.110244, 0.252784, 0.000000, 0.000000, 0.000000, 1.000000, -0.984552, 0.171045, 0.037417, -0.019403, 0.030717, -0.041653, 0.998660, -0.037130, 0.172374, 0.984382, 0.035755, -0.043709, 0.000000, 0.000000, 0.000000, 1.000000
-4.5650, 26.9623, 4.5441, 186.7739, 255.7739, -17.9623, 252.5293, -19.2681, -37.1030, -43.7349, 0.643570, 0.760894, 0.082811, 0.026962, -0.765080, 0.636470, 0.097771, 0.004544, 0.021687, -0.126279, 0.991758, 0.186774, 0.000000, 0.000000, 0.000000, 1.000000, 0.021687, -0.126279, 0.991758, 0.255774, -0.643570, -0.760894, -0.082811, -0.017962, 0.765080, -0.636470, -0.097771, 0.252529, 0.000000, 0.000000, 0.000000, 1.000000, -0.984838, 0.171369, 0.026953, -0.019268, 0.020204, -0.041005, 0.998955, -0.037103, 0.172295, 0.984353, 0.036921, -0.043735, 0.000000, 0.000000, 0.000000, 1.000000
-4.3040, 26.8136, 4.6847, 186.7341, 255.7341, -17.8136, 252.3888, -19.2397, -37.1353, -43.7729, 0.643886, 0.760629, 0.082789, 0.026814, -0.764674, 0.636031, 0.103625, 0.004685, 0.026164, -0.130029, 0.991165, 0.186734, 0.000000, 0.000000, 0.000000, 1.000000, 0.026164, -0.130029, 0.991165, 0.255734, -0.643886, -0.760629, -0.082789, -0.017814, 0.764674, -0.636031, -0.103625, 0.252389, 0.000000, 0.000000, 0.000000, 1.000000, -0.984596, 0.170979, 0.036565, -0.019240, 0.029251, -0.045108, 0.998554, -0.037135, 0.172381, 0.984241, 0.039412, -0.043773, 0.000000, 0.000000, 0.000000, 1.000000
-4.0373, 26.7077, 4.9511, 186.6229, 255.6229, -17.7077, 252.1223, -19.1272, -37.2303, -43.7047, 0.642180, 0.762779, 0.075975, 0.026708, -0.766436, 0.637186, 0.081052, 0.004951, 0.013414, -0.110280, 0.993810, 0.186623, 0.000000, 0.000000, 0.000000, 1.000000, 0.013414, -0.110280, 0.993810, 0.255623, -0.642180, -0.762779, -0.075975, -0.017708, 0.766436, -0.637186, -0.081052, 0.252122, 0.000000, 0.000000, 0.000000, 1.000000, -0.985030, 0.170553, 0.025042, -0.019127, 0.020983, -0.025556, 0.999453, -0.037230, 0.171099, 0.985017, 0.021595, -0.043705, 0.000000, 0.000000, 0.000000, 1.000000
-3.7705, 26.4993, 5.1366, 186.6311, 255.6311, -17.4993, 251.9369, -19.0349, -37.2193, -43.7754, 0.641994, 0.761708, 0.087432, 0.026499, -0.766653, 0.636367, 0.085325, 0.005137, 0.009354, -0.121808, 0.992510, 0.186631, 0.000000, 0.000000, 0.000000, 1.000000, 0.009354, -0.121808, 0.992510, 0.255631, -0.641994, -0.761708, -0.087432, -0.017499, 0.766653, -0.636367, -0.085325, 0.251937, 0.000000, 0.000000, 0.000000, 1.000000, -0.985006, 0.170289, 0.027644, -0.019035, 0.021558, -0.037486, 0.999065, -0.037219, 0.171166, 0.984681, 0.033253, -0.043775, 0.000000, 0.000000, 0.000000, 1.000000
-3.5024, 26.4103, 5.3634, 186.6158, 255.6158, -17.4103, 251.7101, -18.9673, -37.2228, -43.7204, 0.641441, 0.762785, 0.081931, 0.026410, -0.767167, 0.637367, 0.072231, 0.005363, 0.002876, -0.109187, 0.994017, 0.186616, 0.000000, 0.000000, 0.000000, 1.000000, 0.002876, -0.109187, 0.994017, 0.255616, -0.641441, -0.762785, -0.081931, -0.017410, 0.767167, -0.637367, -0.072231, 0.251710, 0.000000, 0.000000, 0.000000, 1.000000, -0.985078, 0.170469, 0.023706, -0.018967, 0.019706, -0.025119, 0.999490, -0.037223, 0.170977, 0.985043, 0.021385, -0.043720, 0.000000, 0.000000, 0.000000, 1.000000
-3.2350, 26.2018, 5.5148, 186.5758, 255.5758, -17.2018, 251.5586, -18.9050, -37.2643, -43.8040, 0.641631, 0.761817, 0.089130, 0.026202, -0.766995, 0.636470, 0.081390, 0.005515, 0.005275, -0.120584, 0.992689, 0.186576, 0.000000, 0.000000, 0.000000, 1.000000, 0.005275, -0.120584, 0.992689, 0.255576, -0.641631, -0.761817, -0.089130, -0.017202, 0.766995, -0.636470, -0.081390, 0.251559, 0.000000, 0.000000, 0.000000, 1.000000, -0.984906, 0.169981, 0.032676, -0.018905, 0.026771, -0.036913, 0.998960, -0.037264, 0.171010, 0.984756, 0.031805, -0.043804, 0.000000, 0.000000, 0.000000, 1.000000
-2.9705, 26.0991, 5.7706, 186.5448, 255.5449, -17.0991, 251.3028, -18.8036, -37.2863, -43.7452, 0.640618, 0.762792, 0.088076, 0.026099, -0.767829, 0.637389, 0.064597, 0.005771, -0.006865, -0.109009, 0.994017, 0.186545, 0.000000, 0.000000, 0.000000, 1.000000, -0.006865, -0.109009, 0.994017, 0.255545, -0.640618, -0.762792, -0.088076, -0.017099, 0.767829, -0.637389, -0.064597, 0.251303, 0.000000, 0.000000, 0.000000, 1.000000, -0.985126, 0.170252, 0.023256, -0.018804, 0.019171, -0.025597, 0.999488, -0.037286, 0.170760, 0.985068, 0.021952, -0.043745, 0.000000, 0.000000, 0.000000, 1.000000
-2.7055, 25.8626, 5.8874, 186.5190, 255.5190, -16.8626, 251.1861, -18.7565, -37.3203, -43.8715, 0.640537, 0.761666, 0.097869, 0.025863, -0.767912, 0.636114, 0.075298, 0.005887, -0.004904, -0.123385, 0.992347, 0.186519, 0.000000, 0.000000, 0.000000, 1.000000, -0.004904, -0.123385, 0.992347, 0.255519, -0.640537, -0.761666, -0.097869, -0.016863, 0.767912, -0.636114, -0.075298, 0.251186, 0.000000, 0.000000, 0.000000, 1.000000, -0.985027, 0.169361, 0.032217, -0.018756, 0.025728, -0.040374, 0.998853, -0.037320, 0.170468, 0.984727, 0.035412, -0.043872, 0.000000, 0.000000, 0.000000, 1.000000
-2.4398, 25.7303, 6.1521, 186.4804, 255.4804, -16.7303, 250.9213, -18.6340, -37.3554, -43.8330, 0.639684, 0.762526, 0.096742, 0.025730, -0.768470, 0.637091, 0.059741, 0.006152, -0.016079, -0.112559, 0.993515, 0.186480, 0.000000, 0.000000, 0.000000, 1.000000, -0.016079, -0.112559, 0.993515, 0.255480, -0.639684, -0.762526, -0.096742, -0.016730, 0.768470, -0.637091, -0.059741, 0.250921, 0.000000, 0.000000, 0.000000, 1.000000, -0.985186, 0.169814, 0.023927, -0.018634, 0.019133, -0.029815, 0.999372, -0.037355, 0.170421, 0.985025, 0.026124, -0.043833, 0.000000, 0.000000, 0.000000, 1.000000
-2.1724, 25.5710, 6.2661, 186.4714, 255.4714, -16.5710, 250.8073, -18.6295, -37.3686, -43.8953, 0.640270, 0.761842, 0.098238, 0.025571, -0.768120, 0.636107, 0.073206, 0.006266, -0.006718, -0.122330, 0.992467, 0.186471, 0.000000, 0.000000, 0.000000, 1.000000, -0.006718, -0.122330, 0.992467, 0.255471, -0.640270, -0.761842, -0.098238, -0.016571, 0.768120, -0.636107, -0.073206, 0.250807, 0.000000, 0.000000, 0.000000, 1.000000, -0.984840, 0.168917, 0.039468, -0.018630, 0.033169, -0.039954, 0.998651, -0.037369, 0.170266, 0.984820, 0.033746, -0.043895, 0.000000, 0.000000, 0.000000, 1.000000
-1.9044, 25.4664, 6.5574, 186.3860, 255.3860, -16.4664, 250.5161, -18.5016, -37.4506, -43.8153, 0.638831, 0.763851, 0.091801, 0.025466, -0.769011, 0.637515, 0.046860, 0.006557, -0.022731, -0.100532, 0.994674, 0.186386, 0.000000, 0.000000, 0.000000, 1.000000, -0.022731, -0.100532, 0.994674, 0.255386, -0.638831, -0.763851, -0.091801, -0.016466, 0.769011, -0.637515, -0.046860, 0.250516, 0.000000, 0.000000, 0.000000, 1.000000, -0.985207, 0.169600, 0.024545, -0.018502, 0.021742, -0.018365, 0.999595, -0.037451, 0.169982, 0.985342, 0.014406, -0.043815, 0.000000, 0.000000, 0.000000, 1.000000
-1.6354, 25.3273, 6.6933, 186.3235, 255.3235, -16.3273, 250.3802, -18.4916, -37.5172, -43.8444, 0.639436, 0.763801, 0.087914, 0.025327, -0.768712, 0.637253, 0.054688, 0.006693, -0.014253, -0.102550, 0.994626, 0.186324, 0.000000, 0.000000, 0.000000, 1.000000, -0.014253, -0.102550, 0.994626, 0.255324, -0.639436, -0.763801, -0.087914, -0.016327, 0.768712, -0.637253, -0.054688, 0.250380, 0.000000, 0.000000, 0.000000, 1.000000, -0.984844, 0.169242, 0.037930, -0.018492, 0.034923, -0.020710, 0.999175, -0.037517, 0.169888, 0.985357, 0.014486, -0.043844, 0.000000, 0.000000, 0.000000, 1.000000
-1.3641, 25.2083, 7.0584, 186.3619, 255.3619, -16.2083, 250.0150, -18.2912, -37.4799, -43.7508, 0.637093, 0.765336, 0.091509, 0.025208, -0.769798, 0.637787, 0.025259, 0.007058, -0.039031, -0.086536, 0.995484, 0.186362, 0.000000, 0.000000, 0.000000, 1.000000, -0.039031, -0.086536, 0.995484, 0.255362, -0.637093, -0.765336, -0.091509, -0.016208, 0.769798, -0.637787, -0.025259, 0.250015, 0.000000, 0.000000, 0.000000, 1.000000, -0.985415, 0.169471, 0.015371, -0.018291, 0.014746, -0.004946, 0.999879, -0.037480, 0.169526, 0.985523, 0.002375, -0.043751, 0.000000, 0.000000, 0.000000, 1.000000
-1.1072, 25.1329, 7.2813, 185.9837, 254.9837, -16.1329, 249.7922, -18.2442, -37.8565, -43.6539, 0.638352, 0.767279, 0.061561, 0.025133, -0.769346, 0.638551, 0.018962, 0.007281, -0.024761, -0.059466, 0.997923, 0.185984, 0.000000, 0.000000, 0.000000, 1.000000, -0.024761, -0.059466, 0.997923, 0.254984, -0.638352, -0.767279, -0.061561, -0.016133, 0.769346, -0.638551, -0.018962, 0.249792, 0.000000, 0.000000, 0.000000, 1.000000, -0.984951, 0.170324, 0.029338, -0.018244, 0.033545, 0.021875, 0.999198, -0.037857, 0.169546, 0.985145, -0.027259, -0.043654, 0.000000, 0.000000, 0.000000, 1.000000
-0.8583, 24.9383, 7.4267, 186.2739, 255.2739, -15.9383, 249.6467, -18.1714, -37.5820, -43.7590, 0.636969, 0.766023, 0.086484, 0.024938, -0.769979, 0.637651, 0.023090, 0.007427, -0.037459, -0.081299, 0.995986, 0.186274, 0.000000, 0.000000, 0.000000, 1.000000, -0.037459, -0.081299, 0.995986, 0.255274, -0.636969, -0.766023, -0.086484, -0.015938, 0.769979, -0.637651, -0.023090, 0.249647, 0.000000, 0.000000, 0.000000, 1.000000, -0.985267, 0.169216, 0.024787, -0.018171, 0.025101, -0.000282, 0.999685, -0.037582, 0.169170, 0.985579, -0.003970, -0.043759, 0.000000, 0.000000, 0.000000, 1.000000
-0.5977, 24.8997, 7.5765, 185.8956, 254.8956, -15.8997, 249.4970, -18.2123, -37.9572, -43.6661, 0.638482, 0.767328, 0.059574, 0.024900, -0.769300, 0.638578, 0.019901, 0.007576, -0.022772, -0.058536, 0.998026, 0.185896, 0.000000, 0.000000, 0.000000, 1.000000, -0.022772, -0.058536, 0.998026, 0.254896, -0.638482, -0.767328, -0.059574, -0.015900, 0.769300, -0.638578, -0.019901, 0.249497, 0.000000, 0.000000, 0.000000, 1.000000, -0.984535, 0.170563, 0.039982, -0.018212, 0.044402, 0.022176, 0.998768, -0.037957, 0.169466, 0.985097, -0.029406, -0.043666, 0.000000, 0.000000, 0.000000, 1.000000
-0.3155, 24.1089, 7.5320, 186.2707, 255.2707, -15.1089, 249.5414, -18.0240, -37.6636, -44.3857, 0.633479, 0.751817, 0.182966, 0.024109, -0.771122, 0.632926, 0.069113, 0.007532, -0.063843, -0.184870, 0.980687, 0.186271, 0.000000, 0.000000, 0.000000, 1.000000, -0.063843, -0.184870, 0.980687, 0.255271, -0.633479, -0.751817, -0.182966, -0.015109, 0.771122, -0.632926, -0.069113, 0.249541, 0.000000, 0.000000, 0.000000, 1.000000, -0.985759, 0.166218, 0.025497, -0.018024, 0.007944, -0.105419, 0.994396, -0.037664, 0.167974, 0.980438, 0.102597, -0.044386, 0.000000, 0.000000, 0.000000, 1.000000
-0.0593, 23.8485, 7.6532, 186.0320, 255.0320, -14.8485, 249.4202, -17.9724, -37.9263, -44.5111, 0.631514, 0.748738, 0.201450, 0.023848, -0.771539, 0.632596, 0.067455, 0.007653, -0.076931, -0.198025, 0.977173, 0.186032, 0.000000, 0.000000, 0.000000, 1.000000, -0.076931, -0.198025, 0.977173, 0.255032, -0.631514, -0.748738, -0.201450, -0.014848, 0.771539, -0.632596, -0.067455, 0.249420, 0.000000, 0.000000, 0.000000, 1.000000, -0.985911, 0.166173, 0.019129, -0.017972, -0.000815, -0.119128, 0.992878, -0.037926, 0.167269, 0.978874, 0.117585, -0.044511, 0.000000, 0.000000, 0.000000, 1.000000
0.2083, 23.8434, 7.9801, 186.2437, 255.2437, -14.8434, 249.0933, -17.8487, -37.7164, -44.3543, 0.631986, 0.754365, 0.177559, 0.023843, -0.771545, 0.633996, 0.052608, 0.007980, -0.072886, -0.170242, 0.982703, 0.186244, 0.000000, 0.000000, 0.000000, 1.000000, -0.072886, -0.170242, 0.982703, 0.255244, -0.631986, -0.754365, -0.177559, -0.014843, 0.771545, -0.633996, -0.052608, 0.249093, 0.000000, 0.000000, 0.000000, 1.000000, -0.985874, 0.165895, 0.023035, -0.017849, 0.007917, -0.091218, 0.995799, -0.037716, 0.167299, 0.981916, 0.088616, -0.044354, 0.000000, 0.000000, 0.000000, 1.000000
0.4939, 23.5766, 8.0811, 186.0366, 255.0366, -14.5766, 248.9924, -17.8314, -37.9509, -44.4960, 0.630072, 0.750882, 0.197955, 0.023577, -0.771896, 0.633442, 0.054106, 0.008081, -0.084766, -0.186892, 0.978717, 0.186037, 0.000000, 0.000000, 0.000000, 1.000000, -0.084766, -0.186892, 0.978717, 0.255037, -0.630072, -0.750882, -0.197955, -0.014577, 0.771896, -0.633442, -0.054106, 0.248992, 0.000000, 0.000000, 0.000000, 1.000000, -0.986029, 0.165494, 0.018928, -0.017831, 0.000876, -0.108478, 0.994098, -0.037951, 0.166571, 0.980227, 0.106818, -0.044496, 0.000000, 0.000000, 0.000000, 1.000000
0.7548, 23.5768, 8.3427, 186.2388, 255.2388, -14.5768, 248.7307, -17.7613, -37.7520, -44.3670, 0.632273, 0.755159, 0.173107, 0.023577, -0.771458, 0.634236, 0.050964, 0.008343, -0.071305, -0.165768, 0.983584, 0.186239, 0.000000, 0.000000, 0.000000, 1.000000, -0.071305, -0.165768, 0.983584, 0.255239, -0.632273, -0.755159, -0.173107, -0.014577, 0.771458, -0.634236, -0.050964, 0.248731, 0.000000, 0.000000, 0.000000, 1.000000, -0.985700, 0.165182, 0.033319, -0.017761, 0.019034, -0.087317, 0.995999, -0.037752, 0.167430, 0.982390, 0.082924, -0.044367, 0.000000, 0.000000, 0.000000, 1.000000
1.0193, 23.3791, 8.4454, 186.1614, 255.1614, -14.3791, 248.6280, -17.7547, -37.8521, -44.4615, 0.632445, 0.751211, 0.188935, 0.023379, -0.771321, 0.633179, 0.064400, 0.008445, -0.071251, -0.186459, 0.979876, 0.186161, 0.000000, 0.000000, 0.000000, 1.000000, -0.071251, -0.186459, 0.979876, 0.255161, -0.632445, -0.751211, -0.188935, -0.014379, 0.771321, -0.633179, -0.064400, 0.248628, 0.000000, 0.000000, 0.000000, 1.000000, -0.985565, 0.164147, 0.041453, -0.017755, 0.023711, -0.108606, 0.993802, -0.037852, 0.167632, 0.980439, 0.103147, -0.044462, 0.000000, 0.000000, 0.000000, 1.000000
1.2863, 23.2822, 8.6973, 186.1881, 255.1881, -14.2822, 248.3761, -17.6619, -37.8414, -44.4044, 0.631743, 0.755018, 0.175638, 0.023282, -0.771604, 0.634208, 0.049058, 0.008697, -0.074352, -0.166515, 0.983232, 0.186188, 0.000000, 0.000000, 0.000000, 1.000000, -0.074352, -0.166515, 0.983232, 0.255188, -0.631743, -0.755018, -0.175638, -0.014282, 0.771604, -0.634208, -0.049058, 0.248376, 0.000000, 0.000000, 0.000000, 1.000000, -0.985607, 0.164355, 0.039584, -0.017662, 0.025203, -0.088681, 0.995741, -0.037841, 0.167166, 0.982407, 0.083262, -0.044404, 0.000000, 0.000000, 0.000000, 1.000000
1.5651, 23.0312, 8.7757, 186.0322, 255.0321, -14.0312, 248.2977, -17.6677, -38.0277, -44.5484, 0.631634, 0.749798, 0.197082, 0.023031, -0.771649, 0.632563, 0.066499, 0.008776, -0.074806, -0.194081, 0.978129, 0.186032, 0.000000, 0.000000, 0.000000, 1.000000, -0.074806, -0.194081, 0.978129, 0.255032, -0.631634, -0.749798, -0.197082, -0.014031, 0.771649, -0.632563, -0.066499, 0.248298, 0.000000, 0.000000, 0.000000, 1.000000, -0.985499, 0.162592, 0.048525, -0.017668, 0.029587, -0.116936, 0.992699, -0.038028, 0.167079, 0.979740, 0.110430, -0.044548, 0.000000, 0.000000, 0.000000, 1.000000
1.8310, 22.9898, 9.0451, 186.1969, 255.1969, -13.9898, 248.0283, -17.5746, -37.8763, -44.4479, 0.631323, 0.754700, 0.178493, 0.022990, -0.771822, 0.633895, 0.049685, 0.009045, -0.075649, -0.169131, 0.982686, 0.186197, 0.000000, 0.000000, 0.000000, 1.000000, -0.075649, -0.169131, 0.982686, 0.255197, -0.631323, -0.754700, -0.178493, -0.013990, 0.771822, -0.633895, -0.049685, 0.248028, 0.000000, 0.000000, 0.000000, 1.000000, -0.985428, 0.163151, 0.048100, -0.017575, 0.033360, -0.091918, 0.995208, -0.037876, 0.166790, 0.982310, 0.085136, -0.044448, 0.000000, 0.000000, 0.000000, 1.000000
2.1012, 22.9198, 9.2243, 186.2508, 255.2508, -13.9198, 247.8491, -17.5572, -37.8370, -44.4061, 0.632922, 0.755291, 0.170132, 0.022920, -0.771230, 0.634349, 0.052959, 0.009224, -0.067923, -0.164730, 0.983997, 0.186251, 0.000000, 0.000000, 0.000000, 1.000000, -0.067923, -0.164730, 0.983997, 0.255251, -0.632922, -0.755291, -0.170132, -0.013920, 0.771230, -0.634349, -0.052959, 0.247849, 0.000000, 0.000000, 0.000000, 1.000000, -0.984768, 0.163259, 0.059824, -0.017557, 0.045896, -0.087796, 0.995081, -0.037837, 0.167708, 0.982669, 0.078966, -0.044406, 0.000000, 0.000000, 0.000000, 1.000000
2.3673, 22.5843, 9.4714, 186.0968, 255.0968, -13.5843, 247.6020, -17.3699, -38.0430, -44.5397, 0.628834, 0.752454, 0.195910, 0.022584, -0.771957, 0.634316, 0.041546, 0.009471, -0.093007, -0.177359, 0.979741, 0.186097, 0.000000, 0.000000, 0.000000, 1.000000, -0.093007, -0.177359, 0.979741, 0.255097, -0.628834, -0.752454, -0.195910, -0.013584, 0.771957, -0.634316, -0.041546, 0.247602, 0.000000, 0.000000, 0.000000, 1.000000, -0.985769, 0.162905, 0.041488, -0.017370, 0.025171, -0.100975, 0.994570, -0.038043, 0.166209, 0.981461, 0.095438, -0.044540, 0.000000, 0.000000, 0.000000, 1.000000
2.6209, 22.6436, 9.7020, 186.2547, 255.2547, -13.6436, 247.3714, -17.3497, -37.8881, -44.3720, 0.630785, 0.758056, 0.165716, 0.022644, -0.771694, 0.635204, 0.031694, 0.009702, -0.081237, -0.147874, 0.985664, 0.186255, 0.000000, 0.000000, 0.000000, 1.000000, -0.081237, -0.147874, 0.985664, 0.255255, -0.630785, -0.758056, -0.165716, -0.013644, 0.771694, -0.635204, -0.031694, 0.247371, 0.000000, 0.000000, 0.000000, 1.000000, -0.985105, 0.163670, 0.052727, -0.017350, 0.041487, -0.071353, 0.996588, -0.037888, 0.166874, 0.983931, 0.063500, -0.044372, 0.000000, 0.000000, 0.000000, 1.000000
2.8819, 22.3487, 9.8383, 186.1030, 255.1030, -13.3487, 247.2351, -17.2766, -38.0851, -44.5262, 0.627804, 0.754092, 0.192892, 0.022349, -0.772032, 0.634832, 0.030916, 0.009838, -0.099140, -0.168328, 0.980733, 0.186103, 0.000000, 0.000000, 0.000000, 1.000000, -0.099140, -0.168328, 0.980733, 0.255103, -0.627804, -0.754092, -0.192892, -0.013349, 0.772032, -0.634832, -0.030916, 0.247235, 0.000000, 0.000000, 0.000000, 1.000000, -0.985755, 0.162662, 0.042756, -0.017277, 0.027923, -0.092408, 0.995330, -0.038085, 0.165853, 0.982345, 0.086550, -0.044526, 0.000000, 0.000000, 0.000000, 1.000000
3.1421, 22.2688, 10.1058, 186.2357, 255.2357, -13.2688, 246.9676, -17.1628, -37.9788, -44.4573, 0.627939, 0.756479, 0.182845, 0.022269, -0.772186, 0.634898, 0.025150, 0.010106, -0.097063, -0.156983, 0.982820, 0.186236, 0.000000, 0.000000, 0.000000, 1.000000, -0.097063, -0.156983, 0.982820, 0.255236, -0.627939, -0.756479, -0.182845, -0.013269, 0.772186, -0.634898, -0.025150, 0.246968, 0.000000, 0.000000, 0.000000, 1.000000, -0.985575, 0.162463, 0.047402, -0.017163, 0.034532, -0.081144, 0.996104, -0.037979, 0.165676, 0.983373, 0.074364, -0.044457, 0.000000, 0.000000, 0.000000, 1.000000
3.4262, 22.1887, 10.1612, 186.2484, 255.2484, -13.1887, 246.9123, -17.2617, -37.9808, -44.4811, 0.630763, 0.755207, 0.178326, 0.022189, -0.771601, 0.634788, 0.040941, 0.010161, -0.082280, -0.163420, 0.983119, 0.186248, 0.000000, 0.000000, 0.000000, 1.000000, -0.082280, -0.163420, 0.983119, 0.255248, -0.630763, -0.755207, -0.178326, -0.013189, 0.771601, -0.634788, -0.040941, 0.246912, 0.000000, 0.000000, 0.000000, 1.000000, -0.984463, 0.161802, 0.068212, -0.017262, 0.054455, -0.087992, 0.994632, -0.037981, 0.166935, 0.982892, 0.077814, -0.044481, 0.000000, 0.000000, 0.000000, 1.000000
3.6938, 21.9956, 10.4696, 186.2526, 255.2526, -12.9956, 246.6039, -17.0771, -38.0233, -44.4763, 0.627302, 0.757364, 0.181364, 0.021996, -0.772461, 0.634705, 0.021304, 0.010470, -0.098978, -0.153461, 0.983185, 0.186253, 0.000000, 0.000000, 0.000000, 1.000000, -0.098978, -0.153461, 0.983185, 0.255253, -0.627302, -0.757364, -0.181364, -0.012996, 0.772461, -0.634705, -0.021304, 0.246604, 0.000000, 0.000000, 0.000000, 1.000000, -0.985368, 0.161530, 0.054383, -0.017077, 0.042165, -0.078127, 0.996051, -0.038023, 0.165140, 0.983771, 0.070173, -0.044476, 0.000000, 0.000000, 0.000000, 1.000000
3.9617, 21.9392, 10.6470, 186.4026, 255.4026, -12.9392, 246.4264, -17.0536, -37.8955, -44.4335, 0.629174, 0.757499, 0.174171, 0.021939, -0.771843, 0.635318, 0.025093, 0.010647, -0.091646, -0.150220, 0.984396, 0.186403, 0.000000, 0.000000, 0.000000, 1.000000, -0.091646, -0.150220, 0.984396, 0.255403, -0.629174, -0.757499, -0.174171, -0.012939, 0.771843, -0.635318, -0.025093, 0.246426, 0.000000, 0.000000, 0.000000, 1.000000, -0.984576, 0.162054, 0.065940, -0.017054, 0.054300, -0.075239, 0.995686, -0.037896, 0.166316, 0.983909, 0.065279, -0.044433, 0.000000, 0.000000, 0.000000, 1.000000
4.2484, 21.6460, 10.7527, 186.1777, 255.1777, -12.6460, 246.3208, -17.0392, -38.1699, -44.5919, 0.627138, 0.754479, 0.193543, 0.021646, -0.772313, 0.634591, 0.028733, 0.010753, -0.101143, -0.167495, 0.980671, 0.186178, 0.000000, 0.000000, 0.000000, 1.000000, -0.101143, -0.167495, 0.980671, 0.255178, -0.627138, -0.754479, -0.193543, -0.012646, 0.772313, -0.634591, -0.028733, 0.246321, 0.000000, 0.000000, 0.000000, 1.000000, -0.985003, 0.160170, 0.064144, -0.017039, 0.049636, -0.092991, 0.994429, -0.038170, 0.165242, 0.982699, 0.083647, -0.044592, 0.000000, 0.000000, 0.000000, 1.000000
4.5070, 21.4860, 11.1784, 186.2358, 255.2358, -12.4860, 245.8950, -16.7576, -38.1687, -44.5060, 0.623841, 0.757862, 0.190964, 0.021486, -0.772078, 0.635528, 0.000061, 0.011178, -0.121317, -0.147478, 0.981597, 0.186236, 0.000000, 0.000000, 0.000000, 1.000000, -0.121317, -0.147478, 0.981597, 0.255236, -0.623841, -0.757862, -0.190964, -0.012486, 0.772078, -0.635528, -0.000061, 0.245895, 0.000000, 0.000000, 0.000000, 1.000000, -0.985798, 0.161729, 0.045225, -0.016758, 0.033737, -0.073086, 0.996755, -0.038169, 0.164509, 0.984125, 0.066592, -0.044506, 0.000000, 0.000000, 0.000000, 1.000000
4.7569, 21.3895, 11.3857, 186.3675, 255.3675, -12.3895, 245.6878, -16.6786, -38.0717, -44.4823, 0.624881, 0.758651, 0.184317, 0.021390, -0.771856, 0.635797, -0.000162, 0.011386, -0.117311, -0.142165, 0.982867, 0.186368, 0.000000, 0.000000, 0.000000, 1.000000, -0.117311, -0.142165, 0.982867, 0.255368, -0.624881, -0.758651, -0.184317, -0.012390, 0.771856, -0.635797, 0.000162, 0.245688, 0.000000, 0.000000, 0.000000, 1.000000, -0.985375, 0.162030, 0.052751, -0.016679, 0.042177, -0.068022, 0.996792, -0.038072, 0.165098, 0.984439, 0.060193, -0.044482, 0.000000, 0.000000, 0.000000, 1.000000
5.0401, 21.2289, 11.5222, 186.2569, 255.2569, -12.2289, 245.5513, -16.6871, -38.2194, -44.5225, 0.622295, 0.758485, 0.193520, 0.021229, -0.772016, 0.635547, -0.008431, 0.011522, -0.129386, -0.144154, 0.981060, 0.186257, 0.000000, 0.000000, 0.000000, 1.000000, -0.129386, -0.144154, 0.981060, 0.255257, -0.622295, -0.758485, -0.193520, -0.012229, 0.772016, -0.635547, 0.008431, 0.245551, 0.000000, 0.000000, 0.000000, 1.000000, -0.985848, 0.161262, 0.045807, -0.016687, 0.034823, -0.070293, 0.996918, -0.038219, 0.163985, 0.984405, 0.063683, -0.044522, 0.000000, 0.000000, 0.000000, 1.000000
5.3194, 21.0883, 11.8035, 186.3676, 255.3676, -12.0883, 245.2699, -16.5447, -38.1595, -44.4957, 0.623076, 0.759173, 0.188235, 0.021088, -0.771700, 0.635904, -0.010271, 0.011804, -0.127497, -0.138861, 0.982070, 0.186368, 0.000000, 0.000000, 0.000000, 1.000000, -0.127497, -0.138861, 0.982070, 0.255368, -0.623076, -0.759173, -0.188235, -0.012088, 0.771700, -0.635904, 0.010271, 0.245270, 0.000000, 0.000000, 0.000000, 1.000000, -0.985480, 0.161712, 0.051746, -0.016545, 0.041634, -0.065306, 0.996996, -0.038160, 0.164606, 0.984675, 0.057625, -0.044496, 0.000000, 0.000000, 0.000000, 1.000000
5.5666, 20.8599, 11.9250, 186.2522, 255.2522, -11.8599, 245.1484, -16.5124, -38.3239, -44.6036, 0.621317, 0.756661, 0.203541, 0.020860, -0.772051, 0.635533, -0.005870, 0.011925, -0.133798, -0.153497, 0.979049, 0.186252, 0.000000, 0.000000, 0.000000, 1.000000, -0.133798, -0.153497, 0.979049, 0.255252, -0.621317, -0.756661, -0.203541, -0.011860, 0.772051, -0.635533, 0.005870, 0.245148, 0.000000, 0.000000, 0.000000, 1.000000, -0.985746, 0.160003, 0.051991, -0.016512, 0.039492, -0.080335, 0.995985, -0.038324, 0.163538, 0.983842, 0.072872, -0.044604, 0.000000, 0.000000, 0.000000, 1.000000
5.8278, 20.7625, 12.1334, 186.4287, 255.4287, -11.7625, 244.9401, -16.4312, -38.1889, -44.5840, 0.621713, 0.758449, 0.195521, 0.020762, -0.772176, 0.635342, -0.009224, 0.012133, -0.131219, -0.145242, 0.980656, 0.186429, 0.000000, 0.000000, 0.000000, 1.000000, -0.131219, -0.145242, 0.980656, 0.255429, -0.621713, -0.758449, -0.195521, -0.011762, 0.772176, -0.635342, 0.009224, 0.244940, 0.000000, 0.000000, 0.000000, 1.000000, -0.985434, 0.159959, 0.057729, -0.016431, 0.046648, -0.072189, 0.996300, -0.038189, 0.163534, 0.984481, 0.063676, -0.044584, 0.000000, 0.000000, 0.000000, 1.000000
6.0959, 20.6281, 12.2498, 186.2914, 255.2914, -11.6281, 244.8237, -16.4673, -38.3609, -44.6096, 0.620266, 0.757185, 0.204794, 0.020628, -0.771805, 0.635729, -0.012894, 0.012250, -0.139957, -0.150064, 0.978720, 0.186291, 0.000000, 0.000000, 0.000000, 1.000000, -0.139957, -0.150064, 0.978720, 0.255291, -0.620266, -0.757185, -0.204794, -0.011628, 0.771805, -0.635729, 0.012894, 0.244824, 0.000000, 0.000000, 0.000000, 1.000000, -0.985655, 0.159754, 0.054437, -0.016467, 0.042460, -0.077452, 0.996092, -0.038361, 0.163346, 0.984114, 0.069558, -0.044610, 0.000000, 0.000000, 0.000000, 1.000000
6.3549, 20.4979, 12.4808, 186.4021, 255.4021, -11.4979, 244.5926, -16.3596, -38.3008, -44.6005, 0.619919, 0.758472, 0.201049, 0.020498, -0.771938, 0.635467, -0.017138, 0.012481, -0.140759, -0.144573, 0.979431, 0.186402, 0.000000, 0.000000, 0.000000, 1.000000, -0.140759, -0.144573, 0.979431, 0.255402, -0.619919, -0.758472, -0.201049, -0.011498, 0.771938, -0.635467, 0.017138, 0.244593, 0.000000, 0.000000, 0.000000, 1.000000, -0.985540, 0.159507, 0.057176, -0.016360, 0.046134, -0.072094, 0.996330, -0.038301, 0.163043, 0.984561, 0.063693, -0.044600, 0.000000, 0.000000, 0.000000, 1.000000
6.6153, 20.3767, 12.7158, 186.4429, 255.4429, -11.3767, 244.3576, -16.2655, -38.3098, -44.5742, 0.618919, 0.758973, 0.202236, 0.020377, -0.771421, 0.635821, -0.025337, 0.012716, -0.147816, -0.140328, 0.979009, 0.186443, 0.000000, 0.000000, 0.000000, 1.000000, -0.147816, -0.140328, 0.979009, 0.255443, -0.618919, -0.758973, -0.202236, -0.011377, 0.771421, -0.635821, 0.025337, 0.244358, 0.000000, 0.000000, 0.000000, 1.000000, -0.985641, 0.159993, 0.053982, -0.016265, 0.043526, -0.068157, 0.996725, -0.038310, 0.163148, 0.984762, 0.060215, -0.044574, 0.000000, 0.000000, 0.000000, 1.000000
6.8816, 20.1513, 12.8711, 186.3250, 255.3250, -11.1513, 244.2024, -16.2229, -38.4860, -44.6607, 0.617843, 0.757376, 0.211308, 0.020151, -0.770993, 0.636299, -0.026336, 0.012871, -0.154401, -0.146646, 0.977065, 0.186325, 0.000000, 0.000000, 0.000000, 1.000000, -0.154401, -0.146646, 0.977065, 0.255325, -0.617843, -0.757376, -0.211308, -0.011151, 0.770993, -0.636299, 0.026336, 0.244202, 0.000000, 0.000000, 0.000000, 1.000000, -0.985737, 0.159709, 0.053055, -0.016223, 0.041481, -0.074954, 0.996324, -0.038486, 0.163098, 0.984315, 0.067260, -0.044661, 0.000000, 0.000000, 0.000000, 1.000000
7.1589, 20.0459, 13.1490, 186.4130, 255.4130, -11.0459, 243.9245, -16.1028, -38.4541, -44.6033, 0.615899, 0.759337, 0.209942, 0.020046, -0.770708, 0.635978, -0.039267, 0.013149, -0.163335, -0.137619, 0.976925, 0.186413, 0.000000, 0.000000, 0.000000, 1.000000, -0.163335, -0.137619, 0.976925, 0.255413, -0.615899, -0.759337, -0.209942, -0.011046, 0.770708, -0.635978, 0.039267, 0.243924, 0.000000, 0.000000, 0.000000, 1.000000, -0.986011, 0.159811, 0.047359, -0.016103, 0.037191, -0.066032, 0.997124, -0.038454, 0.162478, 0.984937, 0.059164, -0.044603, 0.000000, 0.000000, 0.000000, 1.000000
7.4204, 19.8594, 13.2824, 186.4329, 255.4329, -10.8594, 243.7911, -16.0705, -38.4890, -44.6816, 0.615661, 0.757519, 0.217086, 0.019859, -0.771011, 0.635984, -0.032656, 0.013282, -0.162801, -0.147271, 0.975606, 0.186433, 0.000000, 0.000000, 0.000000, 1.000000, -0.162801, -0.147271, 0.975606, 0.255433, -0.615661, -0.757519, -0.217086, -0.010859, 0.771011, -0.635984, 0.032656, 0.243791, 0.000000, 0.000000, 0.000000, 1.000000, -0.985878, 0.158548, 0.053921, -0.016070, 0.042254, -0.076064, 0.996207, -0.038489, 0.162048, 0.984417, 0.068290, -0.044682, 0.000000, 0.000000, 0.000000, 1.000000
7.6964, 19.7715, 13.5278, 186.5293, 255.5293, -10.7715, 243.5457, -15.9838, -38.4453, -44.6263, 0.615194, 0.759210, 0.212452, 0.019771, -0.770611, 0.635971, -0.041233, 0.013528, -0.166418, -0.138351, 0.976301, 0.186529, 0.000000, 0.000000, 0.000000, 1.000000, -0.166418, -0.138351, 0.976301, 0.255529, -0.615194, -0.759210, -0.212452, -0.010771, 0.770611, -0.635971, 0.041233, 0.243546, 0.000000, 0.000000, 0.000000, 1.000000, -0.985802, 0.159103, 0.053664, -0.015984, 0.043395, -0.067330, 0.996787, -0.038445, 0.162205, 0.984963, 0.059469, -0.044626, 0.000000, 0.000000, 0.000000, 1.000000
7.9679, 19.5935, 13.7350, 186.5505, 255.5505, -10.5935, 243.3384, -15.8988, -38.4890, -44.6599, 0.613902, 0.759275, 0.215931, 0.019594, -0.770583, 0.635767, -0.044735, 0.013735, -0.171248, -0.138930, 0.975383, 0.186551, 0.000000, 0.000000, 0.000000, 1.000000, -0.171248, -0.138930, 0.975383, 0.255551, -0.613902, -0.759275, -0.215931, -0.010594, 0.770583, -0.635767, 0.044735, 0.243338, 0.000000, 0.000000, 0.000000, 1.000000, -0.985912, 0.158465, 0.053530, -0.015899, 0.043166, -0.068137, 0.996742, -0.038489, 0.161596, 0.985011, 0.060337, -0.044660, 0.000000, 0.000000, 0.000000, 1.000000
8.2268, 19.4379, 13.9426, 186.5630, 255.5630, -10.4379, 243.1309, -15.8178, -38.5383, -44.6740, 0.612557, 0.759306, 0.219611, 0.019438, -0.770168, 0.635858, -0.050266, 0.013943, -0.177809, -0.138347, 0.974292, 0.186563, 0.000000, 0.000000, 0.000000, 1.000000, -0.177809, -0.138347, 0.974292, 0.255563, -0.612557, -0.759306, -0.219611, -0.010438, 0.770168, -0.635858, 0.050266, 0.243131, 0.000000, 0.000000, 0.000000, 1.000000, -0.986051, 0.158340, 0.051305, -0.015818, 0.040973, -0.067840, 0.996855, -0.038538, 0.161322, 0.985051, 0.060406, -0.044674, 0.000000, 0.000000, 0.000000, 1.000000
8.4931, 19.2996, 14.1619, 186.5880, 255.5880, -10.2996, 242.9115, -15.7377, -38.5752, -44.6681, 0.612533, 0.759313, 0.219652, 0.019300, -0.769526, 0.636343, -0.053831, 0.014162, -0.180649, -0.136055, 0.974092, 0.186588, 0.000000, 0.000000, 0.000000, 1.000000, -0.180649, -0.136055, 0.974092, 0.255588, -0.612533, -0.759313, -0.219652, -0.010300, 0.769526, -0.636343, 0.053831, 0.242912, 0.000000, 0.000000, 0.000000, 1.000000, -0.985880, 0.158915, 0.052798, -0.015738, 0.042759, -0.065944, 0.996907, -0.038575, 0.161905, 0.985088, 0.058218, -0.044668, 0.000000, 0.000000, 0.000000, 1.000000
8.7561, 19.1278, 14.3375, 186.4607, 255.4607, -10.1278, 242.7360, -15.7097, -38.7624, -44.6968, 0.610242, 0.759835, 0.224178, 0.019128, -0.769277, 0.635954, -0.061446, 0.014337, -0.189256, -0.134958, 0.972609, 0.186461, 0.000000, 0.000000, 0.000000, 1.000000, -0.189256, -0.134958, 0.972609, 0.255461, -0.610242, -0.759835, -0.224178, -0.010128, 0.769277, -0.635954, 0.061446, 0.242736, 0.000000, 0.000000, 0.000000, 1.000000, -0.986210, 0.158267, 0.048385, -0.015710, 0.038491, -0.064996, 0.997143, -0.038762, 0.160960, 0.985255, 0.058007, -0.044697, 0.000000, 0.000000, 0.000000, 1.000000
9.0277, 18.9727, 14.5438, 186.5607, 255.5607, -9.9727, 242.5296, -15.6214, -38.7312, -44.7195, 0.609255, 0.759119, 0.229228, 0.018973, -0.768830, 0.636275, -0.063671, 0.014544, -0.194186, -0.137446, 0.971288, 0.186561, 0.000000, 0.000000, 0.000000, 1.000000, -0.194186, -0.137446, 0.971288, 0.255561, -0.609255, -0.759119, -0.229228, -0.009973, 0.768830, -0.636275, 0.063671, 0.242530, 0.000000, 0.000000, 0.000000, 1.000000, -0.986241, 0.158031, 0.048524, -0.015621, 0.038176, -0.067874, 0.996963, -0.038731, 0.160845, 0.985099, 0.060907, -0.044719, 0.000000, 0.000000, 0.000000, 1.000000
9.2927, 18.7916, 14.7481, 186.5057, 255.5057, -9.7916, 242.3254, -15.5523, -38.8568, -44.7493, 0.607363, 0.759901, 0.231648, 0.018792, -0.768614, 0.635817, -0.070496, 0.014748, -0.200856, -0.135232, 0.970242, 0.186506, 0.000000, 0.000000, 0.000000, 1.000000, -0.200856, -0.135232, 0.970242, 0.255506, -0.607363, -0.759901, -0.231648, -0.009792, 0.768614, -0.635817, 0.070496, 0.242325, 0.000000, 0.000000, 0.000000, 1.000000, -0.986459, 0.157450, 0.045909, -0.015552, 0.035910, -0.065774, 0.997188, -0.038857, 0.160027, 0.985334, 0.059230, -0.044749, 0.000000, 0.000000, 0.000000, 1.000000
9.5594, 18.6481, 14.9245, 186.6008, 255.6008, -9.6481, 242.1490, -15.4930, -38.8269, -44.7767, 0.607009, 0.759116, 0.235123, 0.018648, -0.768702, 0.635919, -0.068591, 0.014924, -0.201588, -0.139105, 0.969542, 0.186601, 0.000000, 0.000000, 0.000000, 1.000000, -0.201588, -0.139105, 0.969542, 0.255601, -0.607009, -0.759116, -0.235123, -0.009648, 0.768702, -0.635919, 0.068591, 0.242149, 0.000000, 0.000000, 0.000000, 1.000000, -0.986357, 0.156724, 0.050371, -0.015493, 0.039785, -0.069968, 0.996756, -0.038827, 0.159740, 0.985161, 0.062778, -0.044777, 0.000000, 0.000000, 0.000000, 1.000000
9.8330, 18.5753, 15.1758, 186.7888, 255.7888, -9.5753, 241.8977, -15.3856, -38.7051, -44.7155, 0.607445, 0.760190, 0.230483, 0.018575, -0.768370, 0.635907, -0.072317, 0.015176, -0.201541, -0.133167, 0.970385, 0.186789, 0.000000, 0.000000, 0.000000, 1.000000, -0.201541, -0.133167, 0.970385, 0.255789, -0.607445, -0.760190, -0.230483, -0.009575, 0.768370, -0.635907, 0.072317, 0.241898, 0.000000, 0.000000, 0.000000, 1.000000, -0.986066, 0.157249, 0.054285, -0.015386, 0.044634, -0.064273, 0.996934, -0.038705, 0.160256, 0.985465, 0.056359, -0.044716, 0.000000, 0.000000, 0.000000, 1.000000
10.0993, 18.3238, 15.3467, 186.6221, 255.6221, -9.3238, 241.7268, -15.3408, -38.9530, -44.8101, 0.604314, 0.759112, 0.241978, 0.018324, -0.767945, 0.635876, -0.076957, 0.015347, -0.212287, -0.139319, 0.967225, 0.186622, 0.000000, 0.000000, 0.000000, 1.000000, -0.212287, -0.139319, 0.967225, 0.255622, -0.604314, -0.759112, -0.241978, -0.009324, 0.767945, -0.635876, 0.076957, 0.241727, 0.000000, 0.000000, 0.000000, 1.000000, -0.986552, 0.155981, 0.048838, -0.015341, 0.038165, -0.070704, 0.996767, -0.038953, 0.158930, 0.985226, 0.063800, -0.044810, 0.000000, 0.000000, 0.000000, 1.000000
10.3720, 18.2060, 15.5358, 186.7614, 255.7614, -9.2060, 241.5376, -15.2759, -38.8816, -44.8134, 0.604116, 0.759460, 0.241380, 0.018206, -0.767782, 0.635829, -0.078947, 0.015536, -0.213434, -0.137634, 0.967214, 0.186761, 0.000000, 0.000000, 0.000000, 1.000000, -0.213434, -0.137634, 0.967214, 0.255761, -0.604116, -0.759460, -0.241380, -0.009206, 0.767782, -0.635829, 0.078947, 0.241538, 0.000000, 0.000000, 0.000000, 1.000000, -0.986404, 0.155847, 0.052137, -0.015276, 0.041739, -0.069264, 0.996725, -0.038882, 0.158948, 0.985350, 0.061817, -0.044813, 0.000000, 0.000000, 0.000000, 1.000000
10.6128, 18.0313, 15.8100, 186.7842, 255.7842, -9.0313, 241.2634, -15.1184, -38.9485, -44.8127, 0.602839, 0.759419, 0.244679, 0.018031, -0.767091, 0.636009, -0.084047, 0.015810, -0.219445, -0.137025, 0.965955, 0.186784, 0.000000, 0.000000, 0.000000, 1.000000, -0.219445, -0.137025, 0.965955, 0.255784, -0.602839, -0.759419, -0.244679, -0.009031, 0.767091, -0.636009, 0.084047, 0.241263, 0.000000, 0.000000, 0.000000, 1.000000, -0.986504, 0.155878, 0.050124, -0.015118, 0.039754, -0.068950, 0.996828, -0.038948, 0.158840, 0.985367, 0.061822, -0.044813, 0.000000, 0.000000, 0.000000, 1.000000
10.9009, 17.8670, 15.9546, 186.6944, 255.6944, -8.8670, 241.1189, -15.1365, -39.1043, -44.8520, 0.600353, 0.759243, 0.251250, 0.017867, -0.766280, 0.636030, -0.090998, 0.015955, -0.228892, -0.137897, 0.963635, 0.186694, 0.000000, 0.000000, 0.000000, 1.000000, -0.228892, -0.137897, 0.963635, 0.255694, -0.600353, -0.759243, -0.251250, -0.008867, 0.766280, -0.636030, 0.090998, 0.241119, 0.000000, 0.000000, 0.000000, 1.000000, -0.986797, 0.155415, 0.045577, -0.015136, 0.035002, -0.070113, 0.996925, -0.039104, 0.158133, 0.985358, 0.063747, -0.044852, 0.000000, 0.000000, 0.000000, 1.000000
11.1634, 17.7317, 16.1743, 186.6721, 255.6721, -8.7317, 240.8991, -15.0711, -39.2012, -44.8380, 0.599444, 0.760181, 0.250582, 0.017732, -0.765592, 0.635881, -0.097591, 0.016174, -0.233527, -0.133343, 0.963164, 0.186672, 0.000000, 0.000000, 0.000000, 1.000000, -0.233527, -0.133343, 0.963164, 0.255672, -0.599444, -0.760181, -0.250582, -0.008732, 0.765592, -0.635881, 0.097591, 0.240899, 0.000000, 0.000000, 0.000000, 1.000000, -0.986794, 0.155686, 0.044707, -0.015071, 0.034805, -0.065758, 0.997228, -0.039201, 0.158194, 0.985615, 0.059471, -0.044838, 0.000000, 0.000000, 0.000000, 1.000000
11.4394, 17.6436, 16.3814, 186.9461, 255.9461, -8.6436, 240.6921, -14.9721, -39.0030, -44.8217, 0.600213, 0.759615, 0.250459, 0.017644, -0.765277, 0.636451, -0.096335, 0.016381, -0.232582, -0.133849, 0.963322, 0.186946, 0.000000, 0.000000, 0.000000, 1.000000, -0.232582, -0.133849, 0.963322, 0.255946, -0.600213, -0.759615, -0.250459, -0.008644, 0.765277, -0.636451, 0.096335, 0.240692, 0.000000, 0.000000, 0.000000, 1.000000, -0.986460, 0.155986, 0.050650, -0.014972, 0.040636, -0.066736, 0.996943, -0.039003, 0.158889, 0.985502, 0.059494, -0.044822, 0.000000, 0.000000, 0.000000, 1.000000
11.7145, 17.4200, 16.5645, 186.7872, 255.7872, -8.4200, 240.5090, -14.9419, -39.2480, -44.8856, 0.597027, 0.760098, 0.256535, 0.017420, -0.765221, 0.635584, -0.102320, 0.016564, -0.240823, -0.135219, 0.961104, 0.186787, 0.000000, 0.000000, 0.000000, 1.000000, -0.240823, -0.135219, 0.961104, 0.255787, -0.597027, -0.760098, -0.256535, -0.008420, 0.765221, -0.635584, 0.102320, 0.240509, 0.000000, 0.000000, 0.000000, 1.000000, -0.986900, 0.154350, 0.046959, -0.014942, 0.036795, -0.068059, 0.997003, -0.039248, 0.157083, 0.985669, 0.061488, -0.044886, 0.000000, 0.000000, 0.000000, 1.000000
12.0026, 17.2263, 16.8313, 186.8550, 255.8550, -8.2263, 240.2422, -14.8051, -39.2858, -44.9063, 0.596087, 0.759531, 0.260372, 0.017226, -0.764320, 0.636104, -0.105771, 0.016831, -0.245960, -0.135959, 0.959697, 0.186855, 0.000000, 0.000000, 0.000000, 1.000000, -0.245960, -0.135959, 0.959697, 0.255855, -0.596087, -0.759531, -0.260372, -0.008226, 0.764320, -0.636104, 0.105771, 0.240242, 0.000000, 0.000000, 0.000000, 1.000000, -0.986878, 0.154512, 0.046885, -0.014805, 0.036518, -0.069263, 0.996930, -0.039286, 0.157285, 0.985560, 0.062712, -0.044906, 0.000000, 0.000000, 0.000000, 1.000000
12.2744, 17.0783, 17.0647, 186.9443, 255.9443, -8.0783, 240.0087, -14.7010, -39.2880, -44.9080, 0.594058, 0.760495, 0.262190, 0.017078, -0.763808, 0.635519, -0.112753, 0.017065, -0.252375, -0.133281, 0.958407, 0.186944, 0.000000, 0.000000, 0.000000, 1.000000, -0.252375, -0.133281, 0.958407, 0.255944, -0.594058, -0.760495, -0.262190, -0.008078, 0.763808, -0.635519, 0.112753, 0.240009, 0.000000, 0.000000, 0.000000, 1.000000, -0.987073, 0.153974, 0.044495, -0.014701, 0.034557, -0.066634, 0.997179, -0.039288, 0.156505, 0.985825, 0.060452, -0.044908, 0.000000, 0.000000, 0.000000, 1.000000
12.5635, 17.0031, 17.2650, 187.1039, 256.1039, -8.0031, 239.8085, -14.6506, -39.2027, -44.8705, 0.595258, 0.759877, 0.261257, 0.017003, -0.763394, 0.636275, -0.111285, 0.017265, -0.250794, -0.133198, 0.958833, 0.187104, 0.000000, 0.000000, 0.000000, 1.000000, -0.250794, -0.133198, 0.958833, 0.256104, -0.595258, -0.759877, -0.261257, -0.008003, 0.763394, -0.636275, 0.111285, 0.239808, 0.000000, 0.000000, 0.000000, 1.000000, -0.986648, 0.154583, 0.051287, -0.014651, 0.041305, -0.067113, 0.996890, -0.039203, 0.157544, 0.985698, 0.059832, -0.044871, 0.000000, 0.000000, 0.000000, 1.000000
12.8465, 16.7796, 17.4277, 186.9592, 255.9592, -7.7796, 239.6458, -14.6447, -39.4365, -44.9450, 0.592288, 0.759689, 0.268455, 0.016780, -0.762798, 0.635996, -0.116828, 0.017428, -0.259489, -0.135581, 0.956182, 0.186959, 0.000000, 0.000000, 0.000000, 1.000000, -0.259489, -0.135581, 0.956182, 0.255959, -0.592288, -0.759689, -0.268455, -0.007780, 0.762798, -0.635996, 0.116828, 0.239646, 0.000000, 0.000000, 0.000000, 1.000000, -0.987017, 0.153434, 0.047482, -0.014645, 0.037130, -0.069645, 0.996881, -0.039436, 0.156262, 0.985701, 0.063044, -0.044945, 0.000000, 0.000000, 0.000000, 1.000000
13.1504, 16.6736, 17.6883, 187.0738, 256.0738, -7.6736, 239.3852, -14.5520, -39.4164, -44.8977, 0.591646, 0.760799, 0.266722, 0.016674, -0.761997, 0.635759, -0.123171, 0.017688, -0.263279, -0.130368, 0.955870, 0.187074, 0.000000, 0.000000, 0.000000, 1.000000, -0.263279, -0.130368, 0.955870, 0.256074, -0.591646, -0.760799, -0.266722, -0.007674, 0.761997, -0.635759, 0.123171, 0.239385, 0.000000, 0.000000, 0.000000, 1.000000, -0.986923, 0.153851, 0.048086, -0.014552, 0.038506, -0.064658, 0.997164, -0.039416, 0.156524, 0.985976, 0.057888, -0.044898, 0.000000, 0.000000, 0.000000, 1.000000
13.4238, 16.4705, 17.9490, 187.1250, 256.1250, -7.4705, 239.1245, -14.4126, -39.4807, -44.9285, 0.589939, 0.760635, 0.270935, 0.016471, -0.760721, 0.636067, -0.129316, 0.017949, -0.270696, -0.129817, 0.953872, 0.187125, 0.000000, 0.000000, 0.000000, 1.000000, -0.270696, -0.129817, 0.953872, 0.256125, -0.589939, -0.760635, -0.270935, -0.007471, 0.760721, -0.636067, 0.129316, 0.239124, 0.000000, 0.000000, 0.000000, 1.000000, -0.987033, 0.154038, 0.045150, -0.014413, 0.035554, -0.064492, 0.997285, -0.039481, 0.156531, 0.985958, 0.058179, -0.044928, 0.000000, 0.000000, 0.000000, 1.000000
13.6951, 16.2867, 18.0908, 187.0835, 256.0835, -7.2867, 238.9826, -14.4084, -39.6065, -44.9916, 0.588254, 0.759815, 0.276837, 0.016287, -0.761328, 0.635768, -0.127194, 0.018091, -0.272648, -0.135942, 0.952461, 0.187083, 0.000000, 0.000000, 0.000000, 1.000000, -0.272648, -0.135942, 0.952461, 0.256083, -0.588254, -0.759815, -0.276837, -0.007287, 0.761328, -0.635768, 0.127194, 0.238983, 0.000000, 0.000000, 0.000000, 1.000000, -0.987180, 0.152047, 0.048555, -0.014408, 0.038137, -0.070699, 0.996768, -0.039606, 0.154989, 0.985841, 0.063994, -0.044992, 0.000000, 0.000000, 0.000000, 1.000000
13.9566, 16.1218, 18.3493, 187.1916, 256.1916, -7.1218, 238.7241, -14.2642, -39.6102, -44.9980, 0.586062, 0.760732, 0.278960, 0.016122, -0.759826, 0.635555, -0.136874, 0.018349, -0.281419, -0.131744, 0.950498, 0.187192, 0.000000, 0.000000, 0.000000, 1.000000, -0.281419, -0.131744, 0.950498, 0.256192, -0.586062, -0.760732, -0.278960, -0.007122, 0.759826, -0.635555, 0.136874, 0.238724, 0.000000, 0.000000, 0.000000, 1.000000, -0.987368, 0.152388, 0.043394, -0.014264, 0.033534, -0.066691, 0.997210, -0.039610, 0.154857, 0.986068, 0.060739, -0.044998, 0.000000, 0.000000, 0.000000, 1.000000
14.2185, 16.0509, 18.5493, 187.3485, 256.3485, -7.0509, 238.5242, -14.1969, -39.5343, -44.9588, 0.586010, 0.760939, 0.278504, 0.016051, -0.759620, 0.635537, -0.138095, 0.018549, -0.282081, -0.130632, 0.950455, 0.187348, 0.000000, 0.000000, 0.000000, 1.000000, -0.282081, -0.130632, 0.950455, 0.256348, -0.586010, -0.760939, -0.278504, -0.007051, 0.759620, -0.635537, 0.138095, 0.238524, 0.000000, 0.000000, 0.000000, 1.000000, -0.987209, 0.152314, 0.047095, -0.014197, 0.037413, -0.065824, 0.997130, -0.039534, 0.154977, 0.986138, 0.059284, -0.044959, 0.000000, 0.000000, 0.000000, 1.000000
14.4857, 15.8568, 18.6810, 187.2484, 256.2484, -6.8568, 238.3925, -14.2137, -39.7193, -45.0291, 0.584832, 0.760166, 0.283051, 0.015857, -0.759319, 0.635787, -0.138595, 0.018681, -0.285316, -0.133872, 0.949038, 0.187248, 0.000000, 0.000000, 0.000000, 1.000000, -0.285316, -0.133872, 0.949038, 0.256248, -0.584832, -0.760166, -0.283051, -0.006857, 0.759319, -0.635787, 0.138595, 0.238392, 0.000000, 0.000000, 0.000000, 1.000000, -0.987240, 0.151567, 0.048827, -0.014214, 0.038651, -0.069375, 0.996842, -0.039719, 0.154476, 0.986009, 0.062632, -0.045029, 0.000000, 0.000000, 0.000000, 1.000000
14.7483, 15.6843, 18.9438, 187.2882, 256.2882, -6.6843, 238.1297, -14.0850, -39.7958, -45.0317, 0.582010, 0.760730, 0.287324, 0.015684, -0.758102, 0.635416, -0.146724, 0.018944, -0.294188, -0.132426, 0.946529, 0.187288, 0.000000, 0.000000, 0.000000, 1.000000, -0.294188, -0.132426, 0.946529, 0.256288, -0.582010, -0.760730, -0.287324, -0.006684, 0.758102, -0.635416, 0.146724, 0.238130, 0.000000, 0.000000, 0.000000, 1.000000, -0.987539, 0.151139, 0.043863, -0.014085, 0.033877, -0.068026, 0.997108, -0.039796, 0.153685, 0.986169, 0.062058, -0.045032, 0.000000, 0.000000, 0.000000, 1.000000
15.0010, 15.5577, 19.1662, 187.4128, 256.4128, -6.5577, 237.9073, -13.9776, -39.7732, -45.0258, 0.581777, 0.760731, 0.287791, 0.015558, -0.757174, 0.635775, -0.149928, 0.019166, -0.297026, -0.130683, 0.945885, 0.187413, 0.000000, 0.000000, 0.000000, 1.000000, -0.297026, -0.130683, 0.945885, 0.256413, -0.581777, -0.760731, -0.287791, -0.006558, 0.757174, -0.635775, 0.149928, 0.237907, 0.000000, 0.000000, 0.000000, 1.000000, -0.987397, 0.151690, 0.045143, -0.013978, 0.035344, -0.066689, 0.997148, -0.039773, 0.154268, 0.986176, 0.060487, -0.045026, 0.000000, 0.000000, 0.000000, 1.000000
15.2470, 15.4246, 19.3003, 187.4038, 256.4038, -6.4246, 237.7731, -13.9790, -39.8596, -45.0544, 0.580901, 0.760479, 0.290218, 0.015425, -0.757053, 0.635758, -0.150604, 0.019300, -0.299039, -0.132224, 0.945036, 0.187404, 0.000000, 0.000000, 0.000000, 1.000000, -0.299039, -0.132224, 0.945036, 0.256404, -0.580901, -0.760479, -0.290218, -0.006425, 0.757053, -0.635758, 0.150604, 0.237773, 0.000000, 0.000000, 0.000000, 1.000000, -0.987391, 0.151010, 0.047488, -0.013979, 0.037483, -0.068422, 0.996952, -0.039860, 0.153799, 0.986161, 0.061899, -0.045054, 0.000000, 0.000000, 0.000000, 1.000000
15.5241, 15.3005, 19.4724, 187.4052, 256.4052, -6.3005, 237.6011, -13.9717, -39.9449, -45.0554, 0.578856, 0.760700, 0.293701, 0.015301, -0.755749, 0.635740, -0.157091, 0.019472, -0.306217, -0.131032, 0.942901, 0.187405, 0.000000, 0.000000, 0.000000, 1.000000, -0.306217, -0.131032, 0.942901, 0.256405, -0.578856, -0.760700, -0.293701, -0.006301, 0.755749, -0.635740, 0.157091, 0.237601, 0.000000, 0.000000, 0.000000, 1.000000, -0.987533, 0.150954, 0.044627, -0.013972, 0.034744, -0.067488, 0.997115, -0.039945, 0.153530, 0.986234, 0.061402, -0.045055, 0.000000, 0.000000, 0.000000, 1.000000
15.7922, 15.1454, 19.6530, 187.4254, 256.4254, -6.1454, 237.4205, -13.9317, -40.0233, -45.0814, 0.577881, 0.760756, 0.295471, 0.015145, -0.755287, 0.635684, -0.159523, 0.019653, -0.309184, -0.130980, 0.941939, 0.187425, 0.000000, 0.000000, 0.000000, 1.000000, -0.309184, -0.130980, 0.941939, 0.256425, -0.577881, -0.760756, -0.295471, -0.006145, 0.755287, -0.635684, 0.159523, 0.237420, 0.000000, 0.000000, 0.000000, 1.000000, -0.987520, 0.150585, 0.046140, -0.013932, 0.036269, -0.067651, 0.997050, -0.040023, 0.153262, 0.986280, 0.061345, -0.045081, 0.000000, 0.000000, 0.000000, 1.000000
16.0367, 15.0075, 19.8640, 187.5845, 256.5845, -6.0075, 237.2094, -13.8120, -39.9741, -45.0955, 0.576473, 0.760783, 0.298141, 0.015008, -0.754790, 0.635557, -0.162353, 0.019864, -0.313001, -0.131442, 0.940613, 0.187584, 0.000000, 0.000000, 0.000000, 1.000000, -0.313001, -0.131442, 0.940613, 0.256584, -0.576473, -0.760783, -0.298141, -0.006008, 0.754790, -0.635557, 0.162353, 0.237209, 0.000000, 0.000000, 0.000000, 1.000000, -0.987593, 0.150026, 0.046395, -0.013812, 0.036467, -0.068262, 0.997001, -0.039974, 0.152743, 0.986323, 0.061945, -0.045096, 0.000000, 0.000000, 0.000000, 1.000000
16.3105, 14.8541, 20.0519, 187.5184, 256.5184, -5.8541, 237.0216, -13.8006, -40.1375, -45.1057, 0.574291, 0.760627, 0.302714, 0.014854, -0.753907, 0.635512, -0.166578, 0.020052, -0.319083, -0.132554, 0.938411, 0.187518, 0.000000, 0.000000, 0.000000, 1.000000, -0.319083, -0.132554, 0.938411, 0.256518, -0.574291, -0.760627, -0.302714, -0.005854, 0.753907, -0.635512, 0.166578, 0.237022, 0.000000, 0.000000, 0.000000, 1.000000, -0.987765, 0.149356, 0.044863, -0.013801, 0.034761, -0.069572, 0.996971, -0.040137, 0.152025, 0.986333, 0.063529, -0.045106, 0.000000, 0.000000, 0.000000, 1.000000
16.5784, 14.7106, 20.2744, 187.6137, 256.6137, -5.7106, 236.7990, -13.7069, -40.1567, -45.1095, 0.573068, 0.760961, 0.304192, 0.014711, -0.753199, 0.635339, -0.170398, 0.020274, -0.322931, -0.131468, 0.937247, 0.187614, 0.000000, 0.000000, 0.000000, 1.000000, -0.322931, -0.131468, 0.937247, 0.256614, -0.573068, -0.760961, -0.304192, -0.005711, 0.753199, -0.635339, 0.170398, 0.236799, 0.000000, 0.000000, 0.000000, 1.000000, -0.987783, 0.149113, 0.045279, -0.013707, 0.035338, -0.068658, 0.997014, -0.040157, 0.151777, 0.986434, 0.062550, -0.045110, 0.000000, 0.000000, 0.000000, 1.000000
16.8500, 14.5560, 20.4911, 187.6765, 256.6765, -5.5560, 236.5823, -13.6270, -40.2098, -45.1216, 0.571983, 0.761051, 0.306000, 0.014556, -0.751919, 0.635555, -0.175180, 0.020491, -0.327800, -0.129887, 0.935776, 0.187676, 0.000000, 0.000000, 0.000000, 1.000000, -0.327800, -0.129887, 0.935776, 0.256676, -0.571983, -0.761051, -0.306000, -0.005556, 0.751919, -0.635555, 0.175180, 0.236582, 0.000000, 0.000000, 0.000000, 1.000000, -0.987754, 0.149476, 0.044712, -0.013627, 0.034929, -0.067449, 0.997111, -0.040210, 0.152060, 0.986462, 0.061402, -0.045122, 0.000000, 0.000000, 0.000000, 1.000000
17.1250, 14.4860, 20.7088, 187.8826, 256.8826, -5.4860, 236.3646, -13.5360, -40.1085, -45.0778, 0.571989, 0.761456, 0.304981, 0.014486, -0.750976, 0.635690, -0.178699, 0.020709, -0.329945, -0.126820, 0.935443, 0.187883, 0.000000, 0.000000, 0.000000, 1.000000, -0.329945, -0.126820, 0.935443, 0.256883, -0.571989, -0.761456, -0.304981, -0.005486, 0.750976, -0.635690, 0.178699, 0.236365, 0.000000, 0.000000, 0.000000, 1.000000, -0.987549, 0.150165, 0.046886, -0.013536, 0.037497, -0.064760, 0.997196, -0.040109, 0.152780, 0.986538, 0.058323, -0.045078, 0.000000, 0.000000, 0.000000, 1.000000
17.3795, 14.2769, 20.8699, 187.8099, 256.8099, -5.2769, 236.2035, -13.5144, -40.2908, -45.1493, 0.569517, 0.761045, 0.310582, 0.014277, -0.750738, 0.635464, -0.180495, 0.020870, -0.334728, -0.130371, 0.933253, 0.187810, 0.000000, 0.000000, 0.000000, 1.000000, -0.334728, -0.130371, 0.933253, 0.256810, -0.569517, -0.761045, -0.310582, -0.005277, 0.750738, -0.635464, 0.180495, 0.236204, 0.000000, 0.000000, 0.000000, 1.000000, -0.987798, 0.148610, 0.046585, -0.013514, 0.036738, -0.068331, 0.996986, -0.040291, 0.151345, 0.986532, 0.062038, -0.045149, 0.000000, 0.000000, 0.000000, 1.000000
17.6528, 14.1276, 21.0522, 187.8534, 256.8534, -5.1276, 236.0212, -13.4750, -40.3562, -45.1716, 0.568193, 0.760505, 0.314306, 0.014128, -0.749480, 0.635967, -0.183917, 0.021052, -0.339758, -0.131066, 0.931336, 0.187853, 0.000000, 0.000000, 0.000000, 1.000000, -0.339758, -0.131066, 0.931336, 0.256853, -0.568193, -0.760505, -0.314306, -0.005128, 0.749480, -0.635967, 0.183917, 0.236021, 0.000000, 0.000000, 0.000000, 1.000000, -0.987805, 0.148685, 0.046193, -0.013475, 0.036160, -0.069488, 0.996927, -0.040356, 0.151438, 0.986440, 0.063264, -0.045172, 0.000000, 0.000000, 0.000000, 1.000000
17.9141, 14.0181, 21.2709, 188.0358, 257.0358, -5.0181, 235.8025, -13.3641, -40.2921, -45.1593, 0.567355, 0.761427, 0.313587, 0.014018, -0.748515, 0.635596, -0.189057, 0.021271, -0.343268, -0.127462, 0.930549, 0.188036, 0.000000, 0.000000, 0.000000, 1.000000, -0.343268, -0.127462, 0.930549, 0.257036, -0.567355, -0.761427, -0.313587, -0.005018, 0.748515, -0.635596, 0.189057, 0.235803, 0.000000, 0.000000, 0.000000, 1.000000, -0.987747, 0.148974, 0.046498, -0.013364, 0.036982, -0.066025, 0.997132, -0.040292, 0.151617, 0.986634, 0.059707, -0.045159, 0.000000, 0.000000, 0.000000, 1.000000
18.1824, 13.8346, 21.4523, 188.0458, 257.0458, -4.8346, 235.6211, -13.3193, -40.4007, -45.2074, 0.565746, 0.760974, 0.317569, 0.013835, -0.748436, 0.635536, -0.189573, 0.021452, -0.346086, -0.130430, 0.929092, 0.188046, 0.000000, 0.000000, 0.000000, 1.000000, -0.346086, -0.130430, 0.929092, 0.257046, -0.565746, -0.760974, -0.317569, -0.004835, 0.748436, -0.635536, 0.189573, 0.235621, 0.000000, 0.000000, 0.000000, 1.000000, -0.987841, 0.147721, 0.048459, -0.013319, 0.038568, -0.069103, 0.996864, -0.040401, 0.150607, 0.986612, 0.062565, -0.045207, 0.000000, 0.000000, 0.000000, 1.000000
18.4559, 13.6993, 21.6529, 188.0631, 257.0631, -4.6993, 235.4205, -13.2819, -40.4953, -45.2052, 0.563930, 0.761013, 0.320689, 0.013699, -0.746698, 0.635751, -0.195609, 0.021653, -0.352740, -0.129148, 0.926766, 0.188063, 0.000000, 0.000000, 0.000000, 1.000000, -0.352740, -0.129148, 0.926766, 0.257063, -0.563930, -0.761013, -0.320689, -0.004699, 0.746698, -0.635751, 0.195609, 0.235421, 0.000000, 0.000000, 0.000000, 1.000000, -0.987911, 0.148029, 0.046028, -0.013282, 0.036234, -0.068198, 0.997014, -0.040495, 0.150726, 0.986629, 0.062010, -0.045205, 0.000000, 0.000000, 0.000000, 1.000000
18.7161, 13.5705, 21.9223, 188.2576, 257.2576, -4.5705, 235.1512, -13.1153, -40.4442, -45.1856, 0.562058, 0.761722, 0.322289, 0.013570, -0.745661, 0.635271, -0.201046, 0.021922, -0.357882, -0.127319, 0.925046, 0.188258, 0.000000, 0.000000, 0.000000, 1.000000, -0.357882, -0.127319, 0.925046, 0.257258, -0.562058, -0.761722, -0.322289, -0.004570, 0.745661, -0.635271, 0.201046, 0.235151, 0.000000, 0.000000, 0.000000, 1.000000, -0.988018, 0.147711, 0.044733, -0.013115, 0.035220, -0.066402, 0.997171, -0.040444, 0.150263, 0.986799, 0.060404, -0.045186, 0.000000, 0.000000, 0.000000, 1.000000
18.9875, 13.4595, 22.0973, 188.3831, 257.3831, -4.4595, 234.9762, -13.0672, -40.4286, -45.1889, 0.562960, 0.761189, 0.321975, 0.013459, -0.745246, 0.635951, -0.200434, 0.022097, -0.357328, -0.127114, 0.925288, 0.188383, 0.000000, 0.000000, 0.000000, 1.000000, -0.357328, -0.127114, 0.925288, 0.257383, -0.562960, -0.761189, -0.321975, -0.004459, 0.745246, -0.635951, 0.200434, 0.234976, 0.000000, 0.000000, 0.000000, 1.000000, -0.987675, 0.148261, 0.050160, -0.013067, 0.040606, -0.066782, 0.996941, -0.040429, 0.151157, 0.986691, 0.059939, -0.045189, 0.000000, 0.000000, 0.000000, 1.000000
19.2551, 13.2949, 22.2574, 188.3118, 257.3118, -4.2949, 234.8161, -13.0814, -40.6057, -45.2212, 0.559872, 0.761064, 0.327605, 0.013295, -0.744177, 0.635724, -0.205074, 0.022257, -0.364340, -0.128981, 0.922291, 0.188312, 0.000000, 0.000000, 0.000000, 1.000000, -0.364340, -0.128981, 0.922291, 0.257312, -0.559872, -0.761064, -0.327605, -0.004295, 0.744177, -0.635724, 0.205074, 0.234816, 0.000000, 0.000000, 0.000000, 1.000000, -0.987983, 0.147098, 0.047443, -0.013081, 0.037645, -0.068690, 0.996928, -0.040606, 0.149905, 0.986734, 0.062327, -0.045221, 0.000000, 0.000000, 0.000000, 1.000000
19.5322, 13.1218, 22.5030, 188.3772, 257.3772, -4.1218, 234.5704, -12.9771, -40.6861, -45.2342, 0.557513, 0.762260, 0.328845, 0.013122, -0.742735, 0.634943, -0.212583, 0.022503, -0.370842, -0.125727, 0.920146, 0.188377, 0.000000, 0.000000, 0.000000, 1.000000, -0.370842, -0.125727, 0.920146, 0.257377, -0.557513, -0.762260, -0.328845, -0.004122, 0.742735, -0.634943, 0.212583, 0.234570, 0.000000, 0.000000, 0.000000, 1.000000, -0.988141, 0.146888, 0.044738, -0.012977, 0.035432, -0.065373, 0.997232, -0.040686, 0.149406, 0.986991, 0.059393, -0.045234, 0.000000, 0.000000, 0.000000, 1.000000
19.7976, 13.0184, 22.6690, 188.5071, 257.5071, -4.0184, 234.4045, -12.9344, -40.6652, -45.2365, 0.557722, 0.761467, 0.330324, 0.013018, -0.742238, 0.635669, -0.212150, 0.022669, -0.371522, -0.126859, 0.919716, 0.188507, 0.000000, 0.000000, 0.000000, 1.000000, -0.371522, -0.126859, 0.919716, 0.257507, -0.557722, -0.761467, -0.330324, -0.004018, 0.742238, -0.635669, 0.212150, 0.234404, 0.000000, 0.000000, 0.000000, 1.000000, -0.987917, 0.147069, 0.048893, -0.012934, 0.039358, -0.067065, 0.996972, -0.040665, 0.149903, 0.986850, 0.060466, -0.045236, 0.000000, 0.000000, 0.000000, 1.000000
19.9903, 12.8733, 22.8156, 188.5099, 257.5099, -3.8733, 234.2579, -12.8886, -40.7627, -45.2733, 0.556021, 0.760998, 0.334249, 0.012873, -0.741309, 0.635914, -0.214650, 0.022816, -0.375902, -0.128432, 0.917716, 0.188510, 0.000000, 0.000000, 0.000000, 1.000000, -0.375902, -0.128432, 0.917716, 0.257510, -0.556021, -0.760998, -0.334249, -0.003873, 0.741309, -0.635914, 0.214650, 0.234258, 0.000000, 0.000000, 0.000000, 1.000000, -0.988040, 0.146618, 0.047741, -0.012889, 0.037950, -0.068866, 0.996904, -0.040763, 0.149452, 0.986793, 0.062479, -0.045273, 0.000000, 0.000000, 0.000000, 1.000000
20.0048, 12.7044, 23.0524, 188.5801, 257.5801, -3.7044, 234.0210, -12.6067, -40.8188, -45.3063, 0.553415, 0.761653, 0.337070, 0.012704, -0.739690, 0.635464, -0.221461, 0.023052, -0.382873, -0.126768, 0.915062, 0.188580, 0.000000, 0.000000, 0.000000, 1.000000, -0.382873, -0.126768, 0.915062, 0.257580, -0.553415, -0.761653, -0.337070, -0.003704, 0.739690, -0.635464, 0.221461, 0.234021, 0.000000, 0.000000, 0.000000, 1.000000, -0.988376, 0.146618, 0.040197, -0.012607, 0.030614, -0.067038, 0.997281, -0.040819, 0.148914, 0.986919, 0.061770, -0.045306, 0.000000, 0.000000, 0.000000, 1.000000
20.0059, 12.6792, 23.1148, 188.6355, 257.6355, -3.6792, 233.9587, -12.5240, -40.7939, -45.3033, 0.553223, 0.761896, 0.336836, 0.012679, -0.739780, 0.635232, -0.221824, 0.023115, -0.382976, -0.126467, 0.915061, 0.188636, 0.000000, 0.000000, 0.000000, 1.000000, -0.382976, -0.126467, 0.915061, 0.257636, -0.553223, -0.761896, -0.336836, -0.003679, 0.739780, -0.635232, 0.221824, 0.233959, 0.000000, 0.000000, 0.000000, 1.000000, -0.988409, 0.146444, 0.040018, -0.012524, 0.030508, -0.066626, 0.997312, -0.040794, 0.148717, 0.986973, 0.061386, -0.045303, 0.000000, 0.000000, 0.000000, 1.000000
