# Joint_5_Angle(deg), Cam_X(mm), Cam_Y(mm), Cam_Z(mm), Torso_X(mm), Torso_Y(mm), Torso_Z(mm), EE_X(mm), EE_Y(mm), EE_Z(mm), T_cam2marker_flat(16), T_torso2marker_flat(16), T_ee2marker_flat(16)
-9.9653, 19.2513, 4.2898, 160.5477, 182.5477, -19.2513, 195.7836, 152.2666, 35.9971, 35.9431, 0.612831, 0.789959, 0.020059, 0.019251, -0.789740, 0.613145, -0.019070, 0.004290, -0.027364, -0.004154, 0.999617, 0.160548, 0.000000, 0.000000, 0.000000, 1.000000, -0.027364, -0.004154, 0.999617, 0.182548, -0.612831, -0.789959, -0.020059, -0.019251, 0.789740, -0.613145, 0.019070, 0.195784, 0.000000, 0.000000, 0.000000, 1.000000, -0.048119, -0.050439, -0.997567, 0.152267, -0.998179, 0.038804, 0.046187, 0.035997, 0.036380, 0.997973, -0.052214, 0.035943, 0.000000, 0.000000, 0.000000, 1.000000
-9.8440, 19.2212, 4.2579, 160.5744, 182.5744, -19.2212, 195.8155, 152.4300, 35.9906, 36.2210, 0.612852, 0.789911, 0.021290, 0.019221, -0.789781, 0.613181, -0.015954, 0.004258, -0.025657, -0.007037, 0.999646, 0.160574, 0.000000, 0.000000, 0.000000, 1.000000, -0.025657, -0.007037, 0.999646, 0.182574, -0.612852, -0.789911, -0.021290, -0.019221, 0.789781, -0.613181, 0.015954, 0.195816, 0.000000, 0.000000, 0.000000, 1.000000, -0.049898, -0.049676, -0.997518, 0.152430, -0.998099, 0.038650, 0.048003, 0.035991, 0.036169, 0.998017, -0.051510, 0.036221, 0.000000, 0.000000, 0.000000, 1.000000
-9.7277, 19.0781, 4.1783, 160.8619, 182.8619, -19.0781, 195.8951, 152.3351, 36.0302, 36.3505, 0.612806, 0.789850, 0.024628, 0.019078, -0.789678, 0.613246, -0.018400, 0.004178, -0.029636, -0.008173, 0.999527, 0.160862, 0.000000, 0.000000, 0.000000, 1.000000, -0.029636, -0.008173, 0.999527, 0.182862, -0.612806, -0.789850, -0.024628, -0.019078, 0.789678, -0.613246, 0.018400, 0.195895, 0.000000, 0.000000, 0.000000, 1.000000, -0.046004, -0.050563, -0.997661, 0.152335, -0.998280, 0.038654, 0.044074, 0.036030, 0.036335, 0.997973, -0.052254, 0.036350, 0.000000, 0.000000, 0.000000, 1.000000
-9.6082, 18.9136, 4.0111, 161.2287, 183.2287, -18.9136, 196.0624, 152.1663, 36.0168, 36.4144, 0.612896, 0.789572, 0.030571, 0.018914, -0.789652, 0.613433, -0.012259, 0.004011, -0.028432, -0.016627, 0.999457, 0.161229, 0.000000, 0.000000, 0.000000, 1.000000, -0.028432, -0.016627, 0.999457, 0.183229, -0.612896, -0.789572, -0.030571, -0.018914, 0.789652, -0.613433, 0.012259, 0.196062, 0.000000, 0.000000, 0.000000, 1.000000, -0.047285, -0.044199, -0.997903, 0.152166, -0.998223, 0.038348, 0.045602, 0.036017, 0.036252, 0.998287, -0.045934, 0.036414, 0.000000, 0.000000, 0.000000, 1.000000
-9.4871, 18.8062, 3.9170, 161.3241, 183.3241, -18.8062, 196.1565, 152.2666, 36.0098, 36.5879, 0.612803, 0.789834, 0.025186, 0.018806, -0.789790, 0.613216, -0.014051, 0.003917, -0.026542, -0.011281, 0.999584, 0.161324, 0.000000, 0.000000, 0.000000, 1.000000, -0.026542, -0.011281, 0.999584, 0.183324, -0.612803, -0.789834, -0.025186, -0.018806, 0.789790, -0.613216, 0.014051, 0.196156, 0.000000, 0.000000, 0.000000, 1.000000, -0.049237, -0.051659, -0.997450, 0.152267, -0.998143, 0.038412, 0.047281, 0.036010, 0.035871, 0.997926, -0.053455, 0.036588, 0.000000, 0.000000, 0.000000, 1.000000
-9.3509, 18.7040, 3.6957, 161.6068, 183.6068, -18.7040, 196.3777, 152.2007, 35.9103, 36.7191, 0.614190, 0.788940, 0.018577, 0.018704, -0.788995, 0.614371, -0.005903, 0.003696, -0.016070, -0.011032, 0.999810, 0.161607, 0.000000, 0.000000, 0.000000, 1.000000, -0.016070, -0.011032, 0.999810, 0.183607, -0.614190, -0.788940, -0.018577, -0.018704, 0.788995, -0.614371, 0.005903, 0.196378, 0.000000, 0.000000, 0.000000, 1.000000, -0.059862, -0.054169, -0.996736, 0.152201, -0.997534, 0.039886, 0.057742, 0.035910, 0.036628, 0.997735, -0.056423, 0.036719, 0.000000, 0.000000, 0.000000, 1.000000
-9.2349, 18.5136, 3.6324, 161.9600, 183.9600, -18.5136, 196.4411, 152.0456, 35.9953, 36.8117, 0.613223, 0.789526, 0.024634, 0.018514, -0.789460, 0.613628, -0.014615, 0.003632, -0.026655, -0.010485, 0.999590, 0.161960, 0.000000, 0.000000, 0.000000, 1.000000, -0.026655, -0.010485, 0.999590, 0.183960, -0.613223, -0.789526, -0.024634, -0.018514, 0.789460, -0.613628, 0.014615, 0.196441, 0.000000, 0.000000, 0.000000, 1.000000, -0.049317, -0.056805, -0.997166, 0.152046, -0.998127, 0.038983, 0.047144, 0.035995, 0.036194, 0.997624, -0.058621, 0.036812, 0.000000, 0.000000, 0.000000, 1.000000
-9.1110, 18.2990, 3.5073, 162.3569, 184.3569, -18.2990, 196.5662, 151.8608, 36.0475, 36.8656, 0.612904, 0.789458, 0.033239, 0.018299, -0.789566, 0.613530, -0.012877, 0.003507, -0.030559, -0.018352, 0.999364, 0.162357, 0.000000, 0.000000, 0.000000, 1.000000, -0.030559, -0.018352, 0.999364, 0.184357, -0.612904, -0.789458, -0.033239, -0.018299, 0.789566, -0.613530, 0.012877, 0.196566, 0.000000, 0.000000, 0.000000, 1.000000, -0.045482, -0.051133, -0.997656, 0.151861, -0.998314, 0.038366, 0.043546, 0.036047, 0.036050, 0.997955, -0.052791, 0.036866, 0.000000, 0.000000, 0.000000, 1.000000
-8.9864, 18.2599, 3.3263, 162.4102, 184.4102, -18.2599, 196.7472, 152.0001, 35.9272, 37.0547, 0.613394, 0.789475, 0.021847, 0.018260, -0.789640, 0.613568, -0.001635, 0.003326, -0.014695, -0.016248, 0.999760, 0.162410, 0.000000, 0.000000, 0.000000, 1.000000, -0.014695, -0.016248, 0.999760, 0.184410, -0.613394, -0.789475, -0.021847, -0.018260, 0.789640, -0.613568, 0.001635, 0.196747, 0.000000, 0.000000, 0.000000, 1.000000, -0.061389, -0.055395, -0.996575, 0.152000, -0.997496, 0.038541, 0.059303, 0.035927, 0.035124, 0.997720, -0.057623, 0.037055, 0.000000, 0.000000, 0.000000, 1.000000
-8.8530, 18.1591, 3.2318, 162.6245, 184.6245, -18.1591, 196.8416, 152.0006, 35.9248, 37.2558, 0.614015, 0.789184, 0.013211, 0.018159, -0.789126, 0.614144, -0.010346, 0.003232, -0.016278, -0.004073, 0.999859, 0.162624, 0.000000, 0.000000, 0.000000, 1.000000, -0.016278, -0.004073, 0.999859, 0.184624, -0.614015, -0.789184, -0.013211, -0.018159, 0.789126, -0.614144, 0.010346, 0.196842, 0.000000, 0.000000, 0.000000, 1.000000, -0.059954, -0.069786, -0.995759, 0.152001, -0.997555, 0.040070, 0.057254, 0.035925, 0.035904, 0.996757, -0.072018, 0.037256, 0.000000, 0.000000, 0.000000, 1.000000
-8.7359, 17.8760, 3.0821, 163.1420, 185.1420, -17.8760, 196.9914, 151.6932, 36.0055, 37.2097, 0.613260, 0.789225, 0.032184, 0.017876, -0.789536, 0.613687, -0.004556, 0.003082, -0.023347, -0.022616, 0.999472, 0.163142, 0.000000, 0.000000, 0.000000, 1.000000, -0.023347, -0.022616, 0.999472, 0.185142, -0.613260, -0.789225, -0.032184, -0.017876, 0.789536, -0.613687, 0.004556, 0.196991, 0.000000, 0.000000, 0.000000, 1.000000, -0.052925, -0.053397, -0.997170, 0.151693, -0.997968, 0.038316, 0.050915, 0.036006, 0.035489, 0.997838, -0.055317, 0.037210, 0.000000, 0.000000, 0.000000, 1.000000
-8.6186, 17.7572, 2.9198, 163.3253, 185.3253, -17.7572, 197.1537, 151.7013, 35.9562, 37.3150, 0.613664, 0.789122, 0.026509, 0.017757, -0.789361, 0.613925, -0.002265, 0.002920, -0.018062, -0.019535, 0.999646, 0.163325, 0.000000, 0.000000, 0.000000, 1.000000, -0.018062, -0.019535, 0.999646, 0.185325, -0.613664, -0.789122, -0.026509, -0.017757, 0.789361, -0.613925, 0.002265, 0.197154, 0.000000, 0.000000, 0.000000, 1.000000, -0.058292, -0.058489, -0.996585, 0.151701, -0.997672, 0.038795, 0.056079, 0.035956, 0.035382, 0.997534, -0.060615, 0.037315, 0.000000, 0.000000, 0.000000, 1.000000
-8.4955, 17.7001, 2.7836, 163.4818, 185.4818, -17.7001, 197.2898, 151.7386, 35.8903, 37.5023, 0.613975, 0.789078, 0.019747, 0.017700, -0.789249, 0.614071, 0.001468, 0.002784, -0.010968, -0.016486, 0.999804, 0.163482, 0.000000, 0.000000, 0.000000, 1.000000, -0.010968, -0.016486, 0.999804, 0.185482, -0.613975, -0.789078, -0.019747, -0.017700, 0.789249, -0.614071, -0.001468, 0.197290, 0.000000, 0.000000, 0.000000, 1.000000, -0.065452, -0.063655, -0.995823, 0.151739, -0.997242, 0.039162, 0.063042, 0.035890, 0.034985, 0.997203, -0.066043, 0.037502, 0.000000, 0.000000, 0.000000, 1.000000
-8.3793, 17.4891, 2.6806, 163.9618, 185.9618, -17.4891, 197.3928, 151.4614, 35.9644, 37.5391, 0.614136, 0.788509, 0.033009, 0.017489, -0.788976, 0.614422, 0.001855, 0.002681, -0.018819, -0.027183, 0.999453, 0.163962, 0.000000, 0.000000, 0.000000, 1.000000, -0.018819, -0.027183, 0.999453, 0.185962, -0.614136, -0.788509, -0.033009, -0.017489, 0.788976, -0.614422, -0.001855, 0.197393, 0.000000, 0.000000, 0.000000, 1.000000, -0.057737, -0.054983, -0.996817, 0.151461, -0.997689, 0.038992, 0.055636, 0.035964, 0.035809, 0.997726, -0.057107, 0.037539, 0.000000, 0.000000, 0.000000, 1.000000
-8.2690, 17.3530, 2.5446, 164.2071, 186.2071, -17.3530, 197.5289, 151.4000, 35.9510, 37.6202, 0.613889, 0.788904, 0.027758, 0.017353, -0.789232, 0.614094, 0.001447, 0.002545, -0.015905, -0.022796, 0.999614, 0.164207, 0.000000, 0.000000, 0.000000, 1.000000, -0.015905, -0.022796, 0.999614, 0.186207, -0.613889, -0.788904, -0.027758, -0.017353, 0.789232, -0.614094, -0.001447, 0.197529, 0.000000, 0.000000, 0.000000, 1.000000, -0.060674, -0.061309, -0.996273, 0.151400, -0.997540, 0.038819, 0.058363, 0.035951, 0.035096, 0.997364, -0.063514, 0.037620, 0.000000, 0.000000, 0.000000, 1.000000
-8.1360, 17.2689, 2.3842, 164.2863, 186.2863, -17.2689, 197.6892, 151.5321, 35.8755, 37.8031, 0.614319, 0.788753, 0.021945, 0.017269, -0.789050, 0.614200, 0.012589, 0.002384, -0.003548, -0.025049, 0.999680, 0.164286, 0.000000, 0.000000, 0.000000, 1.000000, -0.003548, -0.025049, 0.999680, 0.186286, -0.614319, -0.788753, -0.021945, -0.017269, 0.789050, -0.614200, -0.012589, 0.197689, 0.000000, 0.000000, 0.000000, 1.000000, -0.073078, -0.061366, -0.995437, 0.151532, -0.996736, 0.038827, 0.070779, 0.035875, 0.034307, 0.997360, -0.064003, 0.037803, 0.000000, 0.000000, 0.000000, 1.000000
-8.0158, 17.0912, 2.2541, 164.6323, 186.6323, -17.0912, 197.8194, 151.3910, 35.8984, 37.8703, 0.614211, 0.788686, 0.026824, 0.017091, -0.789099, 0.614176, 0.010489, 0.002254, -0.008202, -0.027609, 0.999585, 0.164632, 0.000000, 0.000000, 0.000000, 1.000000, -0.008202, -0.027609, 0.999585, 0.186632, -0.614211, -0.788686, -0.026824, -0.017091, 0.789099, -0.614176, -0.010489, 0.197819, 0.000000, 0.000000, 0.000000, 1.000000, -0.068516, -0.060909, -0.995789, 0.151391, -0.997055, 0.038659, 0.066238, 0.035898, 0.034462, 0.997394, -0.063378, 0.037870, 0.000000, 0.000000, 0.000000, 1.000000
-7.8985, 16.9976, 2.2132, 164.9194, 186.9195, -16.9976, 197.8603, 151.2949, 35.9406, 38.0544, 0.613994, 0.789027, 0.021162, 0.016998, -0.789128, 0.614208, -0.005028, 0.002213, -0.016965, -0.013612, 0.999763, 0.164919, 0.000000, 0.000000, 0.000000, 1.000000, -0.016965, -0.013612, 0.999763, 0.186919, -0.613994, -0.789027, -0.021162, -0.016998, 0.789128, -0.614208, 0.005028, 0.197860, 0.000000, 0.000000, 0.000000, 1.000000, -0.059859, -0.076889, -0.995241, 0.151295, -0.997595, 0.039514, 0.056948, 0.035941, 0.034947, 0.996256, -0.079070, 0.038054, 0.000000, 0.000000, 0.000000, 1.000000
-7.7680, 16.8958, 2.0280, 165.0968, 187.0968, -16.8958, 198.0455, 151.3281, 35.8624, 38.1920, 0.614256, 0.788851, 0.020080, 0.016896, -0.789093, 0.614198, 0.009660, 0.002028, -0.004713, -0.021779, 0.999752, 0.165097, 0.000000, 0.000000, 0.000000, 1.000000, -0.004713, -0.021779, 0.999752, 0.187097, -0.614256, -0.788851, -0.020080, -0.016896, 0.789093, -0.614198, -0.009660, 0.198045, 0.000000, 0.000000, 0.000000, 1.000000, -0.072133, -0.071030, -0.994862, 0.151328, -0.996820, 0.039008, 0.069490, 0.035862, 0.033872, 0.996711, -0.073618, 0.038192, 0.000000, 0.000000, 0.000000, 1.000000
-7.6496, 16.7021, 1.8737, 165.4930, 187.4930, -16.7021, 198.1998, 151.1371, 35.8787, 38.2202, 0.614402, 0.788540, 0.026749, 0.016702, -0.788990, 0.614138, 0.018128, 0.001874, -0.002133, -0.032243, 0.999478, 0.165493, 0.000000, 0.000000, 0.000000, 1.000000, -0.002133, -0.032243, 0.999478, 0.187493, -0.614402, -0.788540, -0.026749, -0.016702, 0.788990, -0.614138, -0.018128, 0.198200, 0.000000, 0.000000, 0.000000, 1.000000, -0.074781, -0.062666, -0.995229, 0.151137, -0.996632, 0.038373, 0.072471, 0.035879, 0.033649, 0.997297, -0.065325, 0.038220, 0.000000, 0.000000, 0.000000, 1.000000
-7.5274, 16.5648, 1.6889, 165.6926, 187.6926, -16.5648, 198.3846, 151.1405, 35.8231, 38.3041, 0.614660, 0.788515, 0.020914, 0.016565, -0.788787, 0.614342, 0.019982, 0.001689, 0.002908, -0.028779, 0.999582, 0.165693, 0.000000, 0.000000, 0.000000, 1.000000, 0.002908, -0.028779, 0.999582, 0.187693, -0.614660, -0.788515, -0.020914, -0.016565, 0.788787, -0.614342, -0.019982, 0.198385, 0.000000, 0.000000, 0.000000, 1.000000, -0.079887, -0.068227, -0.994466, 0.151141, -0.996247, 0.038807, 0.077368, 0.035823, 0.033313, 0.996915, -0.071071, 0.038304, 0.000000, 0.000000, 0.000000, 1.000000
-7.4052, 16.4128, 1.5717, 166.0464, 188.0464, -16.4128, 198.5017, 150.9931, 35.8421, 38.3998, 0.614697, 0.788450, 0.022228, 0.016413, -0.788755, 0.614317, 0.021891, 0.001572, 0.003605, -0.030989, 0.999513, 0.166046, 0.000000, 0.000000, 0.000000, 1.000000, 0.003605, -0.030989, 0.999513, 0.188046, -0.614697, -0.788450, -0.022228, -0.016413, 0.788755, -0.614317, -0.021891, 0.198502, 0.000000, 0.000000, 0.000000, 1.000000, -0.080653, -0.068152, -0.994410, 0.150993, -0.996192, 0.038663, 0.078148, 0.035842, 0.033120, 0.996926, -0.071011, 0.038400, 0.000000, 0.000000, 0.000000, 1.000000
-7.2666, 16.3248, 1.4988, 166.2279, 188.2279, -16.3248, 198.5747, 151.0335, 35.8473, 38.6331, 0.614531, 0.788573, 0.022443, 0.016325, -0.788893, 0.614285, 0.017405, 0.001499, -0.000061, -0.028401, 0.999597, 0.166228, 0.000000, 0.000000, 0.000000, 1.000000, -0.000061, -0.028401, 0.999597, 0.188228, -0.614531, -0.788573, -0.022443, -0.016325, 0.788893, -0.614285, -0.017405, 0.198575, 0.000000, 0.000000, 0.000000, 1.000000, -0.077076, -0.073147, -0.994338, 0.151034, -0.996476, 0.038754, 0.074391, 0.035847, 0.033094, 0.996568, -0.075876, 0.038633, 0.000000, 0.000000, 0.000000, 1.000000
-7.1383, 16.1959, 1.3454, 166.5469, 188.5469, -16.1959, 198.7280, 150.9273, 35.8211, 38.7443, 0.614919, 0.788391, 0.017727, 0.016196, -0.788560, 0.614546, 0.022492, 0.001345, 0.006838, -0.027810, 0.999590, 0.166547, 0.000000, 0.000000, 0.000000, 1.000000, 0.006838, -0.027810, 0.999590, 0.188547, -0.614919, -0.788391, -0.017727, -0.016196, 0.788560, -0.614546, -0.022492, 0.198728, 0.000000, 0.000000, 0.000000, 1.000000, -0.084042, -0.075942, -0.993564, 0.150927, -0.995926, 0.039116, 0.081252, 0.035821, 0.032694, 0.996345, -0.078920, 0.038744, 0.000000, 0.000000, 0.000000, 1.000000
-7.0064, 16.0426, 1.2353, 166.8705, 188.8705, -16.0426, 198.8381, 150.8251, 35.8444, 38.8690, 0.614407, 0.788787, 0.017854, 0.016043, -0.788987, 0.614198, 0.016134, 0.001235, 0.001760, -0.024000, 0.999710, 0.166870, 0.000000, 0.000000, 0.000000, 1.000000, 0.001760, -0.024000, 0.999710, 0.188870, -0.614407, -0.788787, -0.017854, -0.016043, 0.788987, -0.614198, -0.016134, 0.198838, 0.000000, 0.000000, 0.000000, 1.000000, -0.079014, -0.082061, -0.993490, 0.150825, -0.996347, 0.038882, 0.076030, 0.035844, 0.032390, 0.995869, -0.084834, 0.038869, 0.000000, 0.000000, 0.000000, 1.000000
-6.8647, 15.9467, 1.0660, 167.0286, 189.0286, -15.9467, 199.0074, 150.8947, 35.7743, 39.0487, 0.614716, 0.788693, 0.009394, 0.015947, -0.788656, 0.614416, 0.022704, 0.001066, 0.012135, -0.021366, 0.999698, 0.167029, 0.000000, 0.000000, 0.000000, 1.000000, 0.012135, -0.021366, 0.999698, 0.189029, -0.614716, -0.788693, -0.009394, -0.015947, 0.788656, -0.614416, -0.022704, 0.199007, 0.000000, 0.000000, 0.000000, 1.000000, -0.089419, -0.087124, -0.992176, 0.150895, -0.995496, 0.039307, 0.086267, 0.035774, 0.031484, 0.995422, -0.090247, 0.039049, 0.000000, 0.000000, 0.000000, 1.000000
-6.7419, 15.7980, 0.9479, 167.3615, 189.3615, -15.7980, 199.1256, 150.7696, 35.7892, 39.1462, 0.614715, 0.788637, 0.013297, 0.015798, -0.788694, 0.614387, 0.022140, 0.000948, 0.009291, -0.024097, 0.999666, 0.167361, 0.000000, 0.000000, 0.000000, 1.000000, 0.009291, -0.024097, 0.999666, 0.189361, -0.614715, -0.788637, -0.013297, -0.015798, 0.788694, -0.614387, -0.022140, 0.199126, 0.000000, 0.000000, 0.000000, 1.000000, -0.086668, -0.086544, -0.992471, 0.150770, -0.995736, 0.039116, 0.083542, 0.035789, 0.031591, 0.995480, -0.089565, 0.039146, 0.000000, 0.000000, 0.000000, 1.000000
-6.6056, 14.7630, 1.0259, 167.8815, 189.8815, -14.7630, 199.0476, 150.5989, 36.4910, 38.6593, 0.604678, 0.780010, 0.161086, 0.014763, -0.789207, 0.614033, -0.010779, 0.001026, -0.107320, -0.120612, 0.986882, 0.167882, 0.000000, 0.000000, 0.000000, 1.000000, -0.107320, -0.120612, 0.986882, 0.189882, -0.604678, -0.780010, -0.161086, -0.014763, 0.789207, -0.614033, 0.010779, 0.199048, 0.000000, 0.000000, 0.000000, 1.000000, 0.030146, 0.007878, -0.999514, 0.150599, -0.998879, 0.036757, -0.029837, 0.036491, 0.036504, 0.999293, 0.008977, 0.038659, 0.000000, 0.000000, 0.000000, 1.000000
-6.4850, 14.5601, 0.8640, 168.1353, 190.1353, -14.5601, 199.2094, 150.5586, 36.4960, 38.6892, 0.604219, 0.779120, 0.167009, 0.014560, -0.789470, 0.613748, -0.007010, 0.000864, -0.107963, -0.127613, 0.985931, 0.168135, 0.000000, 0.000000, 0.000000, 1.000000, -0.107963, -0.127613, 0.985931, 0.190135, -0.604219, -0.779120, -0.167009, -0.014560, 0.789470, -0.613748, 0.007010, 0.199209, 0.000000, 0.000000, 0.000000, 1.000000, 0.030772, 0.012833, -0.999444, 0.150559, -0.998874, 0.036529, -0.030286, 0.036496, 0.036121, 0.999250, 0.013943, 0.038689, 0.000000, 0.000000, 0.000000, 1.000000
-6.3668, 15.4452, 0.5578, 168.1956, 190.1956, -15.4452, 199.5156, 150.5561, 35.7386, 39.5240, 0.614880, 0.788620, 0.001081, 0.015445, -0.788485, 0.614748, 0.019391, 0.000558, 0.014627, -0.012775, 0.999811, 0.168196, 0.000000, 0.000000, 0.000000, 1.000000, 0.014627, -0.012775, 0.999811, 0.190196, -0.614880, -0.788620, -0.001081, -0.015445, 0.788485, -0.614748, -0.019391, 0.199516, 0.000000, 0.000000, 0.000000, 1.000000, -0.092182, -0.104270, -0.990268, 0.150556, -0.995271, 0.040249, 0.088410, 0.035739, 0.030639, 0.993734, -0.107487, 0.039524, 0.000000, 0.000000, 0.000000, 1.000000
-6.2512, 14.3297, 0.6886, 168.7926, 190.7927, -14.3297, 199.3849, 150.2936, 36.5356, 38.9369, 0.603680, 0.780549, 0.162215, 0.014330, -0.789095, 0.614010, -0.017902, 0.000689, -0.113575, -0.117196, 0.986593, 0.168793, 0.000000, 0.000000, 0.000000, 1.000000, -0.113575, -0.117196, 0.986593, 0.190793, -0.603680, -0.780549, -0.162215, -0.014330, 0.789095, -0.614010, 0.017902, 0.199385, 0.000000, 0.000000, 0.000000, 1.000000, 0.036251, -0.001761, -0.999341, 0.150294, -0.998668, 0.036676, -0.036292, 0.036536, 0.036716, 0.999326, -0.000429, 0.038937, 0.000000, 0.000000, 0.000000, 1.000000
-6.1148, 14.1700, 0.5659, 168.9470, 190.9470, -14.1700, 199.5076, 150.3699, 36.5400, 39.0761, 0.603318, 0.780043, 0.165954, 0.014170, -0.789423, 0.613677, -0.014593, 0.000566, -0.113225, -0.122204, 0.986026, 0.168947, 0.000000, 0.000000, 0.000000, 1.000000, -0.113225, -0.122204, 0.986026, 0.190947, -0.603318, -0.780043, -0.165954, -0.014170, 0.789423, -0.613677, 0.014593, 0.199508, 0.000000, 0.000000, 0.000000, 1.000000, 0.035874, 0.000892, -0.999356, 0.150370, -0.998698, 0.036332, -0.035818, 0.036540, 0.036277, 0.999339, 0.002194, 0.039076, 0.000000, 0.000000, 0.000000, 1.000000
-5.9825, 14.0989, 0.4826, 169.3121, 191.3121, -14.0989, 199.5909, 150.2183, 36.5405, 39.2717, 0.603963, 0.780571, 0.161054, 0.014099, -0.788990, 0.614148, -0.017791, 0.000483, -0.112798, -0.116325, 0.986785, 0.169312, 0.000000, 0.000000, 0.000000, 1.000000, -0.112798, -0.116325, 0.986785, 0.191312, -0.603963, -0.780571, -0.161054, -0.014099, 0.788990, -0.614148, 0.017791, 0.199591, 0.000000, 0.000000, 0.000000, 1.000000, 0.035268, -0.007315, -0.999351, 0.150218, -0.998690, 0.036840, -0.035514, 0.036540, 0.037076, 0.999294, -0.006006, 0.039272, 0.000000, 0.000000, 0.000000, 1.000000
-5.8406, 13.8672, 0.3642, 169.4795, 191.4795, -13.8672, 199.7092, 150.3006, 36.5912, 39.3677, 0.602013, 0.779888, 0.171330, 0.013867, -0.788893, 0.614088, -0.023323, 0.000364, -0.123401, -0.121120, 0.984938, 0.169480, 0.000000, 0.000000, 0.000000, 1.000000, -0.123401, -0.121120, 0.984938, 0.191480, -0.602013, -0.779888, -0.171330, -0.013867, 0.788893, -0.614088, 0.023323, 0.199709, 0.000000, 0.000000, 0.000000, 1.000000, 0.045947, -0.004947, -0.998932, 0.150301, -0.998258, 0.036835, -0.046099, 0.036591, 0.037024, 0.999309, -0.003246, 0.039368, 0.000000, 0.000000, 0.000000, 1.000000
-5.7212, 13.7201, 0.1444, 169.8195, 191.8195, -13.7201, 199.9291, 150.1682, 36.5231, 39.3901, 0.603384, 0.778146, 0.174402, 0.013720, -0.789244, 0.614013, -0.009026, 0.000144, -0.114109, -0.132200, 0.984633, 0.169819, 0.000000, 0.000000, 0.000000, 1.000000, -0.114109, -0.132200, 0.984633, 0.191819, -0.603384, -0.778146, -0.174402, -0.013720, 0.789244, -0.614013, 0.009026, 0.199929, 0.000000, 0.000000, 0.000000, 1.000000, 0.036485, 0.004188, -0.999325, 0.150168, -0.998657, 0.036972, -0.036306, 0.036523, 0.036796, 0.999307, 0.005531, 0.039390, 0.000000, 0.000000, 0.000000, 1.000000
-5.5982, 13.6915, 0.0416, 170.2838, 192.2838, -13.6915, 200.0319, 149.8990, 36.4904, 39.5681, 0.604751, 0.780383, 0.158993, 0.013691, -0.789133, 0.614093, -0.012571, 0.000042, -0.107447, -0.117864, 0.987200, 0.170284, 0.000000, 0.000000, 0.000000, 1.000000, -0.107447, -0.117864, 0.987200, 0.192284, -0.604751, -0.780383, -0.158993, -0.013691, 0.789133, -0.614093, 0.012571, 0.200032, 0.000000, 0.000000, 0.000000, 1.000000, 0.029613, -0.012466, -0.999484, 0.149899, -0.998871, 0.036791, -0.030053, 0.036490, 0.037147, 0.999245, -0.011363, 0.039568, 0.000000, 0.000000, 0.000000, 1.000000
-5.4705, 13.4892, -0.0211, 170.5427, 192.5427, -13.4892, 200.0945, 149.8652, 36.5759, 39.6688, 0.602597, 0.780535, 0.166262, 0.013489, -0.789028, 0.613946, -0.022497, -0.000021, -0.119635, -0.117629, 0.985825, 0.170543, 0.000000, 0.000000, 0.000000, 1.000000, -0.119635, -0.117629, 0.985825, 0.192543, -0.602597, -0.780535, -0.166262, -0.013489, 0.789028, -0.613946, 0.022497, 0.200095, 0.000000, 0.000000, 0.000000, 1.000000, 0.041900, -0.014946, -0.999010, 0.149865, -0.998429, 0.036601, -0.042423, 0.036576, 0.037198, 0.999218, -0.013389, 0.039669, 0.000000, 0.000000, 0.000000, 1.000000
-5.3407, 13.4363, -0.1671, 170.9162, 192.9162, -13.4363, 200.2405, 149.7005, 36.5155, 39.8298, 0.604706, 0.780931, 0.156455, 0.013436, -0.788779, 0.614410, -0.018105, -0.000167, -0.110266, -0.112461, 0.987519, 0.170916, 0.000000, 0.000000, 0.000000, 1.000000, -0.110266, -0.112461, 0.987519, 0.192916, -0.604706, -0.780931, -0.156455, -0.013436, 0.788779, -0.614410, 0.018105, 0.200241, 0.000000, 0.000000, 0.000000, 1.000000, 0.032230, -0.022386, -0.999230, 0.149701, -0.998764, 0.037126, -0.033047, 0.036515, 0.037838, 0.999060, -0.021162, 0.039830, 0.000000, 0.000000, 0.000000, 1.000000
-5.2240, 13.1934, -0.4225, 171.1007, 193.1007, -13.1934, 200.4960, 149.7350, 36.4627, 39.7655, 0.605065, 0.777578, 0.171083, 0.013193, -0.789192, 0.614146, -0.000197, -0.000423, -0.105223, -0.134899, 0.985256, 0.171101, 0.000000, 0.000000, 0.000000, 1.000000, -0.105223, -0.134899, 0.985256, 0.193101, -0.605065, -0.777578, -0.171083, -0.013193, 0.789192, -0.614146, 0.000197, 0.200496, 0.000000, 0.000000, 0.000000, 1.000000, 0.027126, -0.001734, -0.999630, 0.149735, -0.998938, 0.037212, -0.027172, 0.036463, 0.037246, 0.999306, -0.000723, 0.039766, 0.000000, 0.000000, 0.000000, 1.000000
-5.0935, 13.1552, -0.4016, 171.3447, 193.3447, -13.1552, 200.4751, 149.6934, 36.5197, 40.0540, 0.604192, 0.779609, 0.164805, 0.013155, -0.788753, 0.614520, -0.015332, -0.000402, -0.113229, -0.120727, 0.986207, 0.171345, 0.000000, 0.000000, 0.000000, 1.000000, -0.113229, -0.120727, 0.986207, 0.193345, -0.604192, -0.779609, -0.164805, -0.013155, 0.788753, -0.614520, 0.015332, 0.200475, 0.000000, 0.000000, 0.000000, 1.000000, 0.035072, -0.018330, -0.999217, 0.149693, -0.998662, 0.037376, -0.035738, 0.036520, 0.038002, 0.999133, -0.016995, 0.040054, 0.000000, 0.000000, 0.000000, 1.000000
-4.9737, 13.0036, -0.5503, 171.6554, 193.6554, -13.0036, 200.6238, 149.5919, 36.5098, 40.1145, 0.604244, 0.779454, 0.165351, 0.013004, -0.789152, 0.614099, -0.011020, -0.000550, -0.110131, -0.123828, 0.986173, 0.171655, 0.000000, 0.000000, 0.000000, 1.000000, -0.110131, -0.123828, 0.986173, 0.193655, -0.604244, -0.779454, -0.165351, -0.013004, 0.789152, -0.614099, 0.011020, 0.200624, 0.000000, 0.000000, 0.000000, 1.000000, 0.031937, -0.017323, -0.999340, 0.149592, -0.998789, 0.036897, -0.032559, 0.036510, 0.037437, 0.999169, -0.016123, 0.040114, 0.000000, 0.000000, 0.000000, 1.000000
-4.8454, 12.9236, -0.6078, 172.0901, 194.0901, -12.9236, 200.6812, 149.3672, 36.5415, 40.2888, 0.604185, 0.781565, 0.155294, 0.012924, -0.789155, 0.613890, -0.019314, -0.000608, -0.110429, -0.110882, 0.987679, 0.172090, 0.000000, 0.000000, 0.000000, 1.000000, -0.110429, -0.110882, 0.987679, 0.194090, -0.604185, -0.781565, -0.155294, -0.012924, 0.789155, -0.613890, 0.019314, 0.200681, 0.000000, 0.000000, 0.000000, 1.000000, 0.032156, -0.032667, -0.998949, 0.149367, -0.998779, 0.036452, -0.033343, 0.036542, 0.037503, 0.998801, -0.031455, 0.040289, 0.000000, 0.000000, 0.000000, 1.000000
-4.7219, 12.8188, -0.7866, 172.4257, 194.4257, -12.8188, 200.8601, 149.2404, 36.4818, 40.3731, 0.605578, 0.779791, 0.158752, 0.012819, -0.788755, 0.614622, -0.010232, -0.000787, -0.105551, -0.119020, 0.987265, 0.172426, 0.000000, 0.000000, 0.000000, 1.000000, -0.105551, -0.119020, 0.987265, 0.194426, -0.605578, -0.779791, -0.158752, -0.012819, 0.788755, -0.614622, 0.010232, 0.200860, 0.000000, 0.000000, 0.000000, 1.000000, 0.027027, -0.026525, -0.999283, 0.149240, -0.998905, 0.037479, -0.028012, 0.036482, 0.038195, 0.998945, -0.025483, 0.040373, 0.000000, 0.000000, 0.000000, 1.000000
-4.5896, 12.6047, -0.9133, 172.6027, 194.6027, -12.6047, 200.9867, 149.2998, 36.5163, 40.4465, 0.604217, 0.779372, 0.165834, 0.012605, -0.788740, 0.614556, -0.014458, -0.000913, -0.113183, -0.122064, 0.986048, 0.172603, 0.000000, 0.000000, 0.000000, 1.000000, -0.113183, -0.122064, 0.986048, 0.194603, -0.604217, -0.779372, -0.165834, -0.012605, 0.788740, -0.614556, 0.014458, 0.200987, 0.000000, 0.000000, 0.000000, 1.000000, 0.034686, -0.025759, -0.999066, 0.149300, -0.998663, 0.037445, -0.035638, 0.036516, 0.038328, 0.998967, -0.024425, 0.040447, 0.000000, 0.000000, 0.000000, 1.000000
-4.4684, 12.5658, -1.0352, 173.1059, 195.1059, -12.5658, 201.1086, 148.9927, 36.4769, 40.5838, 0.605666, 0.781033, 0.152173, 0.012566, -0.789077, 0.614183, -0.011697, -0.001035, -0.102598, -0.112992, 0.988285, 0.173106, 0.000000, 0.000000, 0.000000, 1.000000, -0.102598, -0.112992, 0.988285, 0.195106, -0.605666, -0.781033, -0.152173, -0.012566, 0.789077, -0.614183, 0.011697, 0.201109, 0.000000, 0.000000, 0.000000, 1.000000, 0.023941, -0.037080, -0.999025, 0.148993, -0.999000, 0.036845, -0.025308, 0.036477, 0.037747, 0.998633, -0.036161, 0.040584, 0.000000, 0.000000, 0.000000, 1.000000
-4.3286, 12.3998, -1.0761, 173.1572, 195.1572, -12.3998, 201.1495, 149.1768, 36.5438, 40.7834, 0.604073, 0.780158, 0.162633, 0.012400, -0.788588, 0.614620, -0.019278, -0.001076, -0.114998, -0.116605, 0.986498, 0.173157, 0.000000, 0.000000, 0.000000, 1.000000, -0.114998, -0.116605, 0.986498, 0.195157, -0.604073, -0.780158, -0.162633, -0.012400, 0.788588, -0.614620, 0.019278, 0.201150, 0.000000, 0.000000, 0.000000, 1.000000, 0.036319, -0.035822, -0.998698, 0.149177, -0.998589, 0.037441, -0.037658, 0.036544, 0.038742, 0.998657, -0.034412, 0.040783, 0.000000, 0.000000, 0.000000, 1.000000
-4.2128, 12.2661, -1.2513, 173.5235, 195.5235, -12.2661, 201.3247, 149.0144, 36.5061, 40.8188, 0.604816, 0.779586, 0.162610, 0.012266, -0.788895, 0.614422, -0.011428, -0.001251, -0.108820, -0.121370, 0.986624, 0.173523, 0.000000, 0.000000, 0.000000, 1.000000, -0.108820, -0.121370, 0.986624, 0.195523, -0.604816, -0.779586, -0.162610, -0.012266, 0.788895, -0.614422, 0.011428, 0.201325, 0.000000, 0.000000, 0.000000, 1.000000, 0.030040, -0.033044, -0.999002, 0.149014, -0.998816, 0.037263, -0.031267, 0.036506, 0.038259, 0.998759, -0.031885, 0.040819, 0.000000, 0.000000, 0.000000, 1.000000
-4.0937, 12.1461, -1.4207, 173.7756, 195.7756, -12.1461, 201.4941, 148.9671, 36.4568, 40.8942, 0.605824, 0.778116, 0.165869, 0.012146, -0.788674, 0.614802, -0.003551, -0.001421, -0.104740, -0.128665, 0.986142, 0.173776, 0.000000, 0.000000, 0.000000, 1.000000, -0.104740, -0.128665, 0.986142, 0.195776, -0.605824, -0.778116, -0.165869, -0.012146, 0.788674, -0.614802, 0.003551, 0.201494, 0.000000, 0.000000, 0.000000, 1.000000, 0.025762, -0.027698, -0.999284, 0.148967, -0.998922, 0.037889, -0.026803, 0.036457, 0.038604, 0.998898, -0.026692, 0.040894, 0.000000, 0.000000, 0.000000, 1.000000
-3.9775, 12.0778, -1.4309, 174.2810, 196.2810, -12.0778, 201.5043, 148.6522, 36.5252, 41.0550, 0.604995, 0.781411, 0.152899, 0.012078, -0.788972, 0.614192, -0.017087, -0.001431, -0.107261, -0.110296, 0.988094, 0.174281, 0.000000, 0.000000, 0.000000, 1.000000, -0.107261, -0.110296, 0.988094, 0.196281, -0.604995, -0.781411, -0.152899, -0.012078, 0.788972, -0.614192, 0.017087, 0.201504, 0.000000, 0.000000, 0.000000, 1.000000, 0.028320, -0.048354, -0.998429, 0.148652, -0.998868, 0.036830, -0.030116, 0.036525, 0.038228, 0.998151, -0.047256, 0.041055, 0.000000, 0.000000, 0.000000, 1.000000
-3.8571, 11.9699, -1.5506, 174.4615, 196.4615, -11.9699, 201.6240, 148.6739, 36.5039, 41.1825, 0.605507, 0.780644, 0.154781, 0.011970, -0.788716, 0.614593, -0.014249, -0.001551, -0.106251, -0.113450, 0.987846, 0.174462, 0.000000, 0.000000, 0.000000, 1.000000, -0.106251, -0.113450, 0.987846, 0.196462, -0.605507, -0.780644, -0.154781, -0.011970, 0.788716, -0.614593, 0.014249, 0.201624, 0.000000, 0.000000, 0.000000, 1.000000, 0.027147, -0.047228, -0.998515, 0.148674, -0.998883, 0.037369, -0.028925, 0.036504, 0.038680, 0.998185, -0.046161, 0.041182, 0.000000, 0.000000, 0.000000, 1.000000
-3.7351, 11.7927, -1.7153, 174.7170, 196.7170, -11.7927, 201.7888, 148.6381, 36.4918, 41.2199, 0.605003, 0.778845, 0.165443, 0.011793, -0.789065, 0.614278, -0.006293, -0.001715, -0.106530, -0.126738, 0.986199, 0.174717, 0.000000, 0.000000, 0.000000, 1.000000, -0.106530, -0.126738, 0.986199, 0.196717, -0.605003, -0.778845, -0.165443, -0.011793, 0.789065, -0.614278, 0.006293, 0.201789, 0.000000, 0.000000, 0.000000, 1.000000, 0.027441, -0.035954, -0.998977, 0.148638, -0.998894, 0.037182, -0.028777, 0.036492, 0.038179, 0.998662, -0.034894, 0.041220, 0.000000, 0.000000, 0.000000, 1.000000
-3.6024, 11.6472, -1.8254, 174.9840, 196.9840, -11.6472, 201.8988, 148.5996, 36.5065, 41.3399, 0.604564, 0.778526, 0.168521, 0.011647, -0.788578, 0.614830, -0.011363, -0.001825, -0.112458, -0.126022, 0.985633, 0.174984, 0.000000, 0.000000, 0.000000, 1.000000, -0.112458, -0.126022, 0.985633, 0.196984, -0.604564, -0.778526, -0.168521, -0.011647, 0.788578, -0.614830, 0.011363, 0.201899, 0.000000, 0.000000, 0.000000, 1.000000, 0.033240, -0.038935, -0.998689, 0.148600, -0.998680, 0.037868, -0.034716, 0.036506, 0.039170, 0.998524, -0.037625, 0.041340, 0.000000, 0.000000, 0.000000, 1.000000
-3.4875, 11.6268, -1.9944, 175.5508, 197.5508, -11.6268, 202.0679, 148.2204, 36.4228, 41.4273, 0.607258, 0.779523, 0.153564, 0.011627, -0.788994, 0.614400, 0.001199, -0.001994, -0.093415, -0.121889, 0.988138, 0.175551, 0.000000, 0.000000, 0.000000, 1.000000, -0.093415, -0.121889, 0.988138, 0.197551, -0.607258, -0.779523, -0.153564, -0.011627, 0.788994, -0.614400, -0.001199, 0.202068, 0.000000, 0.000000, 0.000000, 1.000000, 0.013977, -0.045162, -0.998882, 0.148220, -0.999183, 0.037244, -0.015665, 0.036423, 0.037910, 0.998285, -0.044605, 0.041427, 0.000000, 0.000000, 0.000000, 1.000000
-3.3667, 11.4351, -2.0199, 175.6065, 197.6065, -11.4351, 202.0934, 148.3775, 36.5174, 41.5635, 0.604743, 0.779040, 0.165479, 0.011435, -0.789019, 0.614309, -0.008569, -0.002020, -0.108331, -0.125385, 0.986176, 0.175607, 0.000000, 0.000000, 0.000000, 1.000000, -0.108331, -0.125385, 0.986176, 0.197607, -0.604743, -0.779040, -0.165479, -0.011435, 0.789019, -0.614309, 0.008569, 0.202093, 0.000000, 0.000000, 0.000000, 1.000000, 0.029010, -0.043742, -0.998622, 0.148377, -0.998838, 0.037194, -0.030645, 0.036517, 0.038483, 0.998350, -0.042612, 0.041564, 0.000000, 0.000000, 0.000000, 1.000000
-3.2504, 11.3922, -2.2067, 176.0909, 198.0909, -11.3922, 202.2801, 148.0866, 36.4263, 41.6377, 0.606932, 0.779433, 0.155296, 0.011392, -0.789184, 0.614154, 0.001863, -0.002207, -0.093924, -0.123688, 0.987866, 0.176091, 0.000000, 0.000000, 0.000000, 1.000000, -0.093924, -0.123688, 0.987866, 0.198091, -0.606932, -0.779433, -0.155296, -0.011392, 0.789184, -0.614154, -0.001863, 0.202280, 0.000000, 0.000000, 0.000000, 1.000000, 0.014388, -0.047499, -0.998768, 0.148087, -0.999186, 0.036964, -0.016152, 0.036426, 0.037686, 0.998187, -0.046928, 0.041638, 0.000000, 0.000000, 0.000000, 1.000000
-3.1348, 11.2480, -2.2341, 176.4285, 198.4285, -11.2480, 202.3075, 147.9508, 36.5125, 41.7471, 0.605558, 0.781121, 0.152149, 0.011248, -0.789185, 0.614048, -0.011493, -0.002234, -0.102404, -0.113114, 0.988291, 0.176429, 0.000000, 0.000000, 0.000000, 1.000000, -0.102404, -0.113114, 0.988291, 0.198429, -0.605558, -0.781121, -0.152149, -0.011248, 0.789185, -0.614048, 0.011493, 0.202308, 0.000000, 0.000000, 0.000000, 1.000000, 0.022891, -0.060201, -0.997924, 0.147951, -0.999011, 0.036674, -0.025129, 0.036512, 0.038111, 0.997512, -0.059302, 0.041747, 0.000000, 0.000000, 0.000000, 1.000000
-3.0039, 11.1334, -2.3691, 176.4797, 198.4797, -11.1334, 202.4425, 148.1179, 36.4732, 41.9068, 0.605579, 0.779528, 0.160031, 0.011133, -0.789029, 0.614320, -0.006627, -0.002369, -0.103476, -0.122256, 0.987090, 0.176480, 0.000000, 0.000000, 0.000000, 1.000000, -0.103476, -0.122256, 0.987090, 0.198480, -0.605579, -0.779528, -0.160031, -0.011133, 0.789029, -0.614320, 0.006627, 0.202443, 0.000000, 0.000000, 0.000000, 1.000000, 0.023845, -0.053224, -0.998298, 0.148118, -0.998976, 0.037149, -0.025842, 0.036473, 0.038461, 0.997891, -0.052283, 0.041907, 0.000000, 0.000000, 0.000000, 1.000000
-2.8679, 10.9974, -2.4903, 176.8733, 198.8733, -10.9974, 202.5638, 147.9599, 36.4826, 42.0094, 0.605833, 0.779000, 0.161634, 0.010997, -0.789249, 0.614072, -0.001288, -0.002490, -0.100258, -0.126789, 0.986850, 0.176873, 0.000000, 0.000000, 0.000000, 1.000000, -0.100258, -0.126789, 0.986850, 0.198873, -0.605833, -0.779000, -0.161634, -0.010997, 0.789249, -0.614072, 0.001288, 0.202564, 0.000000, 0.000000, 0.000000, 1.000000, 0.020559, -0.051034, -0.998485, 0.147960, -0.999066, 0.036922, -0.022459, 0.036483, 0.038012, 0.998014, -0.050228, 0.042009, 0.000000, 0.000000, 0.000000, 1.000000
-2.7330, 10.8793, -2.6558, 177.1958, 199.1958, -10.8793, 202.7292, 147.8691, 36.4406, 42.1093, 0.606279, 0.778171, 0.163937, 0.010879, -0.789203, 0.614122, 0.003566, -0.002656, -0.097902, -0.131541, 0.986464, 0.177196, 0.000000, 0.000000, 0.000000, 1.000000, -0.097902, -0.131541, 0.986464, 0.199196, -0.606279, -0.778171, -0.163937, -0.010879, 0.789203, -0.614122, -0.003566, 0.202729, 0.000000, 0.000000, 0.000000, 1.000000, 0.018073, -0.048569, -0.998656, 0.147869, -0.999114, 0.037095, -0.019885, 0.036441, 0.038011, 0.998131, -0.047856, 0.042109, 0.000000, 0.000000, 0.000000, 1.000000
-2.6049, 10.7671, -2.7622, 177.6154, 199.6154, -10.7671, 202.8356, 147.6696, 36.4501, 42.2119, 0.606165, 0.779661, 0.157140, 0.010767, -0.789689, 0.613503, 0.002275, -0.002762, -0.094632, -0.125471, 0.987574, 0.177615, 0.000000, 0.000000, 0.000000, 1.000000, -0.094632, -0.125471, 0.987574, 0.199615, -0.606165, -0.779661, -0.157140, -0.010767, 0.789689, -0.613503, -0.002275, 0.202836, 0.000000, 0.000000, 0.000000, 1.000000, 0.014829, -0.057006, -0.998264, 0.147670, -0.999203, 0.036173, -0.016908, 0.036450, 0.037074, 0.997718, -0.056424, 0.042212, 0.000000, 0.000000, 0.000000, 1.000000
-2.4594, 10.6052, -2.8893, 177.8833, 199.8833, -10.6052, 202.9628, 147.6547, 36.4606, 42.3348, 0.606315, 0.778165, 0.163832, 0.010605, -0.789197, 0.614128, 0.003719, -0.002889, -0.097720, -0.131550, 0.986481, 0.177883, 0.000000, 0.000000, 0.000000, 1.000000, -0.097720, -0.131550, 0.986481, 0.199883, -0.606315, -0.778165, -0.163832, -0.010605, 0.789197, -0.614128, -0.003719, 0.202963, 0.000000, 0.000000, 0.000000, 1.000000, 0.017705, -0.053325, -0.998420, 0.147655, -0.999117, 0.037103, -0.019699, 0.036461, 0.038095, 0.997888, -0.052621, 0.042335, 0.000000, 0.000000, 0.000000, 1.000000
-2.3381, 10.5570, -3.0384, 178.2989, 200.2989, -10.5570, 203.1118, 147.4396, 36.3984, 42.4443, 0.607330, 0.778371, 0.159027, 0.010557, -0.789319, 0.613909, 0.009608, -0.003038, -0.090149, -0.131359, 0.987227, 0.178299, 0.000000, 0.000000, 0.000000, 1.000000, -0.090149, -0.131359, 0.987227, 0.200299, -0.607330, -0.778371, -0.159027, -0.010557, 0.789319, -0.613909, -0.009608, 0.203112, 0.000000, 0.000000, 0.000000, 1.000000, 0.010019, -0.055654, -0.998400, 0.147440, -0.999249, 0.036816, -0.012080, 0.036398, 0.037429, 0.997771, -0.055243, 0.042444, 0.000000, 0.000000, 0.000000, 1.000000
-2.1990, 10.3457, -3.1988, 178.5217, 200.5217, -10.3457, 203.2723, 147.4718, 36.4071, 42.4994, 0.607366, 0.776447, 0.168038, 0.010346, -0.789284, 0.613802, 0.016663, -0.003199, -0.090204, -0.142750, 0.985640, 0.178522, 0.000000, 0.000000, 0.000000, 1.000000, -0.090204, -0.142750, 0.985640, 0.200522, -0.607366, -0.776447, -0.168038, -0.010346, 0.789284, -0.613802, -0.016663, 0.203272, 0.000000, 0.000000, 0.000000, 1.000000, 0.009972, -0.046540, -0.998867, 0.147472, -0.999246, 0.037010, -0.011701, 0.036407, 0.037513, 0.998231, -0.046135, 0.042499, 0.000000, 0.000000, 0.000000, 1.000000
-2.0707, 10.2471, -3.2499, 178.9920, 200.9920, -10.2471, 203.3233, 147.2185, 36.4574, 42.6313, 0.606900, 0.777953, 0.162672, 0.010247, -0.789431, 0.613757, 0.010030, -0.003250, -0.092038, -0.134505, 0.986629, 0.178992, 0.000000, 0.000000, 0.000000, 1.000000, -0.092038, -0.134505, 0.986629, 0.200992, -0.606900, -0.777953, -0.162672, -0.010247, 0.789431, -0.613757, -0.010030, 0.203323, 0.000000, 0.000000, 0.000000, 1.000000, 0.011784, -0.057140, -0.998297, 0.147219, -0.999230, 0.036705, -0.013896, 0.036457, 0.037436, 0.997691, -0.056663, 0.042631, 0.000000, 0.000000, 0.000000, 1.000000
-1.9505, 10.1027, -3.4240, 179.2420, 201.2420, -10.1027, 203.4974, 147.1853, 36.4183, 42.6761, 0.606840, 0.777011, 0.167331, 0.010103, -0.789618, 0.613409, 0.015217, -0.003424, -0.090819, -0.141362, 0.985783, 0.179242, 0.000000, 0.000000, 0.000000, 1.000000, -0.090819, -0.141362, 0.985783, 0.201242, -0.606840, -0.777011, -0.167331, -0.010103, 0.789618, -0.613409, -0.015217, 0.203497, 0.000000, 0.000000, 0.000000, 1.000000, 0.010535, -0.052318, -0.998575, 0.147185, -0.999257, 0.036466, -0.012453, 0.036418, 0.037066, 0.997964, -0.051895, 0.042676, 0.000000, 0.000000, 0.000000, 1.000000
-1.8292, 10.0049, -3.5383, 179.6906, 201.6906, -10.0049, 203.6117, 146.9471, 36.4152, 42.7555, 0.607979, 0.777273, 0.161892, 0.010005, -0.789344, 0.613691, 0.017908, -0.003538, -0.085432, -0.138677, 0.986646, 0.179691, 0.000000, 0.000000, 0.000000, 1.000000, -0.085432, -0.138677, 0.986646, 0.201691, -0.607979, -0.777273, -0.161892, -0.010005, 0.789344, -0.613691, -0.017908, 0.203612, 0.000000, 0.000000, 0.000000, 1.000000, 0.004945, -0.057124, -0.998355, 0.146947, -0.999300, 0.036739, -0.007051, 0.036415, 0.037081, 0.997691, -0.056903, 0.042756, 0.000000, 0.000000, 0.000000, 1.000000
-1.7115, 9.7941, -3.6493, 179.7525, 201.7525, -9.7941, 203.7227, 147.1048, 36.4520, 42.8146, 0.606088, 0.774602, 0.180691, 0.009794, -0.789070, 0.614143, 0.014001, -0.003649, -0.100125, -0.151064, 0.983440, 0.179753, 0.000000, 0.000000, 0.000000, 1.000000, -0.100125, -0.151064, 0.983440, 0.201753, -0.606088, -0.774602, -0.180691, -0.009794, 0.789070, -0.614143, -0.014001, 0.203723, 0.000000, 0.000000, 0.000000, 1.000000, 0.019596, -0.046551, -0.998724, 0.147105, -0.999059, 0.037748, -0.021362, 0.036452, 0.038694, 0.998202, -0.045767, 0.042815, 0.000000, 0.000000, 0.000000, 1.000000
-1.5915, 9.7525, -3.7720, 180.1425, 202.1425, -9.7525, 203.8455, 146.9116, 36.4051, 42.9399, 0.607572, 0.775092, 0.173462, 0.009752, -0.789369, 0.613462, 0.023689, -0.003772, -0.088052, -0.151318, 0.984556, 0.180143, 0.000000, 0.000000, 0.000000, 1.000000, -0.088052, -0.151318, 0.984556, 0.202143, -0.607572, -0.775092, -0.173462, -0.009752, 0.789369, -0.613462, -0.023689, 0.203846, 0.000000, 0.000000, 0.000000, 1.000000, 0.007435, -0.048454, -0.998798, 0.146912, -0.999277, 0.036892, -0.009228, 0.036405, 0.037295, 0.998144, -0.048144, 0.042940, 0.000000, 0.000000, 0.000000, 1.000000
-1.4570, 9.6615, -3.8175, 180.5356, 202.5356, -9.6615, 203.8909, 146.7418, 36.4499, 43.1067, 0.607026, 0.776819, 0.167546, 0.009662, -0.789104, 0.614152, 0.011469, -0.003817, -0.093989, -0.139174, 0.985798, 0.180536, 0.000000, 0.000000, 0.000000, 1.000000, -0.093989, -0.139174, 0.985798, 0.202536, -0.607026, -0.776819, -0.167546, -0.009662, 0.789104, -0.614152, -0.011469, 0.203891, 0.000000, 0.000000, 0.000000, 1.000000, 0.013241, -0.063053, -0.997922, 0.146742, -0.999181, 0.037340, -0.015617, 0.036450, 0.038247, 0.997311, -0.062507, 0.043107, 0.000000, 0.000000, 0.000000, 1.000000
-1.3302, 9.5208, -3.9687, 180.7867, 202.7867, -9.5208, 204.0421, 146.7165, 36.4273, 43.1812, 0.606952, 0.775609, 0.173320, 0.009521, -0.789230, 0.613869, 0.016744, -0.003969, -0.093409, -0.146953, 0.984723, 0.180787, 0.000000, 0.000000, 0.000000, 1.000000, -0.093409, -0.146953, 0.984723, 0.202787, -0.606952, -0.775609, -0.173320, -0.009521, 0.789230, -0.613869, -0.016744, 0.204042, 0.000000, 0.000000, 0.000000, 1.000000, 0.012614, -0.057398, -0.998272, 0.146716, -0.999197, 0.037242, -0.014767, 0.036427, 0.038026, 0.997657, -0.056882, 0.043181, 0.000000, 0.000000, 0.000000, 1.000000
-1.2087, 9.4017, -4.0922, 181.2058, 203.2058, -9.4017, 204.1657, 146.5139, 36.4269, 43.2397, 0.607733, 0.775798, 0.169702, 0.009402, -0.789221, 0.613768, 0.020481, -0.004092, -0.088269, -0.146379, 0.985283, 0.181206, 0.000000, 0.000000, 0.000000, 1.000000, -0.088269, -0.146379, 0.985283, 0.203206, -0.607733, -0.775798, -0.169702, -0.009402, 0.789221, -0.613768, -0.020481, 0.204166, 0.000000, 0.000000, 0.000000, 1.000000, 0.007354, -0.060106, -0.998165, 0.146514, -0.999266, 0.037093, -0.009596, 0.036427, 0.037601, 0.997503, -0.059789, 0.043240, 0.000000, 0.000000, 0.000000, 1.000000
-1.0912, 9.2368, -4.2363, 181.3522, 203.3522, -9.2368, 204.3097, 146.5831, 36.4164, 43.2964, 0.606564, 0.773980, 0.181755, 0.009237, -0.789457, 0.613390, 0.022582, -0.004236, -0.094009, -0.157185, 0.983084, 0.181352, 0.000000, 0.000000, 0.000000, 1.000000, -0.094009, -0.157185, 0.983084, 0.203352, -0.606564, -0.773980, -0.181755, -0.009237, 0.789457, -0.613390, -0.022582, 0.204310, 0.000000, 0.000000, 0.000000, 1.000000, 0.013137, -0.051206, -0.998602, 0.146583, -0.999200, 0.037049, -0.015044, 0.036416, 0.037767, 0.998001, -0.050678, 0.043296, 0.000000, 0.000000, 0.000000, 1.000000
-0.9694, 9.2067, -4.3340, 181.7137, 203.7137, -9.2067, 204.4075, 146.4169, 36.3811, 43.4508, 0.608703, 0.773759, 0.175437, 0.009207, -0.789146, 0.613317, 0.033038, -0.004334, -0.082036, -0.158556, 0.983936, 0.181714, 0.000000, 0.000000, 0.000000, 1.000000, -0.082036, -0.158556, 0.983936, 0.203714, -0.608703, -0.773759, -0.175437, -0.009207, 0.789146, -0.613317, -0.033038, 0.204407, 0.000000, 0.000000, 0.000000, 1.000000, 0.000909, -0.051938, -0.998650, 0.146417, -0.999311, 0.037017, -0.002835, 0.036381, 0.037114, 0.997964, -0.051869, 0.043451, 0.000000, 0.000000, 0.000000, 1.000000
-0.8424, 9.0741, -4.4133, 182.0827, 204.0827, -9.0741, 204.4867, 146.2719, 36.4212, 43.5463, 0.607213, 0.774829, 0.175875, 0.009074, -0.789425, 0.613413, 0.023082, -0.004413, -0.090000, -0.152856, 0.984142, 0.182083, 0.000000, 0.000000, 0.000000, 1.000000, -0.090000, -0.152856, 0.984142, 0.204083, -0.607213, -0.774829, -0.175875, -0.009074, 0.789425, -0.613413, -0.023082, 0.204487, 0.000000, 0.000000, 0.000000, 1.000000, 0.008925, -0.059940, -0.998162, 0.146272, -0.999257, 0.036888, -0.011150, 0.036421, 0.037488, 0.997520, -0.059566, 0.043546, 0.000000, 0.000000, 0.000000, 1.000000
-0.7244, 8.9164, -4.5416, 182.3149, 204.3149, -8.9164, 204.6150, 146.2564, 36.4255, 43.5992, 0.607069, 0.773498, 0.182119, 0.008916, -0.789427, 0.613259, 0.026810, -0.004542, -0.090949, -0.160045, 0.982911, 0.182315, 0.000000, 0.000000, 0.000000, 1.000000, -0.090949, -0.160045, 0.982911, 0.204315, -0.607069, -0.773498, -0.182119, -0.008916, 0.789427, -0.613259, -0.026810, 0.204615, 0.000000, 0.000000, 0.000000, 1.000000, 0.009804, -0.054695, -0.998455, 0.146256, -0.999245, 0.037008, -0.011839, 0.036426, 0.037598, 0.997817, -0.054291, 0.043599, 0.000000, 0.000000, 0.000000, 1.000000
-0.5893, 8.8494, -4.6607, 182.8290, 204.8290, -8.8494, 204.7342, 145.9707, 36.4055, 43.7102, 0.607682, 0.774820, 0.174287, 0.008849, -0.789869, 0.612486, 0.031112, -0.004661, -0.082642, -0.156570, 0.984203, 0.182829, 0.000000, 0.000000, 0.000000, 1.000000, -0.082642, -0.156570, 0.984203, 0.204829, -0.607682, -0.774820, -0.174287, -0.008849, 0.789869, -0.612486, -0.031112, 0.204734, 0.000000, 0.000000, 0.000000, 1.000000, 0.001528, -0.060666, -0.998157, 0.145971, -0.999350, 0.035869, -0.003710, 0.036405, 0.036028, 0.997513, -0.060572, 0.043710, 0.000000, 0.000000, 0.000000, 1.000000
-0.4715, 8.7036, -4.7611, 182.8223, 204.8223, -8.7036, 204.8345, 146.1835, 36.4081, 43.8394, 0.606956, 0.772542, 0.186503, 0.008704, -0.789440, 0.613120, 0.029465, -0.004761, -0.091586, -0.165117, 0.982012, 0.182822, 0.000000, 0.000000, 0.000000, 1.000000, -0.091586, -0.165117, 0.982012, 0.204822, -0.606956, -0.772542, -0.186503, -0.008704, 0.789440, -0.613120, -0.029465, 0.204835, 0.000000, 0.000000, 0.000000, 1.000000, 0.010283, -0.053944, -0.998491, 0.146183, -0.999237, 0.037078, -0.012294, 0.036408, 0.037685, 0.997855, -0.053521, 0.043839, 0.000000, 0.000000, 0.000000, 1.000000
-0.3465, 8.6399, -4.8819, 183.2872, 205.2872, -8.6399, 204.9554, 145.9313, 36.3812, 43.9349, 0.608296, 0.772354, 0.182879, 0.008640, -0.789223, 0.613048, 0.036044, -0.004882, -0.084275, -0.166257, 0.982475, 0.183287, 0.000000, 0.000000, 0.000000, 1.000000, -0.084275, -0.166257, 0.982475, 0.205287, -0.608296, -0.772354, -0.182879, -0.008640, 0.789223, -0.613048, -0.036044, 0.204955, 0.000000, 0.000000, 0.000000, 1.000000, 0.002779, -0.054965, -0.998484, 0.145931, -0.999302, 0.037045, -0.004821, 0.036381, 0.037254, 0.997801, -0.054824, 0.043935, 0.000000, 0.000000, 0.000000, 1.000000
-0.2241, 8.4943, -5.0108, 183.5490, 205.5490, -8.4943, 205.0843, 145.8918, 36.3803, 43.9991, 0.608071, 0.771761, 0.186105, 0.008494, -0.789430, 0.612606, 0.038925, -0.005011, -0.083968, -0.170585, 0.981759, 0.183549, 0.000000, 0.000000, 0.000000, 1.000000, -0.083968, -0.170585, 0.981759, 0.205549, -0.608071, -0.771761, -0.186105, -0.008494, 0.789430, -0.612606, -0.038925, 0.205084, 0.000000, 0.000000, 0.000000, 1.000000, 0.002468, -0.052726, -0.998606, 0.145892, -0.999316, 0.036713, -0.004408, 0.036380, 0.036894, 0.997934, -0.052599, 0.043999, 0.000000, 0.000000, 0.000000, 1.000000
-0.1033, 8.3809, -5.1191, 183.9749, 205.9749, -8.3809, 205.1925, 145.6826, 36.3895, 44.0588, 0.608269, 0.772563, 0.182087, 0.008381, -0.789388, 0.612773, 0.037092, -0.005119, -0.082922, -0.166299, 0.982583, 0.183975, 0.000000, 0.000000, 0.000000, 1.000000, -0.082922, -0.166299, 0.982583, 0.205975, -0.608269, -0.772563, -0.182087, -0.008381, 0.789388, -0.612773, -0.037092, 0.205193, 0.000000, 0.000000, 0.000000, 1.000000, 0.001326, -0.059187, -0.998246, 0.145683, -0.999320, 0.036698, -0.003503, 0.036389, 0.036841, 0.997572, -0.059098, 0.044059, 0.000000, 0.000000, 0.000000, 1.000000
0.0191, 8.3123, -5.1486, 184.2802, 206.2802, -8.3123, 205.2221, 145.5767, 36.4277, 44.2295, 0.607400, 0.773028, 0.183009, 0.008312, -0.789852, 0.612287, 0.035198, -0.005149, -0.084845, -0.165929, 0.982481, 0.184280, 0.000000, 0.000000, 0.000000, 1.000000, -0.084845, -0.165929, 0.982481, 0.206280, -0.607400, -0.773028, -0.183009, -0.008312, 0.789852, -0.612287, -0.035198, 0.205222, 0.000000, 0.000000, 0.000000, 1.000000, 0.003347, -0.061747, -0.998086, 0.145577, -0.999334, 0.036060, -0.005582, 0.036428, 0.036336, 0.997440, -0.061585, 0.044229, 0.000000, 0.000000, 0.000000, 1.000000
0.1426, 8.1965, -5.3068, 184.6393, 206.6393, -8.1965, 205.3803, 145.4409, 36.3929, 44.2783, 0.608441, 0.773140, 0.179039, 0.008197, -0.789825, 0.611912, 0.041715, -0.005307, -0.077304, -0.166790, 0.982957, 0.184639, 0.000000, 0.000000, 0.000000, 1.000000, -0.077304, -0.166790, 0.982957, 0.206639, -0.608441, -0.773140, -0.179039, -0.008197, 0.789825, -0.611912, -0.041715, 0.205380, 0.000000, 0.000000, 0.000000, 1.000000, -0.004288, -0.063057, -0.998001, 0.145441, -0.999363, 0.035628, 0.002043, 0.036393, 0.035428, 0.997374, -0.063170, 0.044278, 0.000000, 0.000000, 0.000000, 1.000000
0.2722, 8.0688, -5.4556, 184.8178, 206.8178, -8.0688, 205.5291, 145.4912, 36.3593, 44.3799, 0.608433, 0.770116, 0.191651, 0.008069, -0.789450, 0.612013, 0.046998, -0.005456, -0.081099, -0.179894, 0.980337, 0.184818, 0.000000, 0.000000, 0.000000, 1.000000, -0.081099, -0.179894, 0.980337, 0.206818, -0.608433, -0.770116, -0.191651, -0.008069, 0.789450, -0.612013, -0.046998, 0.205529, 0.000000, 0.000000, 0.000000, 1.000000, -0.000716, -0.051915, -0.998651, 0.145491, -0.999333, 0.036504, -0.001181, 0.036359, 0.036516, 0.997984, -0.051907, 0.044380, 0.000000, 0.000000, 0.000000, 1.000000
0.3933, 7.9256, -5.5550, 185.0674, 207.0674, -7.9256, 205.6285, 145.4607, 36.3801, 44.4595, 0.608216, 0.769438, 0.195033, 0.007926, -0.789361, 0.612161, 0.046567, -0.005555, -0.083561, -0.182275, 0.979690, 0.185067, 0.000000, 0.000000, 0.000000, 1.000000, -0.083561, -0.182275, 0.979690, 0.207067, -0.608216, -0.769438, -0.195033, -0.007926, 0.789361, -0.612161, -0.046567, 0.205628, 0.000000, 0.000000, 0.000000, 1.000000, 0.001636, -0.051571, -0.998668, 0.145461, -0.999315, 0.036843, -0.003540, 0.036380, 0.036976, 0.997989, -0.051475, 0.044459, 0.000000, 0.000000, 0.000000, 1.000000
0.5203, 7.8135, -5.6489, 185.5023, 207.5023, -7.8135, 205.7223, 145.2516, 36.4009, 44.5370, 0.607698, 0.770437, 0.192690, 0.007813, -0.789704, 0.611916, 0.043897, -0.005649, -0.084090, -0.178844, 0.980277, 0.185502, 0.000000, 0.000000, 0.000000, 1.000000, -0.084090, -0.178844, 0.980277, 0.207502, -0.607698, -0.770437, -0.192690, -0.007813, 0.789704, -0.611916, -0.043897, 0.205722, 0.000000, 0.000000, 0.000000, 1.000000, 0.002216, -0.057320, -0.998353, 0.145252, -0.999331, 0.036316, -0.004303, 0.036401, 0.036503, 0.997695, -0.057201, 0.044537, 0.000000, 0.000000, 0.000000, 1.000000
0.6464, 7.7243, -5.7662, 185.9383, 207.9383, -7.7243, 205.8396, 145.0370, 36.3894, 44.6150, 0.608142, 0.770555, 0.190810, 0.007724, -0.789693, 0.611740, 0.046464, -0.005766, -0.080923, -0.178938, 0.980527, 0.185938, 0.000000, 0.000000, 0.000000, 1.000000, -0.080923, -0.178938, 0.980527, 0.207938, -0.608142, -0.770555, -0.190810, -0.007724, 0.789693, -0.611740, -0.046464, 0.205840, 0.000000, 0.000000, 0.000000, 1.000000, -0.001036, -0.059439, -0.998231, 0.145037, -0.999348, 0.036098, -0.001112, 0.036389, 0.036101, 0.997579, -0.059438, 0.044615, 0.000000, 0.000000, 0.000000, 1.000000
0.7609, 7.6517, -5.8292, 186.2141, 208.2140, -7.6517, 205.9026, 144.9531, 36.4007, 44.7453, 0.607681, 0.771251, 0.189461, 0.007652, -0.790071, 0.611322, 0.045543, -0.005829, -0.080696, -0.177363, 0.980832, 0.186214, 0.000000, 0.000000, 0.000000, 1.000000, -0.080696, -0.177363, 0.980832, 0.208214, -0.607681, -0.771251, -0.189461, -0.007652, 0.790071, -0.611322, -0.045543, 0.205903, 0.000000, 0.000000, 0.000000, 1.000000, -0.001186, -0.063088, -0.998007, 0.144953, -0.999370, 0.035470, -0.001054, 0.036401, 0.035466, 0.997378, -0.063090, 0.044745, 0.000000, 0.000000, 0.000000, 1.000000
0.8796, 7.4927, -5.9634, 186.3628, 208.3628, -7.4927, 206.0369, 145.0245, 36.3949, 44.8080, 0.607586, 0.769225, 0.197819, 0.007493, -0.789769, 0.611546, 0.047699, -0.005963, -0.084284, -0.185213, 0.979077, 0.186363, 0.000000, 0.000000, 0.000000, 1.000000, -0.084284, -0.185213, 0.979077, 0.208363, -0.607586, -0.769225, -0.197819, -0.007493, 0.789769, -0.611546, -0.047699, 0.206037, 0.000000, 0.000000, 0.000000, 1.000000, 0.002207, -0.057094, -0.998366, 0.145025, -0.999334, 0.036253, -0.004282, 0.036395, 0.036438, 0.997710, -0.056976, 0.044808, 0.000000, 0.000000, 0.000000, 1.000000
0.9960, 7.3874, -6.1091, 186.7538, 208.7537, -7.3874, 206.1826, 144.8473, 36.3664, 44.8407, 0.608746, 0.768066, 0.198753, 0.007387, -0.789607, 0.610898, 0.057663, -0.006109, -0.077129, -0.192039, 0.978352, 0.186754, 0.000000, 0.000000, 0.000000, 1.000000, -0.077129, -0.192039, 0.978352, 0.208754, -0.608746, -0.768066, -0.198753, -0.007387, 0.789607, -0.610898, -0.057663, 0.206183, 0.000000, 0.000000, 0.000000, 1.000000, -0.005078, -0.052188, -0.998624, 0.144847, -0.999350, 0.035898, 0.003205, 0.036366, 0.035681, 0.997992, -0.052336, 0.044841, 0.000000, 0.000000, 0.000000, 1.000000
1.1362, 7.3122, -6.1624, 186.9540, 208.9540, -7.3122, 206.2359, 144.8724, 36.3819, 45.0565, 0.608219, 0.767728, 0.201650, 0.007312, -0.789506, 0.611400, 0.053575, -0.006162, -0.082157, -0.191789, 0.977991, 0.186954, 0.000000, 0.000000, 0.000000, 1.000000, -0.082157, -0.191789, 0.977991, 0.208954, -0.608219, -0.767728, -0.201650, -0.007312, 0.789506, -0.611400, -0.053575, 0.206236, 0.000000, 0.000000, 0.000000, 1.000000, -0.000188, -0.054833, -0.998496, 0.144872, -0.999331, 0.036516, -0.001818, 0.036382, 0.036561, 0.997828, -0.054803, 0.045056, 0.000000, 0.000000, 0.000000, 1.000000
1.2674, 7.1818, -6.2673, 187.3556, 209.3556, -7.1818, 206.3407, 144.7087, 36.4019, 45.1260, 0.607990, 0.768232, 0.200419, 0.007182, -0.789697, 0.611230, 0.052699, -0.006267, -0.082017, -0.190311, 0.978292, 0.187356, 0.000000, 0.000000, 0.000000, 1.000000, -0.082017, -0.190311, 0.978292, 0.209356, -0.607990, -0.768232, -0.200419, -0.007182, 0.789697, -0.611230, -0.052699, 0.206341, 0.000000, 0.000000, 0.000000, 1.000000, -0.000334, -0.058652, -0.998278, 0.144709, -0.999343, 0.036194, -0.001792, 0.036402, 0.036237, 0.997622, -0.058626, 0.045126, 0.000000, 0.000000, 0.000000, 1.000000
1.3902, 7.0896, -6.4037, 187.7510, 209.7510, -7.0896, 206.4772, 144.5330, 36.3737, 45.1863, 0.608594, 0.767777, 0.200328, 0.007090, -0.789594, 0.610954, 0.057238, -0.006404, -0.078445, -0.193012, 0.978056, 0.187751, 0.000000, 0.000000, 0.000000, 1.000000, -0.078445, -0.193012, 0.978056, 0.209751, -0.608594, -0.767777, -0.200328, -0.007090, 0.789594, -0.610954, -0.057238, 0.206477, 0.000000, 0.000000, 0.000000, 1.000000, -0.004017, -0.058047, -0.998306, 0.144533, -0.999349, 0.036036, 0.001925, 0.036374, 0.035863, 0.997663, -0.058154, 0.045186, 0.000000, 0.000000, 0.000000, 1.000000
1.5240, 6.9642, -6.5163, 188.0593, 210.0593, -6.9642, 206.5898, 144.4631, 36.3777, 45.2833, 0.608537, 0.767885, 0.200089, 0.006964, -0.789916, 0.610218, 0.060550, -0.006516, -0.075602, -0.194900, 0.977905, 0.188059, 0.000000, 0.000000, 0.000000, 1.000000, -0.075602, -0.194900, 0.977905, 0.210059, -0.608537, -0.767885, -0.200089, -0.006964, 0.789916, -0.610218, -0.060550, 0.206590, 0.000000, 0.000000, 0.000000, 1.000000, -0.006798, -0.058517, -0.998263, 0.144463, -0.999368, 0.035239, 0.004740, 0.036378, 0.034900, 0.997664, -0.058719, 0.045283, 0.000000, 0.000000, 0.000000, 1.000000
1.6523, 6.8394, -6.6110, 188.3372, 210.3372, -6.8394, 206.6844, 144.4135, 36.3937, 45.3843, 0.607941, 0.766753, 0.206150, 0.006839, -0.789678, 0.610909, 0.056565, -0.006611, -0.082567, -0.197180, 0.976884, 0.188337, 0.000000, 0.000000, 0.000000, 1.000000, -0.082567, -0.197180, 0.976884, 0.210337, -0.607941, -0.766753, -0.206150, -0.006839, 0.789678, -0.610909, -0.056565, 0.206684, 0.000000, 0.000000, 0.000000, 1.000000, -0.000036, -0.058334, -0.998297, 0.144413, -0.999339, 0.036288, -0.002084, 0.036394, 0.036348, 0.997637, -0.058297, 0.045384, 0.000000, 0.000000, 0.000000, 1.000000
1.7708, 6.7349, -6.7683, 188.6966, 210.6966, -6.7349, 206.8417, 144.2726, 36.3531, 45.4183, 0.609402, 0.764937, 0.208567, 0.006735, -0.789324, 0.610136, 0.068564, -0.006768, -0.074807, -0.206410, 0.975602, 0.188697, 0.000000, 0.000000, 0.000000, 1.000000, -0.074807, -0.206410, 0.975602, 0.210697, -0.609402, -0.764937, -0.208567, -0.006735, 0.789324, -0.610136, -0.068564, 0.206842, 0.000000, 0.000000, 0.000000, 1.000000, -0.007987, -0.050976, -0.998668, 0.144273, -0.999331, 0.036038, 0.006153, 0.036353, 0.035676, 0.998049, -0.051230, 0.045418, 0.000000, 0.000000, 0.000000, 1.000000
1.8960, 6.6272, -6.8205, 189.0987, 211.0987, -6.6272, 206.8940, 144.0914, 36.4027, 45.5155, 0.608175, 0.765894, 0.208637, 0.006627, -0.789858, 0.610048, 0.062980, -0.006821, -0.079043, -0.203097, 0.975963, 0.189099, 0.000000, 0.000000, 0.000000, 1.000000, -0.079043, -0.203097, 0.975963, 0.211099, -0.608175, -0.765894, -0.208637, -0.006627, 0.789858, -0.610048, -0.062980, 0.206894, 0.000000, 0.000000, 0.000000, 1.000000, -0.003626, -0.056581, -0.998391, 0.144091, -0.999363, 0.035655, 0.001609, 0.036403, 0.035506, 0.997761, -0.056674, 0.045515, 0.000000, 0.000000, 0.000000, 1.000000
2.0164, 6.5189, -6.9260, 189.2933, 211.2933, -6.5189, 206.9994, 144.1087, 36.3942, 45.6227, 0.608532, 0.765446, 0.209239, 0.006519, -0.789844, 0.609652, 0.066856, -0.006926, -0.076388, -0.205951, 0.975576, 0.189293, 0.000000, 0.000000, 0.000000, 1.000000, -0.076388, -0.205951, 0.975576, 0.211293, -0.608532, -0.765446, -0.209239, -0.006519, 0.789844, -0.609652, -0.066856, 0.206999, 0.000000, 0.000000, 0.000000, 1.000000, -0.006347, -0.055780, -0.998423, 0.144109, -0.999364, 0.035384, 0.004376, 0.036394, 0.035084, 0.997816, -0.055969, 0.045623, 0.000000, 0.000000, 0.000000, 1.000000
2.1428, 6.4399, -7.0179, 189.6349, 211.6349, -6.4399, 207.0913, 143.9842, 36.3906, 45.7362, 0.607965, 0.765502, 0.210679, 0.006440, -0.789835, 0.610149, 0.062281, -0.007018, -0.080869, -0.204266, 0.975569, 0.189635, 0.000000, 0.000000, 0.000000, 1.000000, -0.080869, -0.204266, 0.975569, 0.211635, -0.607965, -0.765502, -0.210679, -0.006440, 0.789835, -0.610149, -0.062281, 0.207091, 0.000000, 0.000000, 0.000000, 1.000000, -0.001971, -0.059662, -0.998217, 0.143984, -0.999356, 0.035878, -0.000171, 0.036391, 0.035824, 0.997574, -0.059695, 0.045736, 0.000000, 0.000000, 0.000000, 1.000000
2.2757, 6.3180, -7.1315, 190.0497, 212.0497, -6.3180, 207.2049, 143.8118, 36.3995, 45.8000, 0.608524, 0.765374, 0.209525, 0.006318, -0.789926, 0.609416, 0.068046, -0.007131, -0.075607, -0.206917, 0.975433, 0.190050, 0.000000, 0.000000, 0.000000, 1.000000, -0.075607, -0.206917, 0.975433, 0.212050, -0.608524, -0.765374, -0.209525, -0.006318, 0.789926, -0.609416, -0.068046, 0.207205, 0.000000, 0.000000, 0.000000, 1.000000, -0.007247, -0.059324, -0.998212, 0.143812, -0.999368, 0.035163, 0.005165, 0.036400, 0.034793, 0.997619, -0.059542, 0.045800, 0.000000, 0.000000, 0.000000, 1.000000
2.4025, 6.2032, -7.2361, 190.2926, 212.2926, -6.2032, 207.3095, 143.7939, 36.3991, 45.9042, 0.607976, 0.763935, 0.216261, 0.006203, -0.789664, 0.610109, 0.064796, -0.007236, -0.082443, -0.210167, 0.974183, 0.190293, 0.000000, 0.000000, 0.000000, 1.000000, -0.082443, -0.210167, 0.974183, 0.212293, -0.607976, -0.763935, -0.216261, -0.006203, 0.789664, -0.610109, -0.064796, 0.207310, 0.000000, 0.000000, 0.000000, 1.000000, -0.000642, -0.058104, -0.998310, 0.143794, -0.999339, 0.036322, -0.001471, 0.036399, 0.036346, 0.997650, -0.058089, 0.045904, 0.000000, 0.000000, 0.000000, 1.000000
2.5220, 6.1229, -7.3631, 190.6796, 212.6796, -6.1229, 207.4365, 143.6210, 36.3710, 45.9643, 0.609047, 0.763159, 0.215989, 0.006123, -0.789444, 0.609542, 0.072366, -0.007363, -0.076427, -0.214586, 0.973710, 0.190680, 0.000000, 0.000000, 0.000000, 1.000000, -0.076427, -0.214586, 0.973710, 0.212680, -0.609047, -0.763159, -0.215989, -0.006123, 0.789444, -0.609542, -0.072366, 0.207437, 0.000000, 0.000000, 0.000000, 1.000000, -0.006794, -0.055684, -0.998425, 0.143621, -0.999341, 0.035989, 0.004793, 0.036371, 0.035665, 0.997800, -0.055892, 0.045964, 0.000000, 0.000000, 0.000000, 1.000000
2.6416, 6.0251, -7.4464, 191.2166, 213.2166, -6.0251, 207.5199, 143.3048, 36.3995, 45.9940, 0.608593, 0.764510, 0.212459, 0.006025, -0.789792, 0.609439, 0.069377, -0.007446, -0.076441, -0.210021, 0.974704, 0.191217, 0.000000, 0.000000, 0.000000, 1.000000, -0.076441, -0.210021, 0.974704, 0.213217, -0.608593, -0.764510, -0.212459, -0.006025, 0.789792, -0.609439, -0.069377, 0.207520, 0.000000, 0.000000, 0.000000, 1.000000, -0.006700, -0.062490, -0.998023, 0.143305, -0.999361, 0.035456, 0.004489, 0.036400, 0.035105, 0.997416, -0.062688, 0.045994, 0.000000, 0.000000, 0.000000, 1.000000
2.7580, 5.9158, -7.5348, 191.2385, 213.2385, -5.9158, 207.6083, 143.4823, 36.3928, 46.1443, 0.608316, 0.762477, 0.220410, 0.005916, -0.789809, 0.608974, 0.073158, -0.007535, -0.078443, -0.218585, 0.972660, 0.191238, 0.000000, 0.000000, 0.000000, 1.000000, -0.078443, -0.218585, 0.972660, 0.213238, -0.608316, -0.762477, -0.220410, -0.005916, 0.789809, -0.608974, -0.073158, 0.207608, 0.000000, 0.000000, 0.000000, 1.000000, -0.004777, -0.055721, -0.998435, 0.143482, -0.999361, 0.035630, 0.002793, 0.036393, 0.035418, 0.997810, -0.055855, 0.046144, 0.000000, 0.000000, 0.000000, 1.000000
2.8758, 5.8173, -7.6291, 191.6172, 213.6172, -5.8173, 207.7026, 143.3174, 36.4012, 46.2045, 0.608248, 0.763092, 0.218459, 0.005817, -0.789985, 0.608749, 0.073130, -0.007629, -0.077182, -0.217061, 0.973102, 0.191617, 0.000000, 0.000000, 0.000000, 1.000000, -0.077182, -0.217061, 0.973102, 0.213617, -0.608248, -0.763092, -0.218459, -0.005817, 0.789985, -0.608749, -0.073130, 0.207703, 0.000000, 0.000000, 0.000000, 1.000000, -0.006022, -0.059373, -0.998218, 0.143317, -0.999372, 0.035202, 0.003935, 0.036401, 0.034906, 0.997615, -0.059547, 0.046204, 0.000000, 0.000000, 0.000000, 1.000000
3.0028, 5.7136, -7.7425, 191.9257, 213.9257, -5.7136, 207.8160, 143.2362, 36.3921, 46.2912, 0.607799, 0.762829, 0.220619, 0.005714, -0.790168, 0.608568, 0.072660, -0.007743, -0.078835, -0.218489, 0.972650, 0.191926, 0.000000, 0.000000, 0.000000, 1.000000, -0.078835, -0.218489, 0.972650, 0.213926, -0.607799, -0.762829, -0.220619, -0.005714, 0.790168, -0.608568, -0.072660, 0.207816, 0.000000, 0.000000, 0.000000, 1.000000, -0.004376, -0.060127, -0.998181, 0.143236, -0.999381, 0.035103, 0.002267, 0.036392, 0.034903, 0.997573, -0.060243, 0.046291, 0.000000, 0.000000, 0.000000, 1.000000
3.1344, 5.6769, -7.7933, 192.2899, 214.2899, -5.6769, 207.8668, 143.0836, 36.3988, 46.4605, 0.608926, 0.763039, 0.216751, 0.005677, -0.789836, 0.608489, 0.076818, -0.007793, -0.073275, -0.217975, 0.973200, 0.192290, 0.000000, 0.000000, 0.000000, 1.000000, -0.073275, -0.217975, 0.973200, 0.214290, -0.608926, -0.763039, -0.216751, -0.005677, 0.789836, -0.608489, -0.076818, 0.207867, 0.000000, 0.000000, 0.000000, 1.000000, -0.010116, -0.062958, -0.997965, 0.143084, -0.999357, 0.034955, 0.007925, 0.036399, 0.034385, 0.997404, -0.063271, 0.046460, 0.000000, 0.000000, 0.000000, 1.000000
3.2711, 5.5256, -7.9335, 192.3604, 214.3604, -5.5256, 208.0069, 143.2594, 36.3781, 46.5853, 0.607884, 0.760011, 0.229914, 0.005526, -0.789895, 0.608313, 0.077595, -0.007933, -0.080887, -0.228777, 0.970113, 0.192360, 0.000000, 0.000000, 0.000000, 1.000000, -0.080887, -0.228777, 0.970113, 0.214360, -0.607884, -0.760011, -0.229914, -0.005526, 0.789895, -0.608313, -0.077595, 0.208007, 0.000000, 0.000000, 0.000000, 1.000000, -0.002630, -0.054166, -0.998529, 0.143259, -0.999360, 0.035777, 0.000692, 0.036378, 0.035687, 0.997891, -0.054225, 0.046585, 0.000000, 0.000000, 0.000000, 1.000000
3.4031, 5.4577, -8.0147, 192.9196, 214.9196, -5.4577, 208.0881, 142.9331, 36.3929, 46.6572, 0.608660, 0.760935, 0.224746, 0.005458, -0.789556, 0.608842, 0.076896, -0.008015, -0.078322, -0.224253, 0.971379, 0.192920, 0.000000, 0.000000, 0.000000, 1.000000, -0.078322, -0.224253, 0.971379, 0.214920, -0.608660, -0.760935, -0.224746, -0.005458, 0.789556, -0.608842, -0.076896, 0.208088, 0.000000, 0.000000, 0.000000, 1.000000, -0.005413, -0.061099, -0.998117, 0.142933, -0.999347, 0.035998, 0.003216, 0.036393, 0.035734, 0.997482, -0.061254, 0.046657, 0.000000, 0.000000, 0.000000, 1.000000
3.5361, 5.3530, -8.1380, 193.4030, 215.4031, -5.3530, 208.2115, 142.6954, 36.3890, 46.6987, 0.608651, 0.761353, 0.223348, 0.005353, -0.789934, 0.607885, 0.080500, -0.008138, -0.074481, -0.225427, 0.971409, 0.193403, 0.000000, 0.000000, 0.000000, 1.000000, -0.074481, -0.225427, 0.971409, 0.215403, -0.608651, -0.761353, -0.223348, -0.005353, 0.789934, -0.607885, -0.080500, 0.208211, 0.000000, 0.000000, 0.000000, 1.000000, -0.009119, -0.062301, -0.998016, 0.142695, -0.999367, 0.034892, 0.006953, 0.036389, 0.034390, 0.997447, -0.062580, 0.046699, 0.000000, 0.000000, 0.000000, 1.000000
3.6719, 5.2392, -8.2336, 193.6020, 215.6020, -5.2392, 208.3070, 142.7331, 36.3921, 46.8373, 0.608444, 0.760043, 0.228322, 0.005239, -0.789862, 0.607855, 0.081423, -0.008234, -0.076902, -0.229884, 0.970175, 0.193602, 0.000000, 0.000000, 0.000000, 1.000000, -0.076902, -0.229884, 0.970175, 0.215602, -0.608444, -0.760043, -0.228322, -0.005239, 0.789862, -0.607855, -0.081423, 0.208307, 0.000000, 0.000000, 0.000000, 1.000000, -0.006842, -0.060045, -0.998172, 0.142733, -0.999366, 0.035302, 0.004726, 0.036392, 0.034954, 0.997571, -0.060249, 0.046837, 0.000000, 0.000000, 0.000000, 1.000000
3.8116, 5.1020, -8.3432, 193.9439, 215.9439, -5.1020, 208.4166, 142.6482, 36.4079, 46.9178, 0.608174, 0.759299, 0.231495, 0.005102, -0.790012, 0.607428, 0.083138, -0.008343, -0.077490, -0.233446, 0.969277, 0.193944, 0.000000, 0.000000, 0.000000, 1.000000, -0.077490, -0.233446, 0.969277, 0.215944, -0.608174, -0.759299, -0.231495, -0.005102, 0.790012, -0.607428, -0.083138, 0.208417, 0.000000, 0.000000, 0.000000, 1.000000, -0.006274, -0.058826, -0.998249, 0.142648, -0.999374, 0.035126, 0.004211, 0.036408, 0.034817, 0.997650, -0.059010, 0.046918, 0.000000, 0.000000, 0.000000, 1.000000
3.9465, 5.0227, -8.4233, 194.2556, 216.2556, -5.0227, 208.4967, 142.5663, 36.4118, 47.0554, 0.608445, 0.759077, 0.231509, 0.005023, -0.789751, 0.607843, 0.082591, -0.008423, -0.078028, -0.233087, 0.969320, 0.194256, 0.000000, 0.000000, 0.000000, 1.000000, -0.078028, -0.233087, 0.969320, 0.216256, -0.608445, -0.759077, -0.231509, -0.005023, 0.789751, -0.607843, -0.082591, 0.208497, 0.000000, 0.000000, 0.000000, 1.000000, -0.005949, -0.061502, -0.998089, 0.142566, -0.999358, 0.035617, 0.003762, 0.036412, 0.035318, 0.997471, -0.061675, 0.047055, 0.000000, 0.000000, 0.000000, 1.000000
4.0654, 4.9052, -8.5500, 194.5819, 216.5819, -4.9052, 208.6234, 142.4650, 36.4011, 47.0921, 0.608518, 0.757326, 0.236987, 0.004905, -0.789910, 0.606624, 0.089718, -0.008550, -0.075816, -0.241794, 0.967361, 0.194582, 0.000000, 0.000000, 0.000000, 1.000000, -0.075816, -0.241794, 0.967361, 0.216582, -0.608518, -0.757326, -0.236987, -0.004905, 0.789910, -0.606624, -0.089718, 0.208623, 0.000000, 0.000000, 0.000000, 1.000000, -0.008130, -0.054645, -0.998473, 0.142465, -0.999368, 0.035007, 0.006222, 0.036401, 0.034613, 0.997892, -0.054895, 0.047092, 0.000000, 0.000000, 0.000000, 1.000000
4.1845, 4.8118, -8.6407, 194.9079, 216.9079, -4.8118, 208.7141, 142.3537, 36.4056, 47.1676, 0.608347, 0.757594, 0.236570, 0.004812, -0.789910, 0.606925, 0.087658, -0.008641, -0.077171, -0.240196, 0.967652, 0.194908, 0.000000, 0.000000, 0.000000, 1.000000, -0.077171, -0.240196, 0.967652, 0.216908, -0.608347, -0.757594, -0.236570, -0.004812, 0.789910, -0.606925, -0.087658, 0.208714, 0.000000, 0.000000, 0.000000, 1.000000, -0.006865, -0.058351, -0.998273, 0.142354, -0.999368, 0.035212, 0.004814, 0.036406, 0.034870, 0.997675, -0.058556, 0.047168, 0.000000, 0.000000, 0.000000, 1.000000
4.3038, 4.7100, -8.7598, 195.3500, 217.3500, -4.7100, 208.8333, 142.1383, 36.4004, 47.1853, 0.608971, 0.757176, 0.236303, 0.004710, -0.789697, 0.606697, 0.091094, -0.008760, -0.074390, -0.242081, 0.967400, 0.195350, 0.000000, 0.000000, 0.000000, 1.000000, -0.074390, -0.242081, 0.967400, 0.217350, -0.608971, -0.757176, -0.236303, -0.004710, 0.789697, -0.606697, -0.091094, 0.208833, 0.000000, 0.000000, 0.000000, 1.000000, -0.009785, -0.058490, -0.998240, 0.142138, -0.999353, 0.035131, 0.007737, 0.036400, 0.034617, 0.997670, -0.058795, 0.047185, 0.000000, 0.000000, 0.000000, 1.000000
4.4167, 4.6292, -8.8543, 195.7103, 217.7103, -4.6292, 208.9277, 141.9837, 36.3971, 47.2409, 0.608844, 0.756784, 0.237880, 0.004629, -0.789734, 0.606581, 0.091536, -0.008854, -0.075021, -0.243593, 0.966972, 0.195710, 0.000000, 0.000000, 0.000000, 1.000000, -0.075021, -0.243593, 0.966972, 0.217710, -0.608844, -0.756784, -0.237880, -0.004629, 0.789734, -0.606581, -0.091536, 0.208928, 0.000000, 0.000000, 0.000000, 1.000000, -0.009213, -0.058892, -0.998222, 0.141984, -0.999356, 0.035154, 0.007150, 0.036397, 0.034671, 0.997645, -0.059178, 0.047241, 0.000000, 0.000000, 0.000000, 1.000000
4.5466, 4.5344, -8.9073, 196.0563, 218.0563, -4.5344, 208.9807, 141.8648, 36.4345, 47.3549, 0.608341, 0.757050, 0.238321, 0.004534, -0.790111, 0.606089, 0.091545, -0.008907, -0.075140, -0.243991, 0.966862, 0.196056, 0.000000, 0.000000, 0.000000, 1.000000, -0.075140, -0.243991, 0.966862, 0.218056, -0.608341, -0.757050, -0.238321, -0.004534, 0.790111, -0.606089, -0.091545, 0.208981, 0.000000, 0.000000, 0.000000, 1.000000, -0.008987, -0.060793, -0.998110, 0.141865, -0.999378, 0.034572, 0.006893, 0.036434, 0.034087, 0.997551, -0.061066, 0.047355, 0.000000, 0.000000, 0.000000, 1.000000
4.6740, 4.4266, -9.0052, 196.1953, 218.1953, -4.4266, 209.0787, 141.9487, 36.4277, 47.4899, 0.608101, 0.755334, 0.244303, 0.004427, -0.789909, 0.606376, 0.091393, -0.009005, -0.079107, -0.248553, 0.965383, 0.196195, 0.000000, 0.000000, 0.000000, 1.000000, -0.079107, -0.248553, 0.965383, 0.218195, -0.608101, -0.755334, -0.244303, -0.004427, 0.789909, -0.606376, -0.091393, 0.209079, 0.000000, 0.000000, 0.000000, 1.000000, -0.005253, -0.058219, -0.998290, 0.141949, -0.999366, 0.035465, 0.003191, 0.036428, 0.035218, 0.997674, -0.058368, 0.047490, 0.000000, 0.000000, 0.000000, 1.000000
4.8114, 4.3425, -9.1113, 196.5402, 218.5402, -4.3425, 209.1848, 141.8449, 36.4157, 47.5991, 0.608430, 0.755373, 0.243361, 0.004343, -0.789865, 0.606134, 0.093357, -0.009111, -0.076990, -0.249023, 0.965433, 0.196540, 0.000000, 0.000000, 0.000000, 1.000000, -0.076990, -0.249023, 0.965433, 0.218540, -0.608430, -0.755373, -0.243361, -0.004343, 0.789865, -0.606134, -0.093357, 0.209185, 0.000000, 0.000000, 0.000000, 1.000000, -0.007447, -0.060146, -0.998162, 0.141845, -0.999366, 0.035212, 0.005334, 0.036416, 0.034826, 0.997568, -0.060370, 0.047599, 0.000000, 0.000000, 0.000000, 1.000000
4.9342, 4.2351, -9.2194, 196.9620, 218.9620, -4.2351, 209.2928, 141.6560, 36.4214, 47.6287, 0.608831, 0.754493, 0.245080, 0.004235, -0.789901, 0.605134, 0.099342, -0.009219, -0.073353, -0.254071, 0.964400, 0.196962, 0.000000, 0.000000, 0.000000, 1.000000, -0.073353, -0.254071, 0.964400, 0.218962, -0.608831, -0.754493, -0.245080, -0.004235, 0.789901, -0.605134, -0.099342, 0.209293, 0.000000, 0.000000, 0.000000, 1.000000, -0.011081, -0.057117, -0.998306, 0.141656, -0.999362, 0.034541, 0.009117, 0.036421, 0.033962, 0.997770, -0.057463, 0.047629, 0.000000, 0.000000, 0.000000, 1.000000
5.0605, 4.1496, -9.3164, 197.2686, 219.2686, -4.1496, 209.3899, 141.5735, 36.4147, 47.7249, 0.608559, 0.754032, 0.247165, 0.004150, -0.789977, 0.605065, 0.099162, -0.009316, -0.074780, -0.255601, 0.963886, 0.197269, 0.000000, 0.000000, 0.000000, 1.000000, -0.074780, -0.255601, 0.963886, 0.219269, -0.608559, -0.754032, -0.247165, -0.004150, 0.789977, -0.605065, -0.099162, 0.209390, 0.000000, 0.000000, 0.000000, 1.000000, -0.009715, -0.057724, -0.998285, 0.141573, -0.999370, 0.034640, 0.007723, 0.036415, 0.034135, 0.997731, -0.058024, 0.047725, 0.000000, 0.000000, 0.000000, 1.000000
5.1770, 4.0307, -9.4187, 197.6315, 219.6316, -4.0307, 209.4921, 141.4353, 36.4273, 47.7498, 0.608447, 0.753558, 0.248884, 0.004031, -0.789973, 0.605041, 0.099338, -0.009419, -0.075728, -0.257053, 0.963426, 0.197632, 0.000000, 0.000000, 0.000000, 1.000000, -0.075728, -0.257053, 0.963426, 0.219632, -0.608447, -0.753558, -0.248884, -0.004031, 0.789973, -0.605041, -0.099338, 0.209492, 0.000000, 0.000000, 0.000000, 1.000000, -0.008854, -0.058233, -0.998264, 0.141435, -0.999371, 0.034789, 0.006835, 0.036427, 0.034331, 0.997697, -0.058505, 0.047750, 0.000000, 0.000000, 0.000000, 1.000000
5.3007, 3.9968, -9.4814, 197.9175, 219.9175, -3.9968, 209.5549, 141.3497, 36.4171, 47.9031, 0.608778, 0.753684, 0.247691, 0.003997, -0.789818, 0.605170, 0.099789, -0.009481, -0.074686, -0.256380, 0.963686, 0.197917, 0.000000, 0.000000, 0.000000, 1.000000, -0.074686, -0.256380, 0.963686, 0.219917, -0.608778, -0.753684, -0.247691, -0.003997, 0.789818, -0.605170, -0.099789, 0.209555, 0.000000, 0.000000, 0.000000, 1.000000, -0.010033, -0.061078, -0.998083, 0.141350, -0.999361, 0.034870, 0.007912, 0.036417, 0.034320, 0.997524, -0.061389, 0.047903, 0.000000, 0.000000, 0.000000, 1.000000
5.4261, 3.8788, -9.5862, 198.2329, 220.2329, -3.8788, 209.6596, 141.2693, 36.4237, 47.9630, 0.608499, 0.752262, 0.252648, 0.003879, -0.789726, 0.605288, 0.099795, -0.009586, -0.077853, -0.260249, 0.962398, 0.198233, 0.000000, 0.000000, 0.000000, 1.000000, -0.077853, -0.260249, 0.962398, 0.220233, -0.608499, -0.752262, -0.252648, -0.003879, 0.789726, -0.605288, -0.099795, 0.209660, 0.000000, 0.000000, 0.000000, 1.000000, -0.007044, -0.059194, -0.998222, 0.141269, -0.999357, 0.035507, 0.004946, 0.036424, 0.035151, 0.997615, -0.059406, 0.047963, 0.000000, 0.000000, 0.000000, 1.000000
5.5444, 3.7901, -9.6768, 198.5987, 220.5987, -3.7901, 209.7502, 141.1213, 36.4285, 48.0183, 0.608266, 0.751830, 0.254487, 0.003790, -0.789954, 0.604659, 0.101780, -0.009677, -0.077357, -0.262942, 0.961706, 0.198599, 0.000000, 0.000000, 0.000000, 1.000000, -0.077357, -0.262942, 0.961706, 0.220599, -0.608266, -0.751830, -0.254487, -0.003790, 0.789954, -0.604659, -0.101780, 0.209750, 0.000000, 0.000000, 0.000000, 1.000000, -0.007484, -0.058497, -0.998260, 0.141121, -0.999371, 0.035050, 0.005439, 0.036428, 0.034671, 0.997672, -0.058722, 0.048018, 0.000000, 0.000000, 0.000000, 1.000000
5.6632, 3.7026, -9.7895, 198.7462, 220.7462, -3.7026, 209.8630, 141.1831, 36.3986, 48.1332, 0.608503, 0.750223, 0.258630, 0.003703, -0.789724, 0.604475, 0.104622, -0.009790, -0.077846, -0.267909, 0.960294, 0.198746, 0.000000, 0.000000, 0.000000, 1.000000, -0.077846, -0.267909, 0.960294, 0.220746, -0.608503, -0.750223, -0.258630, -0.003703, 0.789724, -0.604475, -0.104622, 0.209863, 0.000000, 0.000000, 0.000000, 1.000000, -0.007198, -0.055368, -0.998440, 0.141183, -0.999357, 0.035469, 0.005237, 0.036399, 0.035124, 0.997836, -0.055587, 0.048133, 0.000000, 0.000000, 0.000000, 1.000000
5.7872, 3.6324, -9.8282, 198.9811, 220.9811, -3.6324, 209.9016, 141.1542, 36.4252, 48.2873, 0.608206, 0.750106, 0.259667, 0.003632, -0.789931, 0.604130, 0.105054, -0.009828, -0.078071, -0.269013, 0.959967, 0.198981, 0.000000, 0.000000, 0.000000, 1.000000, -0.078071, -0.269013, 0.959967, 0.220981, -0.608206, -0.750106, -0.259667, -0.003632, 0.789931, -0.604130, -0.105054, 0.209902, 0.000000, 0.000000, 0.000000, 1.000000, -0.006942, -0.056403, -0.998384, 0.141154, -0.999369, 0.035177, 0.004962, 0.036425, 0.034840, 0.997788, -0.056612, 0.048287, 0.000000, 0.000000, 0.000000, 1.000000
5.9120, 3.5633, -9.9594, 199.4763, 221.4763, -3.5633, 210.0328, 140.8934, 36.3952, 48.3060, 0.608911, 0.749424, 0.259985, 0.003563, -0.789722, 0.603556, 0.109820, -0.009959, -0.074613, -0.272186, 0.959347, 0.199476, 0.000000, 0.000000, 0.000000, 1.000000, -0.074613, -0.272186, 0.959347, 0.221476, -0.608911, -0.749424, -0.259985, -0.003563, 0.789722, -0.603556, -0.109820, 0.210033, 0.000000, 0.000000, 0.000000, 1.000000, -0.010521, -0.055300, -0.998414, 0.140893, -0.999355, 0.034873, 0.008599, 0.036395, 0.034343, 0.997861, -0.055631, 0.048306, 0.000000, 0.000000, 0.000000, 1.000000
6.0322, 3.4613, -10.0295, 199.9691, 221.9691, -3.4613, 210.1029, 140.6311, 36.4339, 48.3227, 0.608542, 0.750093, 0.258916, 0.003461, -0.790019, 0.603322, 0.108963, -0.010029, -0.074477, -0.270857, 0.959734, 0.199969, 0.000000, 0.000000, 0.000000, 1.000000, -0.074477, -0.270857, 0.959734, 0.221969, -0.608542, -0.750093, -0.258916, -0.003461, 0.790019, -0.603322, -0.108963, 0.210103, 0.000000, 0.000000, 0.000000, 1.000000, -0.010566, -0.058819, -0.998213, 0.140631, -0.999372, 0.034389, 0.008552, 0.036434, 0.033825, 0.997676, -0.059146, 0.048323, 0.000000, 0.000000, 0.000000, 1.000000
6.1466, 3.3959, -10.0814, 200.2288, 222.2288, -3.3959, 210.1548, 140.5672, 36.4488, 48.4390, 0.608447, 0.750114, 0.259077, 0.003396, -0.790156, 0.602976, 0.109877, -0.010081, -0.073797, -0.271566, 0.959586, 0.200229, 0.000000, 0.000000, 0.000000, 1.000000, -0.073797, -0.271566, 0.959586, 0.222229, -0.608447, -0.750114, -0.259077, -0.003396, 0.790156, -0.602976, -0.109877, 0.210155, 0.000000, 0.000000, 0.000000, 1.000000, -0.011225, -0.060105, -0.998129, 0.140567, -0.999378, 0.034044, 0.009189, 0.036449, 0.033428, 0.997611, -0.060450, 0.048439, 0.000000, 0.000000, 0.000000, 1.000000
6.2831, 3.3100, -10.1540, 200.6557, 222.6557, -3.3100, 210.2274, 140.3848, 36.4710, 48.5258, 0.608074, 0.750490, 0.258863, 0.003310, -0.790349, 0.603002, 0.108335, -0.010154, -0.074791, -0.270468, 0.959819, 0.200656, 0.000000, 0.000000, 0.000000, 1.000000, -0.074791, -0.270468, 0.959819, 0.222656, -0.608074, -0.750490, -0.258863, -0.003310, 0.790349, -0.603002, -0.108335, 0.210227, 0.000000, 0.000000, 0.000000, 1.000000, -0.010228, -0.063633, -0.997921, 0.140385, -0.999392, 0.033928, 0.008080, 0.036471, 0.033343, 0.997396, -0.063941, 0.048526, 0.000000, 0.000000, 0.000000, 1.000000
6.4099, 3.2017, -10.2904, 200.7917, 222.7917, -3.2017, 210.3639, 140.4790, 36.4331, 48.6320, 0.608036, 0.747794, 0.266639, 0.003202, -0.790067, 0.602947, 0.110674, -0.010290, -0.078008, -0.277957, 0.957421, 0.200792, 0.000000, 0.000000, 0.000000, 1.000000, -0.078008, -0.277957, 0.957421, 0.222792, -0.608036, -0.747794, -0.266639, -0.003202, 0.790067, -0.602947, -0.110674, 0.210364, 0.000000, 0.000000, 0.000000, 1.000000, -0.007308, -0.057953, -0.998293, 0.140479, -0.999377, 0.034898, 0.005290, 0.036433, 0.034532, 0.997709, -0.058172, 0.048632, 0.000000, 0.000000, 0.000000, 1.000000
6.5358, 3.1092, -10.3842, 201.1374, 223.1374, -3.1092, 210.4576, 140.3645, 36.4360, 48.7015, 0.608199, 0.747292, 0.267673, 0.003109, -0.789971, 0.602843, 0.111925, -0.010384, -0.077724, -0.279527, 0.956987, 0.201137, 0.000000, 0.000000, 0.000000, 1.000000, -0.077724, -0.279527, 0.956987, 0.223137, -0.608199, -0.747292, -0.267673, -0.003109, 0.789971, -0.602843, -0.111925, 0.210458, 0.000000, 0.000000, 0.000000, 1.000000, -0.007715, -0.058499, -0.998258, 0.140365, -0.999372, 0.034990, 0.005673, 0.036436, 0.034597, 0.997674, -0.058733, 0.048701, 0.000000, 0.000000, 0.000000, 1.000000
6.6597, 3.0587, -10.4833, 201.4541, 223.4541, -3.0587, 210.5567, 140.2624, 36.4082, 48.8035, 0.609111, 0.745559, 0.270418, 0.003059, -0.789592, 0.602055, 0.118637, -0.010483, -0.074355, -0.285783, 0.955405, 0.201454, 0.000000, 0.000000, 0.000000, 1.000000, -0.074355, -0.285783, 0.955405, 0.223454, -0.609111, -0.745559, -0.270418, -0.003059, 0.789592, -0.602055, -0.118637, 0.210557, 0.000000, 0.000000, 0.000000, 1.000000, -0.011292, -0.054130, -0.998470, 0.140262, -0.999347, 0.034897, 0.009410, 0.036408, 0.034334, 0.997924, -0.054488, 0.048804, 0.000000, 0.000000, 0.000000, 1.000000
6.7777, 2.9310, -10.5703, 201.7715, 223.7715, -2.9310, 210.6438, 140.1748, 36.4349, 48.8390, 0.608684, 0.745362, 0.271917, 0.002931, -0.789880, 0.601580, 0.119127, -0.010570, -0.074787, -0.287292, 0.954919, 0.201771, 0.000000, 0.000000, 0.000000, 1.000000, -0.074787, -0.287292, 0.954919, 0.223771, -0.608684, -0.745362, -0.271917, -0.002931, 0.789880, -0.601580, -0.119127, 0.210644, 0.000000, 0.000000, 0.000000, 1.000000, -0.010780, -0.054639, -0.998448, 0.140175, -0.999365, 0.034516, 0.008901, 0.036435, 0.033976, 0.997909, -0.054977, 0.048839, 0.000000, 0.000000, 0.000000, 1.000000
6.9073, 2.8609, -10.6329, 202.0862, 224.0862, -2.8609, 210.7063, 140.0837, 36.4479, 48.9602, 0.608274, 0.745339, 0.272896, 0.002861, -0.790103, 0.601401, 0.118550, -0.010633, -0.075760, -0.287727, 0.954711, 0.202086, 0.000000, 0.000000, 0.000000, 1.000000, -0.075760, -0.287727, 0.954711, 0.224086, -0.608274, -0.745339, -0.272896, -0.002861, 0.790103, -0.601401, -0.118550, 0.210706, 0.000000, 0.000000, 0.000000, 1.000000, -0.009783, -0.056457, -0.998357, 0.140084, -0.999379, 0.034352, 0.007850, 0.036448, 0.033852, 0.997814, -0.056758, 0.048960, 0.000000, 0.000000, 0.000000, 1.000000
7.0167, 2.7901, -10.7057, 202.4674, 224.4674, -2.7901, 210.7791, 139.9054, 36.4579, 49.0020, 0.608198, 0.745702, 0.272073, 0.002790, -0.790267, 0.601058, 0.119192, -0.010706, -0.074650, -0.287503, 0.954866, 0.202467, 0.000000, 0.000000, 0.000000, 1.000000, -0.074650, -0.287503, 0.954866, 0.224467, -0.608198, -0.745702, -0.272073, -0.002790, 0.790267, -0.601058, -0.119192, 0.210779, 0.000000, 0.000000, 0.000000, 1.000000, -0.010838, -0.058639, -0.998220, 0.139905, -0.999387, 0.033879, 0.008860, 0.036458, 0.033299, 0.997704, -0.058970, 0.049002, 0.000000, 0.000000, 0.000000, 1.000000
7.1312, 2.6867, -10.8106, 202.8340, 224.8340, -2.6867, 210.8840, 139.7631, 36.4597, 49.0175, 0.608468, 0.744891, 0.273686, 0.002687, -0.790042, 0.601113, 0.120401, -0.010811, -0.074831, -0.289484, 0.954253, 0.202834, 0.000000, 0.000000, 0.000000, 1.000000, -0.074831, -0.289484, 0.954253, 0.224834, -0.608468, -0.744891, -0.273686, -0.002687, 0.790042, -0.601113, -0.120401, 0.210884, 0.000000, 0.000000, 0.000000, 1.000000, -0.010855, -0.058526, -0.998227, 0.139763, -0.999374, 0.034250, 0.008860, 0.036460, 0.033670, 0.997698, -0.058861, 0.049018, 0.000000, 0.000000, 0.000000, 1.000000
7.2677, 2.6401, -10.8766, 203.0433, 225.0433, -2.6401, 210.9501, 139.7731, 36.4485, 49.2053, 0.607970, 0.744468, 0.275935, 0.002640, -0.790448, 0.600204, 0.122260, -0.010877, -0.074598, -0.292443, 0.953369, 0.203043, 0.000000, 0.000000, 0.000000, 1.000000, -0.074598, -0.292443, 0.953369, 0.225043, -0.607970, -0.744468, -0.275935, -0.002640, 0.790448, -0.600204, -0.122260, 0.210950, 0.000000, 0.000000, 0.000000, 1.000000, -0.010931, -0.057866, -0.998265, 0.139773, -0.999397, 0.033540, 0.008999, 0.036448, 0.032962, 0.997761, -0.058198, 0.049205, 0.000000, 0.000000, 0.000000, 1.000000
7.4013, 2.5617, -10.9568, 203.3461, 225.3461, -2.5617, 211.0303, 139.7045, 36.4511, 49.3209, 0.607887, 0.743507, 0.278695, 0.002562, -0.790327, 0.600391, 0.122120, -0.010957, -0.076529, -0.294495, 0.952584, 0.203346, 0.000000, 0.000000, 0.000000, 1.000000, -0.076529, -0.294495, 0.952584, 0.225346, -0.607887, -0.743507, -0.278695, -0.002562, 0.790327, -0.600391, -0.122120, 0.211030, 0.000000, 0.000000, 0.000000, 1.000000, -0.009196, -0.057991, -0.998275, 0.139704, -0.999392, 0.034099, 0.007226, 0.036451, 0.033621, 0.997735, -0.058270, 0.049321, 0.000000, 0.000000, 0.000000, 1.000000
7.5397, 2.4816, -11.0588, 203.7347, 225.7347, -2.4816, 211.1323, 139.5664, 36.4434, 49.4037, 0.608966, 0.742369, 0.279372, 0.002482, -0.789840, 0.599899, 0.127570, -0.011059, -0.072891, -0.298345, 0.951671, 0.203735, 0.000000, 0.000000, 0.000000, 1.000000, -0.072891, -0.298345, 0.951671, 0.225735, -0.608966, -0.742369, -0.279372, -0.002482, 0.789840, -0.599899, -0.127570, 0.211132, 0.000000, 0.000000, 0.000000, 1.000000, -0.013098, -0.056364, -0.998324, 0.139566, -0.999357, 0.034078, 0.011187, 0.036443, 0.033390, 0.997829, -0.056774, 0.049404, 0.000000, 0.000000, 0.000000, 1.000000
7.6575, 2.3928, -11.1401, 204.1157, 226.1157, -2.3928, 211.2135, 139.4081, 36.4569, 49.4432, 0.607994, 0.742599, 0.280873, 0.002393, -0.790274, 0.600013, 0.124303, -0.011140, -0.076220, -0.297542, 0.951661, 0.204116, 0.000000, 0.000000, 0.000000, 1.000000, -0.076220, -0.297542, 0.951661, 0.226116, -0.607994, -0.742599, -0.280873, -0.002393, 0.790274, -0.600013, -0.124303, 0.211214, 0.000000, 0.000000, 0.000000, 1.000000, -0.009678, -0.059257, -0.998196, 0.139408, -0.999389, 0.034096, 0.007666, 0.036457, 0.033580, 0.997660, -0.059550, 0.049443, 0.000000, 0.000000, 0.000000, 1.000000
7.7766, 2.3103, -11.2200, 204.5342, 226.5342, -2.3103, 211.2934, 139.2150, 36.4706, 49.4768, 0.608441, 0.741714, 0.282241, 0.002310, -0.789862, 0.600457, 0.124776, -0.011220, -0.076925, -0.298850, 0.951195, 0.204534, 0.000000, 0.000000, 0.000000, 1.000000, -0.076925, -0.298850, 0.951195, 0.226534, -0.608441, -0.741714, -0.282241, -0.002310, 0.789862, -0.600457, -0.124776, 0.211293, 0.000000, 0.000000, 0.000000, 1.000000, -0.009303, -0.059887, -0.998162, 0.139215, -0.999366, 0.034873, 0.007222, 0.036471, 0.034377, 0.997596, -0.060173, 0.049477, 0.000000, 0.000000, 0.000000, 1.000000
7.8833, 2.2346, -11.3227, 204.8799, 226.8799, -2.2346, 211.3962, 139.0750, 36.4565, 49.4978, 0.608784, 0.740999, 0.283378, 0.002235, -0.790046, 0.598761, 0.131577, -0.011323, -0.072177, -0.303984, 0.949939, 0.204880, 0.000000, 0.000000, 0.000000, 1.000000, -0.072177, -0.303984, 0.949939, 0.226880, -0.608784, -0.740999, -0.283378, -0.002235, 0.790046, -0.598761, -0.131577, 0.211396, 0.000000, 0.000000, 0.000000, 1.000000, -0.013870, -0.056471, -0.998308, 0.139075, -0.999366, 0.033536, 0.011987, 0.036457, 0.032803, 0.997841, -0.056900, 0.049498, 0.000000, 0.000000, 0.000000, 1.000000
8.0112, 2.1695, -11.3837, 205.0909, 227.0909, -2.1695, 211.4572, 139.0784, 36.4603, 49.6493, 0.608097, 0.740643, 0.285771, 0.002170, -0.790430, 0.598315, 0.131296, -0.011384, -0.073738, -0.305723, 0.949261, 0.205091, 0.000000, 0.000000, 0.000000, 1.000000, -0.073738, -0.305723, 0.949261, 0.227091, -0.608097, -0.740643, -0.285771, -0.002170, 0.790430, -0.598315, -0.131296, 0.211457, 0.000000, 0.000000, 0.000000, 1.000000, -0.012202, -0.056893, -0.998306, 0.139078, -0.999394, 0.033253, 0.010321, 0.036460, 0.032610, 0.997826, -0.057265, 0.049649, 0.000000, 0.000000, 0.000000, 1.000000
8.1538, 2.0885, -11.4511, 205.4360, 227.4360, -2.0885, 211.5245, 138.9829, 36.4779, 49.7720, 0.608337, 0.740184, 0.286453, 0.002089, -0.790269, 0.598317, 0.132257, -0.011451, -0.073495, -0.306831, 0.948922, 0.205436, 0.000000, 0.000000, 0.000000, 1.000000, -0.073495, -0.306831, 0.948922, 0.227436, -0.608337, -0.740184, -0.286453, -0.002089, 0.790269, -0.598317, -0.132257, 0.211525, 0.000000, 0.000000, 0.000000, 1.000000, -0.012615, -0.058193, -0.998226, 0.138983, -0.999384, 0.033440, 0.010680, 0.036478, 0.032759, 0.997745, -0.058579, 0.049772, 0.000000, 0.000000, 0.000000, 1.000000
8.2826, 1.9926, -11.5396, 205.8913, 227.8913, -1.9926, 211.6131, 138.7757, 36.4951, 49.7969, 0.607994, 0.740502, 0.286357, 0.001993, -0.790453, 0.598354, 0.130983, -0.011540, -0.074350, -0.305988, 0.949128, 0.205891, 0.000000, 0.000000, 0.000000, 1.000000, -0.074350, -0.305988, 0.949128, 0.227891, -0.607994, -0.740502, -0.286357, -0.001993, 0.790453, -0.598354, -0.130983, 0.211613, 0.000000, 0.000000, 0.000000, 1.000000, -0.011750, -0.061330, -0.998048, 0.138776, -0.999397, 0.033348, 0.009717, 0.036495, 0.032687, 0.997560, -0.061685, 0.049797, 0.000000, 0.000000, 0.000000, 1.000000
8.4063, 1.9405, -11.6395, 206.2500, 228.2500, -1.9405, 211.7130, 138.6389, 36.4707, 49.8698, 0.608324, 0.739914, 0.287174, 0.001940, -0.790283, 0.598159, 0.132885, -0.011640, -0.073452, -0.307786, 0.948616, 0.206250, 0.000000, 0.000000, 0.000000, 1.000000, -0.073452, -0.307786, 0.948616, 0.228250, -0.608324, -0.739914, -0.287174, -0.001940, 0.790283, -0.598159, -0.132885, 0.211713, 0.000000, 0.000000, 0.000000, 1.000000, -0.012792, -0.061587, -0.998020, 0.138639, -0.999384, 0.033399, 0.010749, 0.036471, 0.032671, 0.997543, -0.061976, 0.049870, 0.000000, 0.000000, 0.000000, 1.000000
8.5217, 1.8296, -11.7328, 206.4371, 228.4372, -1.8296, 211.8063, 138.6694, 36.4730, 49.9454, 0.608262, 0.737270, 0.294025, 0.001830, -0.789954, 0.598417, 0.133677, -0.011733, -0.077394, -0.313577, 0.946404, 0.206437, 0.000000, 0.000000, 0.000000, 1.000000, -0.077394, -0.313577, 0.946404, 0.228437, -0.608262, -0.737270, -0.294025, -0.001830, 0.789954, -0.598417, -0.133677, 0.211806, 0.000000, 0.000000, 0.000000, 1.000000, -0.009240, -0.057371, -0.998310, 0.138669, -0.999371, 0.034717, 0.007254, 0.036473, 0.034242, 0.997749, -0.057656, 0.049945, 0.000000, 0.000000, 0.000000, 1.000000
8.6423, 1.7735, -11.8300, 206.7987, 228.7987, -1.7735, 211.9035, 138.5276, 36.4532, 50.0069, 0.607991, 0.736939, 0.295411, 0.001773, -0.790182, 0.597843, 0.134896, -0.011830, -0.077199, -0.315444, 0.945799, 0.206799, 0.000000, 0.000000, 0.000000, 1.000000, -0.077199, -0.315444, 0.945799, 0.228799, -0.607991, -0.736939, -0.295411, -0.001773, 0.790182, -0.597843, -0.134896, 0.211903, 0.000000, 0.000000, 0.000000, 1.000000, -0.009362, -0.057537, -0.998299, 0.138528, -0.999384, 0.034306, 0.007395, 0.036453, 0.033822, 0.997754, -0.057823, 0.050007, 0.000000, 0.000000, 0.000000, 1.000000
8.7579, 1.7114, -11.8609, 207.0843, 229.0843, -1.7114, 211.9343, 138.4409, 36.4852, 50.1166, 0.608447, 0.736588, 0.295347, 0.001711, -0.790097, 0.597155, 0.138394, -0.011861, -0.074429, -0.317558, 0.945313, 0.207084, 0.000000, 0.000000, 0.000000, 1.000000, -0.074429, -0.317558, 0.945313, 0.229084, -0.608447, -0.736588, -0.295347, -0.001711, 0.790097, -0.597155, -0.138394, 0.211934, 0.000000, 0.000000, 0.000000, 1.000000, -0.012162, -0.057362, -0.998279, 0.138441, -0.999376, 0.033797, 0.010234, 0.036485, 0.033152, 0.997781, -0.057738, 0.050117, 0.000000, 0.000000, 0.000000, 1.000000
8.8695, 1.6463, -11.9531, 207.4794, 229.4794, -1.6463, 212.0265, 138.2592, 36.4771, 50.1383, 0.608504, 0.736411, 0.295672, 0.001646, -0.790200, 0.596509, 0.140575, -0.011953, -0.072850, -0.319181, 0.944890, 0.207479, 0.000000, 0.000000, 0.000000, 1.000000, -0.072850, -0.319181, 0.944890, 0.229479, -0.608504, -0.736411, -0.295672, -0.001646, 0.790200, -0.596509, -0.140575, 0.212027, 0.000000, 0.000000, 0.000000, 1.000000, -0.013688, -0.057640, -0.998244, 0.138259, -0.999377, 0.033257, 0.011784, 0.036477, 0.032519, 0.997783, -0.058059, 0.050138, 0.000000, 0.000000, 0.000000, 1.000000
8.9974, 1.5667, -12.0044, 207.7968, 229.7968, -1.5667, 212.0778, 138.1691, 36.5052, 50.2399, 0.608068, 0.736599, 0.296100, 0.001567, -0.790374, 0.596736, 0.138621, -0.012004, -0.074585, -0.318320, 0.945045, 0.207797, 0.000000, 0.000000, 0.000000, 1.000000, -0.074585, -0.318320, 0.945045, 0.229797, -0.608068, -0.736599, -0.296100, -0.001567, 0.790374, -0.596736, -0.138621, 0.212078, 0.000000, 0.000000, 0.000000, 1.000000, -0.011979, -0.060764, -0.998080, 0.138169, -0.999393, 0.033391, 0.009962, 0.036505, 0.032721, 0.997594, -0.061127, 0.050240, 0.000000, 0.000000, 0.000000, 1.000000
9.1349, 1.5023, -12.0888, 208.2182, 230.2182, -1.5023, 212.1622, 137.9961, 36.5050, 50.3170, 0.608254, 0.736266, 0.296545, 0.001502, -0.790401, 0.596079, 0.141266, -0.012089, -0.072755, -0.320315, 0.944513, 0.208218, 0.000000, 0.000000, 0.000000, 1.000000, -0.072755, -0.320315, 0.944513, 0.230218, -0.608254, -0.736266, -0.296545, -0.001502, 0.790401, -0.596079, -0.141266, 0.212162, 0.000000, 0.000000, 0.000000, 1.000000, -0.013806, -0.061093, -0.998037, 0.137996, -0.999389, 0.032905, 0.011811, 0.036505, 0.032119, 0.997590, -0.061510, 0.050317, 0.000000, 0.000000, 0.000000, 1.000000
9.2661, 1.4133, -12.1622, 208.5469, 230.5469, -1.4133, 212.2356, 137.9075, 36.5212, 50.4010, 0.607584, 0.735009, 0.301005, 0.001413, -0.790695, 0.595586, 0.141702, -0.012162, -0.075122, -0.324099, 0.943036, 0.208547, 0.000000, 0.000000, 0.000000, 1.000000, -0.075122, -0.324099, 0.943036, 0.230547, -0.607584, -0.735009, -0.301005, -0.001413, 0.790695, -0.595586, -0.141702, 0.212236, 0.000000, 0.000000, 0.000000, 1.000000, -0.011414, -0.059368, -0.998171, 0.137908, -0.999412, 0.032957, 0.009468, 0.036521, 0.032335, 0.997692, -0.059709, 0.050401, 0.000000, 0.000000, 0.000000, 1.000000
9.3900, 1.3316, -12.2599, 208.6238, 230.6238, -1.3316, 212.3333, 138.0431, 36.4950, 50.5551, 0.608006, 0.732819, 0.305460, 0.001332, -0.790202, 0.595822, 0.143447, -0.012260, -0.076879, -0.328592, 0.941338, 0.208624, 0.000000, 0.000000, 0.000000, 1.000000, -0.076879, -0.328592, 0.941338, 0.230624, -0.608006, -0.732819, -0.305460, -0.001332, 0.790202, -0.595822, -0.143447, 0.212333, 0.000000, 0.000000, 0.000000, 1.000000, -0.010099, -0.056658, -0.998343, 0.138043, -0.999385, 0.034090, 0.008175, 0.036495, 0.033570, 0.997812, -0.056967, 0.050555, 0.000000, 0.000000, 0.000000, 1.000000
9.5093, 1.2751, -12.3386, 208.9716, 230.9716, -1.2751, 212.4121, 137.9114, 36.4894, 50.6231, 0.607937, 0.731971, 0.307621, 0.001275, -0.790154, 0.595764, 0.143950, -0.012339, -0.077902, -0.330580, 0.940557, 0.208972, 0.000000, 0.000000, 0.000000, 1.000000, -0.077902, -0.330580, 0.940557, 0.230972, -0.607937, -0.731971, -0.307621, -0.001275, 0.790154, -0.595764, -0.143950, 0.212412, 0.000000, 0.000000, 0.000000, 1.000000, -0.009212, -0.056597, -0.998355, 0.137911, -0.999382, 0.034389, 0.007272, 0.036489, 0.033921, 0.997805, -0.056879, 0.050623, 0.000000, 0.000000, 0.000000, 1.000000
9.6322, 1.1916, -12.4286, 209.3288, 231.3288, -1.1916, 212.5021, 137.7875, 36.4910, 50.6687, 0.608364, 0.730652, 0.309904, 0.001192, -0.790098, 0.594500, 0.149383, -0.012429, -0.075091, -0.335734, 0.938959, 0.209329, 0.000000, 0.000000, 0.000000, 1.000000, -0.075091, -0.335734, 0.938959, 0.231329, -0.608364, -0.730652, -0.309904, -0.001192, 0.790098, -0.594500, -0.149383, 0.212502, 0.000000, 0.000000, 0.000000, 1.000000, -0.012029, -0.053315, -0.998505, 0.137787, -0.999378, 0.033751, 0.010237, 0.036491, 0.033154, 0.998007, -0.053688, 0.050669, 0.000000, 0.000000, 0.000000, 1.000000
9.7627, 1.1333, -12.5040, 209.6571, 231.6571, -1.1333, 212.5775, 137.6890, 36.4877, 50.7700, 0.608809, 0.730679, 0.308966, 0.001133, -0.789977, 0.594080, 0.151678, -0.012504, -0.072722, -0.336419, 0.938900, 0.209657, 0.000000, 0.000000, 0.000000, 1.000000, -0.072722, -0.336419, 0.938900, 0.231657, -0.608809, -0.730679, -0.308966, -0.001133, 0.789977, -0.594080, -0.151678, 0.212577, 0.000000, 0.000000, 0.000000, 1.000000, -0.014458, -0.054897, -0.998387, 0.137689, -0.999364, 0.033344, 0.012639, 0.036488, 0.032596, 0.997935, -0.055344, 0.050770, 0.000000, 0.000000, 0.000000, 1.000000
9.8917, 1.0628, -12.5522, 210.1872, 232.1872, -1.0628, 212.6256, 137.4033, 36.5284, 50.7938, 0.608351, 0.731933, 0.306893, 0.001063, -0.790353, 0.593995, 0.150043, -0.012552, -0.072471, -0.333832, 0.939843, 0.210187, 0.000000, 0.000000, 0.000000, 1.000000, -0.072471, -0.333832, 0.939843, 0.232187, -0.608351, -0.731933, -0.306893, -0.001063, 0.790353, -0.593995, -0.150043, 0.212626, 0.000000, 0.000000, 0.000000, 1.000000, -0.014532, -0.059951, -0.998096, 0.137403, -0.999385, 0.032737, 0.012585, 0.036528, 0.031920, 0.997664, -0.060389, 0.050794, 0.000000, 0.000000, 0.000000, 1.000000
9.9903, 1.0092, -12.6247, 210.6037, 232.6037, -1.0092, 212.6982, 137.1812, 36.5312, 50.7870, 0.608117, 0.731645, 0.308039, 0.001009, -0.790462, 0.593876, 0.149939, -0.012625, -0.073235, -0.334674, 0.939484, 0.210604, 0.000000, 0.000000, 0.000000, 1.000000, -0.073235, -0.334674, 0.939484, 0.232604, -0.608117, -0.731645, -0.308039, -0.001009, 0.790462, -0.593876, -0.149939, 0.212698, 0.000000, 0.000000, 0.000000, 1.000000, -0.013784, -0.060773, -0.998056, 0.137181, -0.999394, 0.032746, 0.011808, 0.036531, 0.031964, 0.997614, -0.061187, 0.050787, 0.000000, 0.000000, 0.000000, 1.000000
10.0033, 0.9065, -12.7170, 210.9700, 232.9700, -0.9065, 212.7904, 136.9155, 36.5428, 50.5472, 0.608369, 0.731080, 0.308884, 0.000907, -0.790396, 0.593332, 0.152419, -0.012717, -0.071841, -0.336868, 0.938807, 0.210970, 0.000000, 0.000000, 0.000000, 1.000000, -0.071841, -0.336868, 0.938807, 0.232970, -0.608369, -0.731080, -0.308884, -0.000907, 0.790396, -0.593332, -0.152419, 0.212790, 0.000000, 0.000000, 0.000000, 1.000000, -0.015171, -0.058689, -0.998161, 0.136916, -0.999384, 0.032472, 0.013281, 0.036543, 0.031633, 0.997748, -0.059145, 0.050547, 0.000000, 0.000000, 0.000000, 1.000000
10.0044, 0.9187, -12.7283, 211.0390, 233.0390, -0.9187, 212.8017, 136.8513, 36.5316, 50.5253, 0.608500, 0.730814, 0.309254, 0.000919, -0.790360, 0.593064, 0.153640, -0.012728, -0.071125, -0.337912, 0.938486, 0.211039, 0.000000, 0.000000, 0.000000, 1.000000, -0.071125, -0.337912, 0.938486, 0.233039, -0.608500, -0.730814, -0.309254, -0.000919, 0.790360, -0.593064, -0.153640, 0.212802, 0.000000, 0.000000, 0.000000, 1.000000, -0.015881, -0.057609, -0.998213, 0.136851, -0.999379, 0.032332, 0.014033, 0.036532, 0.031466, 0.997816, -0.058086, 0.050525, 0.000000, 0.000000, 0.000000, 1.000000
10.0046, 0.9098, -12.7307, 210.9760, 232.9759, -0.9098, 212.8041, 136.9130, 36.5303, 50.5427, 0.608383, 0.730333, 0.310618, 0.000910, -0.790332, 0.593229, 0.153148, -0.012731, -0.072419, -0.338664, 0.938116, 0.210976, 0.000000, 0.000000, 0.000000, 1.000000, -0.072419, -0.338664, 0.938116, 0.232976, -0.608383, -0.730333, -0.310618, -0.000910, 0.790332, -0.593229, -0.153148, 0.212804, 0.000000, 0.000000, 0.000000, 1.000000, -0.014658, -0.056779, -0.998279, 0.136913, -0.999383, 0.032690, 0.012815, 0.036530, 0.031906, 0.997851, -0.057223, 0.050543, 0.000000, 0.000000, 0.000000, 1.000000
