# Joint_A_Angle(deg), Cam_X(mm), Cam_Y(mm), Cam_Z(mm), Torso_X(mm), Torso_Y(mm), Torso_Z(mm), EE_X(mm), EE_Y(mm), EE_Z(mm), T_cam2marker_flat(16), T_torso2marker_flat(16), T_ee2marker_flat(16)
-19.7103, -22.2330, 12.2196, 382.0108, 451.0108, 31.2330, 244.8539, 20.6567, -24.0835, -54.5036, 0.289949, 0.953608, -0.081000, -0.022233, -0.946726, 0.298187, 0.121629, 0.012220, 0.140139, 0.041419, 0.989265, 0.382011, 0.000000, 0.000000, 0.000000, 1.000000, 0.140139, 0.041419, 0.989265, 0.451011, -0.289949, -0.953608, 0.081000, 0.031233, 0.946726, -0.298187, -0.121629, 0.244854, 0.000000, 0.000000, 0.000000, 1.000000, -0.997604, 0.045029, 0.052528, 0.020657, 0.046241, -0.130798, 0.990330, -0.024084, 0.051464, 0.990386, 0.128402, -0.054504, 0.000000, 0.000000, 0.000000, 1.000000
-19.3440, -22.4857, 12.8616, 381.7967, 450.7967, 31.4857, 244.2119, 20.2488, -24.5622, -54.6941, 0.284530, 0.954861, -0.085345, -0.022486, -0.945286, 0.294267, 0.140860, 0.012862, 0.159616, 0.040596, 0.986344, 0.381797, 0.000000, 0.000000, 0.000000, 1.000000, 0.159616, 0.040596, 0.986344, 0.450797, -0.284530, -0.954861, 0.085345, 0.031486, 0.945286, -0.294267, -0.140860, 0.244212, 0.000000, 0.000000, 0.000000, 1.000000, -0.996195, 0.047033, 0.073370, 0.020249, 0.066713, -0.130150, 0.989247, -0.024562, 0.056077, 0.990378, 0.126517, -0.054694, 0.000000, 0.000000, 0.000000, 1.000000
-19.0231, -22.8714, 13.9595, 382.2934, 451.2934, 31.8714, 243.1139, 20.3905, -24.2588, -54.7653, 0.278675, 0.956491, -0.086401, -0.022871, -0.947299, 0.288564, 0.139120, 0.013960, 0.157999, 0.043079, 0.986499, 0.382293, 0.000000, 0.000000, 0.000000, 1.000000, 0.157999, 0.043079, 0.986499, 0.451293, -0.278675, -0.956491, 0.086401, 0.031871, 0.947299, -0.288564, -0.139120, 0.243114, 0.000000, 0.000000, 0.000000, 1.000000, -0.996281, 0.046200, 0.072736, 0.020391, 0.066386, -0.126625, 0.989727, -0.024259, 0.054936, 0.990874, 0.123087, -0.054765, 0.000000, 0.000000, 0.000000, 1.000000
-18.7220, -23.1518, 14.7265, 382.3951, 451.3951, 32.1518, 242.3469, 20.2751, -24.3612, -54.8893, 0.272723, 0.958518, -0.082857, -0.023152, -0.946373, 0.282775, 0.156256, 0.014727, 0.173204, 0.035800, 0.984235, 0.382395, 0.000000, 0.000000, 0.000000, 1.000000, 0.173204, 0.035800, 0.984235, 0.451395, -0.272723, -0.958518, 0.082857, 0.032152, 0.946373, -0.282775, -0.156256, 0.242347, 0.000000, 0.000000, 0.000000, 1.000000, -0.994930, 0.045654, 0.089606, 0.020275, 0.082855, -0.132865, 0.987665, -0.024361, 0.056996, 0.990082, 0.128409, -0.054889, 0.000000, 0.000000, 0.000000, 1.000000
-18.4240, -23.6080, 15.8626, 383.2098, 452.2098, 32.6080, 241.2108, 20.5085, -23.7141, -54.9734, 0.272070, 0.958859, -0.081045, -0.023608, -0.955052, 0.279369, 0.099136, 0.015863, 0.117698, 0.050430, 0.991768, 0.383210, 0.000000, 0.000000, 0.000000, 1.000000, 0.117698, 0.050430, 0.991768, 0.452210, -0.272070, -0.958859, 0.081045, 0.032608, 0.955052, -0.279369, -0.099136, 0.241211, 0.000000, 0.000000, 0.000000, 1.000000, -0.998360, 0.045964, 0.034114, 0.020508, 0.028525, -0.117202, 0.992698, -0.023714, 0.049627, 0.992044, 0.115699, -0.054973, 0.000000, 0.000000, 0.000000, 1.000000
-18.1135, -23.7975, 16.5862, 382.8492, 451.8492, 32.7975, 240.4872, 20.3431, -24.2938, -55.1109, 0.266975, 0.959380, -0.091182, -0.023798, -0.954253, 0.276389, 0.114063, 0.016586, 0.134632, 0.056559, 0.989280, 0.382849, 0.000000, 0.000000, 0.000000, 1.000000, 0.134632, 0.056559, 0.989280, 0.451849, -0.266975, -0.959380, 0.091182, 0.032798, 0.954253, -0.276389, -0.114063, 0.240487, 0.000000, 0.000000, 0.000000, 1.000000, -0.997525, 0.047586, 0.051773, 0.020343, 0.046292, -0.109828, 0.992872, -0.024294, 0.052933, 0.992811, 0.107353, -0.055111, 0.000000, 0.000000, 0.000000, 1.000000
-17.8183, -24.2191, 17.5997, 382.7951, 451.7951, 33.2191, 239.4738, 20.5278, -24.5083, -55.3507, 0.258186, 0.963572, -0.069785, -0.024219, -0.951439, 0.266139, 0.154708, 0.017600, 0.167644, 0.026452, 0.985493, 0.382795, 0.000000, 0.000000, 0.000000, 1.000000, 0.167644, 0.026452, 0.985493, 0.451795, -0.258186, -0.963572, 0.069785, 0.033219, 0.951439, -0.266139, -0.154708, 0.239474, 0.000000, 0.000000, 0.000000, 1.000000, -0.995185, 0.043948, 0.087612, 0.020528, 0.080748, -0.139086, 0.986983, -0.024508, 0.055561, 0.989305, 0.134867, -0.055351, 0.000000, 0.000000, 0.000000, 1.000000
-17.5081, -24.4864, 18.3574, 383.0228, 452.0228, 33.4864, 238.7160, 20.3572, -24.5013, -55.4624, 0.254351, 0.963749, -0.080585, -0.024486, -0.954290, 0.263630, 0.140818, 0.018357, 0.156958, 0.041084, 0.986750, 0.383023, 0.000000, 0.000000, 0.000000, 1.000000, 0.156958, 0.041084, 0.986750, 0.452023, -0.254351, -0.963749, 0.080585, 0.033486, 0.954290, -0.263630, -0.140818, 0.238716, 0.000000, 0.000000, 0.000000, 1.000000, -0.995968, 0.045391, 0.077383, 0.020357, 0.071286, -0.123288, 0.989807, -0.024501, 0.054469, 0.991332, 0.119555, -0.055462, 0.000000, 0.000000, 0.000000, 1.000000
-17.2096, -24.7201, 19.0956, 382.8344, 451.8344, 33.7201, 237.9779, 20.2330, -24.8948, -55.6166, 0.250279, 0.965276, -0.074851, -0.024720, -0.953339, 0.259188, 0.154812, 0.019096, 0.168837, 0.032612, 0.985104, 0.382834, 0.000000, 0.000000, 0.000000, 1.000000, 0.168837, 0.032612, 0.985104, 0.451834, -0.250279, -0.965276, 0.074851, 0.033720, 0.953339, -0.259188, -0.154812, 0.237978, 0.000000, 0.000000, 0.000000, 1.000000, -0.994804, 0.046312, 0.090663, 0.020233, 0.083954, -0.130561, 0.987879, -0.024895, 0.057588, 0.990358, 0.125995, -0.055617, 0.000000, 0.000000, 0.000000, 1.000000
-16.9261, -25.1330, 20.3918, 383.8173, 452.8173, 34.1330, 236.6816, 20.6441, -24.0705, -55.6282, 0.249614, 0.966176, -0.064779, -0.025133, -0.962704, 0.254815, 0.090942, 0.020392, 0.104373, 0.039663, 0.993747, 0.383817, 0.000000, 0.000000, 0.000000, 1.000000, 0.104373, 0.039663, 0.993747, 0.452817, -0.249614, -0.966176, 0.064779, 0.034133, 0.962704, -0.254815, -0.090942, 0.236682, 0.000000, 0.000000, 0.000000, 1.000000, -0.998594, 0.045981, 0.026392, 0.020644, 0.020582, -0.122537, 0.992251, -0.024070, 0.048858, 0.991398, 0.121418, -0.055628, 0.000000, 0.000000, 0.000000, 1.000000
-16.6368, -25.3151, 21.1139, 383.9238, 452.9238, 34.3151, 235.9595, 20.4952, -24.1783, -55.6949, 0.243711, 0.965719, -0.089398, -0.025315, -0.963957, 0.251343, 0.087251, 0.021114, 0.106729, 0.064912, 0.992167, 0.383924, 0.000000, 0.000000, 0.000000, 1.000000, 0.106729, 0.064912, 0.992167, 0.452924, -0.243711, -0.965719, 0.089398, 0.034315, 0.963957, -0.251343, -0.087251, 0.235960, 0.000000, 0.000000, 0.000000, 1.000000, -0.998550, 0.045541, 0.028697, 0.020495, 0.024205, -0.096307, 0.995057, -0.024178, 0.048079, 0.994309, 0.095065, -0.055695, 0.000000, 0.000000, 0.000000, 1.000000
-16.3424, -25.5670, 21.8570, 383.8469, 452.8469, 34.5670, 235.2165, 20.3812, -24.4562, -55.8586, 0.240097, 0.967098, -0.084115, -0.025567, -0.963579, 0.247939, 0.100206, 0.021857, 0.117764, 0.056992, 0.991405, 0.383847, 0.000000, 0.000000, 0.000000, 1.000000, 0.117764, 0.056992, 0.991405, 0.452847, -0.240097, -0.967098, 0.084115, 0.034567, 0.963579, -0.247939, -0.100206, 0.235216, 0.000000, 0.000000, 0.000000, 1.000000, -0.998035, 0.047396, 0.040973, 0.020381, 0.035918, -0.102988, 0.994034, -0.024456, 0.051333, 0.993553, 0.101084, -0.055859, 0.000000, 0.000000, 0.000000, 1.000000
-16.0785, -25.8200, 22.4914, 383.5388, 452.5388, 34.8200, 234.5820, 20.2640, -24.9422, -56.0791, 0.231525, 0.970149, -0.072165, -0.025820, -0.957884, 0.240292, 0.157216, 0.022491, 0.169864, 0.032726, 0.984924, 0.383539, 0.000000, 0.000000, 0.000000, 1.000000, 0.169864, 0.032726, 0.984924, 0.452539, -0.231525, -0.970149, 0.072165, 0.034820, 0.957884, -0.240292, -0.157216, 0.234582, 0.000000, 0.000000, 0.000000, 1.000000, -0.994372, 0.045437, 0.095706, 0.020264, 0.089314, -0.126378, 0.987953, -0.024942, 0.056985, 0.990941, 0.121609, -0.056079, 0.000000, 0.000000, 0.000000, 1.000000
-15.7912, -26.0824, 23.3286, 383.9491, 452.9491, 35.0824, 233.7449, 20.2266, -24.7301, -56.1594, 0.228348, 0.971134, -0.068969, -0.026082, -0.959719, 0.236443, 0.151770, 0.023329, 0.163696, 0.031534, 0.986007, 0.383949, 0.000000, 0.000000, 0.000000, 1.000000, 0.163696, 0.031534, 0.986007, 0.452949, -0.228348, -0.971134, 0.068969, 0.035082, 0.959719, -0.236443, -0.151770, 0.233745, 0.000000, 0.000000, 0.000000, 1.000000, -0.994827, 0.046297, 0.090421, 0.020227, 0.083955, -0.126429, 0.988417, -0.024730, 0.057193, 0.990895, 0.121888, -0.056159, 0.000000, 0.000000, 0.000000, 1.000000
-15.5168, -26.4456, 24.4228, 384.1032, 453.1032, 35.4456, 232.6507, 20.5182, -24.7305, -56.3306, 0.223260, 0.973210, -0.054927, -0.026446, -0.964271, 0.228751, 0.133621, 0.024423, 0.142606, 0.023132, 0.989509, 0.384103, 0.000000, 0.000000, 0.000000, 1.000000, 0.142606, 0.023132, 0.989509, 0.453103, -0.223260, -0.973210, 0.054927, 0.035446, 0.964271, -0.228751, -0.133621, 0.232651, 0.000000, 0.000000, 0.000000, 1.000000, -0.996565, 0.043492, 0.070468, 0.020518, 0.064079, -0.133981, 0.988910, -0.024730, 0.052451, 0.990029, 0.130734, -0.056331, 0.000000, 0.000000, 0.000000, 1.000000
-15.2410, -26.7002, 25.3035, 384.5020, 453.5020, 35.7002, 231.7699, 20.5565, -24.5196, -56.4053, 0.222179, 0.973392, -0.056076, -0.026700, -0.968712, 0.226904, 0.100555, 0.025304, 0.110603, 0.031980, 0.993350, 0.384502, 0.000000, 0.000000, 0.000000, 1.000000, 0.110603, 0.031980, 0.993350, 0.453502, -0.222179, -0.973392, 0.056076, 0.035700, 0.968712, -0.226904, -0.100555, 0.231770, 0.000000, 0.000000, 0.000000, 1.000000, -0.998211, 0.045556, 0.038723, 0.020556, 0.032814, -0.123987, 0.991741, -0.024520, 0.049981, 0.991238, 0.122270, -0.056405, 0.000000, 0.000000, 0.000000, 1.000000
-14.9353, -26.9591, 26.0491, 384.5167, 453.5167, 35.9591, 231.0243, 20.3960, -24.7220, -56.5812, 0.219403, 0.974825, -0.039727, -0.026959, -0.970832, 0.222177, 0.090126, 0.026049, 0.096683, 0.018794, 0.995138, 0.384517, 0.000000, 0.000000, 0.000000, 1.000000, 0.096683, 0.018794, 0.995138, 0.453517, -0.219403, -0.974825, 0.039727, 0.035959, 0.970832, -0.222177, -0.090126, 0.231024, 0.000000, 0.000000, 0.000000, 1.000000, -0.998565, 0.046598, 0.026382, 0.020396, 0.019829, -0.135872, 0.990528, -0.024722, 0.049741, 0.989630, 0.134753, -0.056581, 0.000000, 0.000000, 0.000000, 1.000000
-14.6229, -27.2405, 26.8254, 384.3035, 453.3035, 36.2405, 230.2481, 20.2624, -25.1511, -56.8134, 0.214616, 0.976583, -0.015010, -0.027241, -0.971681, 0.215044, 0.097945, 0.026825, 0.098880, -0.006435, 0.995079, 0.384304, 0.000000, 0.000000, 0.000000, 1.000000, 0.098880, -0.006435, 0.995079, 0.453304, -0.214616, -0.976583, 0.015010, 0.036241, 0.971681, -0.215044, -0.097945, 0.230248, 0.000000, 0.000000, 0.000000, 1.000000, -0.998459, 0.046127, 0.030861, 0.020262, 0.023123, -0.159745, 0.986887, -0.025151, 0.050452, 0.986080, 0.158432, -0.056813, 0.000000, 0.000000, 0.000000, 1.000000
-14.3005, -27.5391, 27.9185, 384.9113, 453.9113, 36.5391, 229.1549, 20.3555, -24.7658, -56.8849, 0.206944, 0.978041, -0.024703, -0.027539, -0.971657, 0.208411, 0.111572, 0.027919, 0.114270, 0.000913, 0.993449, 0.384911, 0.000000, 0.000000, 0.000000, 1.000000, 0.114270, 0.000913, 0.993449, 0.453911, -0.206944, -0.978041, 0.024703, 0.036539, 0.971657, -0.208411, -0.111572, 0.229155, 0.000000, 0.000000, 0.000000, 1.000000, -0.997915, 0.044122, 0.047104, 0.020356, 0.039926, -0.151399, 0.987666, -0.024766, 0.050710, 0.987487, 0.149322, -0.056885, 0.000000, 0.000000, 0.000000, 1.000000
-13.9798, -27.7346, 28.7038, 385.2012, 454.2012, 36.7346, 228.3697, 20.1604, -24.7174, -56.9644, 0.202709, 0.978555, -0.036595, -0.027735, -0.970349, 0.205752, 0.126840, 0.028704, 0.131650, 0.009799, 0.991248, 0.385201, 0.000000, 0.000000, 0.000000, 1.000000, 0.131650, 0.009799, 0.991248, 0.454201, -0.202709, -0.978555, 0.036595, 0.036735, 0.970349, -0.205752, -0.126840, 0.228370, 0.000000, 0.000000, 0.000000, 1.000000, -0.996817, 0.046103, 0.065047, 0.020160, 0.057958, -0.141218, 0.988280, -0.024717, 0.054748, 0.988904, 0.138097, -0.056964, 0.000000, 0.000000, 0.000000, 1.000000
-13.7025, -28.0387, 29.7523, 384.9006, 453.9006, 37.0387, 227.3211, 20.4090, -25.1857, -57.1916, 0.199402, 0.979908, -0.004350, -0.028039, -0.975269, 0.198886, 0.096410, 0.029752, 0.095338, -0.014982, 0.995332, 0.384901, 0.000000, 0.000000, 0.000000, 1.000000, 0.095338, -0.014982, 0.995332, 0.453901, -0.199402, -0.979908, 0.004350, 0.037039, 0.975269, -0.198886, -0.096410, 0.227321, 0.000000, 0.000000, 0.000000, 1.000000, -0.998504, 0.045291, 0.030621, 0.020409, 0.022766, -0.164759, 0.986071, -0.025186, 0.049706, 0.985293, 0.163482, -0.057192, 0.000000, 0.000000, 0.000000, 1.000000
-13.4151, -28.1661, 30.5159, 385.4051, 454.4051, 37.1661, 226.5575, 20.2655, -24.9095, -57.1770, 0.192633, 0.979607, -0.057129, -0.028166, -0.973753, 0.198025, 0.112213, 0.030516, 0.121237, 0.034014, 0.992041, 0.385405, 0.000000, 0.000000, 0.000000, 1.000000, 0.121237, 0.034014, 0.992041, 0.454405, -0.192633, -0.979607, 0.057129, 0.037166, 0.973753, -0.198025, -0.112213, 0.226558, 0.000000, 0.000000, 0.000000, 1.000000, -0.997408, 0.046019, 0.055321, 0.020265, 0.049723, -0.114984, 0.992122, -0.024910, 0.052018, 0.992301, 0.112398, -0.057177, 0.000000, 0.000000, 0.000000, 1.000000
-13.1405, -28.4615, 31.4282, 385.0593, 454.0593, 37.4615, 225.6453, 20.3852, -25.4292, -57.4329, 0.190888, 0.981607, -0.003014, -0.028461, -0.978264, 0.190490, 0.081930, 0.031428, 0.080997, -0.012691, 0.996634, 0.385059, 0.000000, 0.000000, 0.000000, 1.000000, 0.080997, -0.012691, 0.996634, 0.454059, -0.190888, -0.981607, 0.003014, 0.037461, 0.978264, -0.190490, -0.081930, 0.225645, 0.000000, 0.000000, 0.000000, 1.000000, -0.998790, 0.045767, 0.018018, 0.020385, 0.010460, -0.160305, 0.987012, -0.025429, 0.048061, 0.986006, 0.159632, -0.057433, 0.000000, 0.000000, 0.000000, 1.000000
-12.8649, -28.5939, 32.1425, 385.6134, 454.6134, 37.5939, 224.9310, 20.2239, -25.0966, -57.4287, 0.185137, 0.981994, -0.037591, -0.028594, -0.977462, 0.187962, 0.096121, 0.032142, 0.101456, 0.018948, 0.994660, 0.385613, 0.000000, 0.000000, 0.000000, 1.000000, 0.101456, 0.018948, 0.994660, 0.454613, -0.185137, -0.981994, 0.037591, 0.037594, 0.977462, -0.187962, -0.096121, 0.224931, 0.000000, 0.000000, 0.000000, 1.000000, -0.998229, 0.045723, 0.038059, 0.020224, 0.031937, -0.127873, 0.991276, -0.025097, 0.050191, 0.990736, 0.126186, -0.057429, 0.000000, 0.000000, 0.000000, 1.000000
-12.6114, -28.8784, 33.1268, 385.4758, 454.4758, 37.8784, 223.9466, 20.4677, -25.3868, -57.6359, 0.179478, 0.983507, -0.022402, -0.028878, -0.977990, 0.180842, 0.104076, 0.033127, 0.106411, 0.003229, 0.994317, 0.385476, 0.000000, 0.000000, 0.000000, 1.000000, 0.106411, 0.003229, 0.994317, 0.454476, -0.179478, -0.983507, 0.022402, 0.037878, 0.977990, -0.180842, -0.104076, 0.223947, 0.000000, 0.000000, 0.000000, 1.000000, -0.998059, 0.043631, 0.044435, 0.020468, 0.037799, -0.142631, 0.989054, -0.025387, 0.049491, 0.988814, 0.140705, -0.057636, 0.000000, 0.000000, 0.000000, 1.000000
-12.3584, -29.0454, 33.6836, 385.4768, 454.4768, 38.0454, 223.3899, 20.2591, -25.5796, -57.7727, 0.176324, 0.984300, -0.007964, -0.029045, -0.979134, 0.176217, 0.101210, 0.033684, 0.101024, -0.010048, 0.994833, 0.385477, 0.000000, 0.000000, 0.000000, 1.000000, 0.101024, -0.010048, 0.994833, 0.454477, -0.176324, -0.984300, 0.007964, 0.038045, 0.979134, -0.176217, -0.101210, 0.223390, 0.000000, 0.000000, 0.000000, 1.000000, -0.998216, 0.043898, 0.040478, 0.020259, 0.033232, -0.154781, 0.987390, -0.025580, 0.049610, 0.986973, 0.153046, -0.057773, 0.000000, 0.000000, 0.000000, 1.000000
-12.1006, -29.2102, 34.5343, 385.8960, 454.8960, 38.2102, 222.5392, 20.3007, -25.3525, -57.8083, 0.172316, 0.984732, -0.024712, -0.029210, -0.979741, 0.173934, 0.099269, 0.034534, 0.102051, 0.007105, 0.994754, 0.385896, 0.000000, 0.000000, 0.000000, 1.000000, 0.102051, 0.007105, 0.994754, 0.454896, -0.172316, -0.984732, 0.024712, 0.038210, 0.979741, -0.173934, -0.099269, 0.222539, 0.000000, 0.000000, 0.000000, 1.000000, -0.998131, 0.044759, 0.041597, 0.020301, 0.035127, -0.136715, 0.989987, -0.025353, 0.049998, 0.989599, 0.134887, -0.057808, 0.000000, 0.000000, 0.000000, 1.000000
-11.8065, -29.4426, 35.3013, 385.5576, 454.5576, 38.4426, 221.7721, 20.2032, -25.8997, -58.0435, 0.167404, 0.985867, 0.006530, -0.029443, -0.980426, 0.165777, 0.106217, 0.035301, 0.103634, -0.024183, 0.994322, 0.385558, 0.000000, 0.000000, 0.000000, 1.000000, 0.103634, -0.024183, 0.994322, 0.454558, -0.167404, -0.985867, -0.006530, 0.038443, 0.980426, -0.165777, -0.106217, 0.221772, 0.000000, 0.000000, 0.000000, 1.000000, -0.998031, 0.043226, 0.045440, 0.020203, 0.037643, -0.166640, 0.985299, -0.025900, 0.050163, 0.985070, 0.164684, -0.058043, 0.000000, 0.000000, 0.000000, 1.000000
-11.5485, -29.5662, 36.1179, 386.0901, 455.0901, 38.5662, 220.9556, 20.2002, -25.5672, -58.0350, 0.162640, 0.986327, -0.026580, -0.029566, -0.980360, 0.164584, 0.108657, 0.036118, 0.111546, 0.008386, 0.993724, 0.386090, 0.000000, 0.000000, 0.000000, 1.000000, 0.111546, 0.008386, 0.993724, 0.455090, -0.162640, -0.986327, 0.026580, 0.038566, 0.980360, -0.164584, -0.108657, 0.220956, 0.000000, 0.000000, 0.000000, 1.000000, -0.997627, 0.044299, 0.052701, 0.020200, 0.046379, -0.133293, 0.989991, -0.025567, 0.050880, 0.990086, 0.130922, -0.058035, 0.000000, 0.000000, 0.000000, 1.000000
-11.2770, -29.8279, 36.8859, 385.7992, 454.7992, 38.8279, 220.1875, 20.1700, -26.0437, -58.2933, 0.159916, 0.987050, 0.012598, -0.029828, -0.982317, 0.157864, 0.100661, 0.036886, 0.097369, -0.028473, 0.994841, 0.385799, 0.000000, 0.000000, 0.000000, 1.000000, 0.097369, -0.028473, 0.994841, 0.454799, -0.159916, -0.987050, -0.012598, 0.038828, 0.982317, -0.157864, -0.100661, 0.220188, 0.000000, 0.000000, 0.000000, 1.000000, -0.998185, 0.044135, 0.040964, 0.020170, 0.032967, -0.168727, 0.985111, -0.026044, 0.050390, 0.984674, 0.166966, -0.058293, 0.000000, 0.000000, 0.000000, 1.000000
-11.0131, -29.9562, 37.6399, 385.8997, 454.8997, 38.9562, 219.4335, 20.1092, -26.1478, -58.3676, 0.155477, 0.987839, -0.000496, -0.029956, -0.983424, 0.154830, 0.094367, 0.037640, 0.093296, -0.014184, 0.995537, 0.385900, 0.000000, 0.000000, 0.000000, 1.000000, 0.093296, -0.014184, 0.995537, 0.454900, -0.155477, -0.987839, 0.000496, 0.038956, 0.983424, -0.154830, -0.094367, 0.219434, 0.000000, 0.000000, 0.000000, 1.000000, -0.998320, 0.044520, 0.037085, 0.020109, 0.029843, -0.153530, 0.987693, -0.026148, 0.049666, 0.987141, 0.151943, -0.058368, 0.000000, 0.000000, 0.000000, 1.000000
-10.7401, -30.2009, 38.4618, 385.9036, 454.9036, 39.2009, 218.6117, 20.1059, -26.3360, -58.5673, 0.151206, 0.988196, 0.024586, -0.030201, -0.983538, 0.147911, 0.103805, 0.038462, 0.098943, -0.039878, 0.994294, 0.385904, 0.000000, 0.000000, 0.000000, 1.000000, 0.098943, -0.039878, 0.994294, 0.454904, -0.151206, -0.988196, -0.024586, 0.039201, 0.983538, -0.147911, -0.103805, 0.218612, 0.000000, 0.000000, 0.000000, 1.000000, -0.998051, 0.043518, 0.044727, 0.020106, 0.036313, -0.177891, 0.983380, -0.026336, 0.050751, 0.983088, 0.175964, -0.058567, 0.000000, 0.000000, 0.000000, 1.000000
-10.4775, -30.3625, 39.2410, 386.2065, 455.2065, 39.3625, 217.8324, 20.0633, -26.2350, -58.6497, 0.146100, 0.989179, 0.013414, -0.030363, -0.982633, 0.143538, 0.117595, 0.039241, 0.114397, -0.030362, 0.992971, 0.386206, 0.000000, 0.000000, 0.000000, 1.000000, 0.114397, -0.030362, 0.992971, 0.455206, -0.146100, -0.989179, -0.013414, 0.039363, 0.982633, -0.143538, -0.117595, 0.217832, 0.000000, 0.000000, 0.000000, 1.000000, -0.997238, 0.042803, 0.060694, 0.020063, 0.052727, -0.167497, 0.984462, -0.026235, 0.052304, 0.984943, 0.164778, -0.058650, 0.000000, 0.000000, 0.000000, 1.000000
-10.2195, -30.4956, 40.0772, 386.4107, 455.4107, 39.4956, 216.9963, 20.0992, -26.2250, -58.7145, 0.142337, 0.989699, 0.015394, -0.030496, -0.985435, 0.140228, 0.096196, 0.040077, 0.093047, -0.028862, 0.995243, 0.386411, 0.000000, 0.000000, 0.000000, 1.000000, 0.093047, -0.028862, 0.995243, 0.455411, -0.142337, -0.989699, -0.015394, 0.039496, 0.985435, -0.140228, -0.096196, 0.216996, 0.000000, 0.000000, 0.000000, 1.000000, -0.998252, 0.043607, 0.039888, 0.020099, 0.032185, -0.164928, 0.985780, -0.026225, 0.049566, 0.985341, 0.163236, -0.058715, 0.000000, 0.000000, 0.000000, 1.000000
-9.9475, -30.6757, 40.8732, 386.5983, 455.5983, 39.6757, 216.2003, 20.0513, -26.2442, -58.8390, 0.137501, 0.990407, 0.013728, -0.030676, -0.984170, 0.135044, 0.114772, 0.040873, 0.111817, -0.029292, 0.993297, 0.386598, 0.000000, 0.000000, 0.000000, 1.000000, 0.111817, -0.029292, 0.993297, 0.455598, -0.137501, -0.990407, -0.013728, 0.039676, 0.984170, -0.135044, -0.114772, 0.216200, 0.000000, 0.000000, 0.000000, 1.000000, -0.997300, 0.042830, 0.059643, 0.020051, 0.051854, -0.164308, 0.985045, -0.026244, 0.051990, 0.985479, 0.161643, -0.058839, 0.000000, 0.000000, 0.000000, 1.000000
-9.6791, -30.8295, 41.6903, 386.7495, 455.7494, 39.8295, 215.3832, 20.0360, -26.2979, -58.9433, 0.132657, 0.991158, 0.002671, -0.030829, -0.984039, 0.131380, 0.120027, 0.041690, 0.118614, -0.018551, 0.992767, 0.386749, 0.000000, 0.000000, 0.000000, 1.000000, 0.118614, -0.018551, 0.992767, 0.455749, -0.132657, -0.991158, -0.002671, 0.039829, 0.984039, -0.131380, -0.120027, 0.215383, 0.000000, 0.000000, 0.000000, 1.000000, -0.996841, 0.042930, 0.066821, 0.020036, 0.059555, -0.152595, 0.986493, -0.026298, 0.052546, 0.987356, 0.149556, -0.058943, 0.000000, 0.000000, 0.000000, 1.000000
-9.4176, -30.9939, 42.4600, 386.6967, 455.6967, 39.9939, 214.6135, 20.0074, -26.5465, -59.0925, 0.127658, 0.991563, 0.022520, -0.030994, -0.985710, 0.124323, 0.113667, 0.042460, 0.109908, -0.036709, 0.993264, 0.386697, 0.000000, 0.000000, 0.000000, 1.000000, 0.109908, -0.036709, 0.993264, 0.455697, -0.127658, -0.991563, -0.022520, 0.039994, 0.985710, -0.124323, -0.113667, 0.214613, 0.000000, 0.000000, 0.000000, 1.000000, -0.997377, 0.041098, 0.059580, 0.020007, 0.051801, -0.169589, 0.984153, -0.026546, 0.050551, 0.984658, 0.167015, -0.059093, 0.000000, 0.000000, 0.000000, 1.000000
-9.1489, -31.0933, 43.2582, 386.9429, 455.9429, 40.0933, 213.8152, 19.9619, -26.5152, -59.1394, 0.124370, 0.992165, 0.011893, -0.031093, -0.985310, 0.122079, 0.119420, 0.043258, 0.117033, -0.026571, 0.992773, 0.386943, 0.000000, 0.000000, 0.000000, 1.000000, 0.117033, -0.026571, 0.992773, 0.455943, -0.124370, -0.992165, -0.011893, 0.040093, 0.985310, -0.122079, -0.119420, 0.213815, 0.000000, 0.000000, 0.000000, 1.000000, -0.996830, 0.042675, 0.067141, 0.019962, 0.059602, -0.158388, 0.985576, -0.026515, 0.052694, 0.986454, 0.155343, -0.059139, 0.000000, 0.000000, 0.000000, 1.000000
-8.8750, -31.2669, 44.0462, 387.1268, 456.1268, 40.2669, 213.0272, 19.9020, -26.5387, -59.2735, 0.119368, 0.992661, 0.019394, -0.031267, -0.986942, 0.116508, 0.111223, 0.044046, 0.108147, -0.032417, 0.993606, 0.387127, 0.000000, 0.000000, 0.000000, 1.000000, 0.108147, -0.032417, 0.993606, 0.456127, -0.119368, -0.992661, -0.019394, 0.040267, 0.986942, -0.116508, -0.111223, 0.213027, 0.000000, 0.000000, 0.000000, 1.000000, -0.997370, 0.041875, 0.059158, 0.019902, 0.051592, -0.163090, 0.985261, -0.026539, 0.050906, 0.985722, 0.160501, -0.059273, 0.000000, 0.000000, 0.000000, 1.000000
-8.6120, -31.4199, 44.8560, 387.4762, 456.4762, 40.4199, 212.2174, 19.8809, -26.3948, -59.3651, 0.115296, 0.993255, 0.012337, -0.031420, -0.986972, 0.113146, 0.114385, 0.044856, 0.112218, -0.025364, 0.993360, 0.387476, 0.000000, 0.000000, 0.000000, 1.000000, 0.112218, -0.025364, 0.993360, 0.456476, -0.115296, -0.993255, -0.012337, 0.040420, 0.986972, -0.113146, -0.114385, 0.212217, 0.000000, 0.000000, 0.000000, 1.000000, -0.997059, 0.042407, 0.063837, 0.019881, 0.056554, -0.155013, 0.986292, -0.026395, 0.051721, 0.987002, 0.152159, -0.059365, 0.000000, 0.000000, 0.000000, 1.000000
-8.3396, -31.5760, 45.6620, 387.4652, 456.4652, 40.5760, 211.4115, 19.8481, -26.6138, -59.5131, 0.110655, 0.993545, 0.024985, -0.031576, -0.987914, 0.107212, 0.111946, 0.045662, 0.108545, -0.037070, 0.993400, 0.387465, 0.000000, 0.000000, 0.000000, 1.000000, 0.108545, -0.037070, 0.993400, 0.456465, -0.110655, -0.993545, -0.024985, 0.040576, 0.987914, -0.107212, -0.111946, 0.211411, 0.000000, 0.000000, 0.000000, 1.000000, -0.997250, 0.041503, 0.061401, 0.019848, 0.053742, -0.165513, 0.984742, -0.026614, 0.051032, 0.985334, 0.162828, -0.059513, 0.000000, 0.000000, 0.000000, 1.000000
-8.0670, -31.6588, 46.4864, 387.5892, 456.5892, 40.6588, 210.5871, 19.8229, -26.7072, -59.5733, 0.106526, 0.994037, 0.023298, -0.031659, -0.988476, 0.103337, 0.110617, 0.046486, 0.107549, -0.034813, 0.993590, 0.387589, 0.000000, 0.000000, 0.000000, 1.000000, 0.107549, -0.034813, 0.993590, 0.456589, -0.106526, -0.994037, -0.023298, 0.040659, 0.988476, -0.103337, -0.110617, 0.210587, 0.000000, 0.000000, 0.000000, 1.000000, -0.997255, 0.041965, 0.060997, 0.019823, 0.053444, -0.162131, 0.985321, -0.026707, 0.051239, 0.985877, 0.159443, -0.059573, 0.000000, 0.000000, 0.000000, 1.000000
-7.8164, -31.8426, 47.3045, 387.5865, 456.5865, 40.8426, 209.7690, 19.8669, -26.8959, -59.7496, 0.102459, 0.994347, 0.027871, -0.031843, -0.989359, 0.098955, 0.106664, 0.047304, 0.103303, -0.038503, 0.993904, 0.387587, 0.000000, 0.000000, 0.000000, 1.000000, 0.103303, -0.038503, 0.993904, 0.456587, -0.102459, -0.994347, -0.027871, 0.040843, 0.989359, -0.098955, -0.106664, 0.209769, 0.000000, 0.000000, 0.000000, 1.000000, -0.997458, 0.041832, 0.057680, 0.019867, 0.050054, -0.164749, 0.985065, -0.026896, 0.050710, 0.985448, 0.162237, -0.059750, 0.000000, 0.000000, 0.000000, 1.000000
-7.5636, -31.9477, 48.1188, 388.0148, 457.0148, 40.9477, 208.9547, 19.8759, -26.6694, -59.7972, 0.097710, 0.995016, 0.019880, -0.031948, -0.989700, 0.095049, 0.107047, 0.048119, 0.104624, -0.030135, 0.994055, 0.388015, 0.000000, 0.000000, 0.000000, 1.000000, 0.104624, -0.030135, 0.994055, 0.457015, -0.097710, -0.995016, -0.019880, 0.040948, 0.989700, -0.095049, -0.107047, 0.208955, 0.000000, 0.000000, 0.000000, 1.000000, -0.997368, 0.041631, 0.059368, 0.019876, 0.052231, -0.155437, 0.986464, -0.026669, 0.050296, 0.986968, 0.152854, -0.059797, 0.000000, 0.000000, 0.000000, 1.000000
-7.2849, -32.0585, 48.9368, 388.1341, 457.1341, 41.0585, 208.1366, 19.8211, -26.7743, -59.8986, 0.094093, 0.995326, 0.021724, -0.032059, -0.989043, 0.090961, 0.116277, 0.048937, 0.113758, -0.032427, 0.992979, 0.388134, 0.000000, 0.000000, 0.000000, 1.000000, 0.113758, -0.032427, 0.992979, 0.457134, -0.094093, -0.995326, -0.021724, 0.041059, 0.989043, -0.090961, -0.116277, 0.208137, 0.000000, 0.000000, 0.000000, 1.000000, -0.996690, 0.042188, 0.069499, 0.019821, 0.062109, -0.156517, 0.985721, -0.026774, 0.052464, 0.986774, 0.153379, -0.059899, 0.000000, 0.000000, 0.000000, 1.000000
-6.9919, -32.2113, 49.7261, 388.1948, 457.1948, 41.2113, 207.3474, 19.6983, -26.9460, -60.0567, 0.088394, 0.995650, 0.029454, -0.032211, -0.990450, 0.084714, 0.108780, 0.049726, 0.105811, -0.038788, 0.993629, 0.388195, 0.000000, 0.000000, 0.000000, 1.000000, 0.105811, -0.038788, 0.993629, 0.457195, -0.088394, -0.995650, -0.029454, 0.041211, 0.990450, -0.084714, -0.108780, 0.207347, 0.000000, 0.000000, 0.000000, 1.000000, -0.997197, 0.041016, 0.062582, 0.019698, 0.055187, -0.161641, 0.985305, -0.026946, 0.050530, 0.985997, 0.158924, -0.060057, 0.000000, 0.000000, 0.000000, 1.000000
-6.7178, -32.3498, 50.7862, 388.6056, 457.6056, 41.3498, 206.2872, 19.8870, -26.7447, -60.1445, 0.083230, 0.996329, 0.020028, -0.032350, -0.990575, 0.080522, 0.110802, 0.050786, 0.108782, -0.029061, 0.993641, 0.388606, 0.000000, 0.000000, 0.000000, 1.000000, 0.108782, -0.029061, 0.993641, 0.457606, -0.083230, -0.996329, -0.020028, 0.041350, 0.990575, -0.080522, -0.110802, 0.206287, 0.000000, 0.000000, 0.000000, 1.000000, -0.996988, 0.040846, 0.065926, 0.019887, 0.059070, -0.150877, 0.986786, -0.026745, 0.050253, 0.987708, 0.148010, -0.060144, 0.000000, 0.000000, 0.000000, 1.000000
-6.4297, -32.4763, 51.5671, 388.3877, 457.3877, 41.4763, 205.5064, 19.7809, -27.1920, -60.3182, 0.078795, 0.996464, 0.029163, -0.032476, -0.990721, 0.075024, 0.113331, 0.051567, 0.110742, -0.037822, 0.993129, 0.388388, 0.000000, 0.000000, 0.000000, 1.000000, 0.110742, -0.037822, 0.993129, 0.457388, -0.078795, -0.996464, -0.029163, 0.041476, 0.990721, -0.075024, -0.113331, 0.205506, 0.000000, 0.000000, 0.000000, 1.000000, -0.996794, 0.040449, 0.069031, 0.019781, 0.061820, -0.158351, 0.985446, -0.027192, 0.050791, 0.986554, 0.155342, -0.060318, 0.000000, 0.000000, 0.000000, 1.000000
-6.1310, -32.6088, 52.5117, 389.3380, 458.3380, 41.6088, 204.5618, 19.7533, -26.4851, -60.3548, 0.074318, 0.997108, 0.015884, -0.032609, -0.990499, 0.071959, 0.117187, 0.052512, 0.115705, -0.024442, 0.992983, 0.389338, 0.000000, 0.000000, 0.000000, 1.000000, 0.115705, -0.024442, 0.992983, 0.458338, -0.074318, -0.997108, -0.015884, 0.041609, 0.990499, -0.071959, -0.117187, 0.204562, 0.000000, 0.000000, 0.000000, 1.000000, -0.996366, 0.041679, 0.074286, 0.019753, 0.067595, -0.143785, 0.987298, -0.026485, 0.051831, 0.988731, 0.140445, -0.060355, 0.000000, 0.000000, 0.000000, 1.000000
-5.8225, -32.6821, 53.1933, 388.7267, 457.7267, 41.6821, 203.8802, 19.5008, -27.3507, -60.5368, 0.069865, 0.996964, 0.034377, -0.032682, -0.990074, 0.065087, 0.124565, 0.053193, 0.121950, -0.042738, 0.991616, 0.388727, 0.000000, 0.000000, 0.000000, 1.000000, 0.121950, -0.042738, 0.991616, 0.457727, -0.069865, -0.996964, -0.034377, 0.041682, 0.990074, -0.065087, -0.124565, 0.203880, 0.000000, 0.000000, 0.000000, 1.000000, -0.995803, 0.040664, 0.081998, 0.019501, 0.074483, -0.160627, 0.984201, -0.027351, 0.053193, 0.986177, 0.156924, -0.060537, 0.000000, 0.000000, 0.000000, 1.000000
-5.5447, -32.8284, 54.3055, 389.1731, 458.1731, 41.8284, 202.7679, 19.7247, -27.1173, -60.6491, 0.064340, 0.997400, 0.032468, -0.032828, -0.991844, 0.060326, 0.112278, 0.054306, 0.110027, -0.039427, 0.993146, 0.389173, 0.000000, 0.000000, 0.000000, 1.000000, 0.110027, -0.039427, 0.993146, 0.458173, -0.064340, -0.997400, -0.032468, 0.041828, 0.991844, -0.060326, -0.112278, 0.202768, 0.000000, 0.000000, 0.000000, 1.000000, -0.996685, 0.040290, 0.070682, 0.019725, 0.063588, -0.156190, 0.985678, -0.027117, 0.050753, 0.986905, 0.153110, -0.060649, 0.000000, 0.000000, 0.000000, 1.000000
-5.2715, -32.9318, 55.1010, 389.4092, 458.4092, 41.9318, 201.9725, 19.6527, -27.1064, -60.7566, 0.059520, 0.997426, 0.039994, -0.032932, -0.991641, 0.054485, 0.116963, 0.055101, 0.114483, -0.046621, 0.992331, 0.389409, 0.000000, 0.000000, 0.000000, 1.000000, 0.114483, -0.046621, 0.992331, 0.458409, -0.059520, -0.997426, -0.039994, 0.041932, 0.991641, -0.054485, -0.116963, 0.201972, 0.000000, 0.000000, 0.000000, 1.000000, -0.996318, 0.039196, 0.076245, 0.019653, 0.068949, -0.162190, 0.984348, -0.027106, 0.050949, 0.985981, 0.158890, -0.060757, 0.000000, 0.000000, 0.000000, 1.000000
-5.0015, -33.0316, 55.9261, 389.4601, 458.4601, 42.0316, 201.1473, 19.6329, -27.2717, -60.8847, 0.054698, 0.997780, 0.037988, -0.033032, -0.992332, 0.050098, 0.112992, 0.055926, 0.110838, -0.043878, 0.992869, 0.389460, 0.000000, 0.000000, 0.000000, 1.000000, 0.110838, -0.043878, 0.992869, 0.458460, -0.054698, -0.997780, -0.037988, 0.042032, 0.992332, -0.050098, -0.112992, 0.201147, 0.000000, 0.000000, 0.000000, 1.000000, -0.996559, 0.039126, 0.073073, 0.019633, 0.066022, -0.158321, 0.985178, -0.027272, 0.050115, 0.986612, 0.155193, -0.060885, 0.000000, 0.000000, 0.000000, 1.000000
-4.7243, -33.1168, 56.7857, 389.8456, 458.8456, 42.1168, 200.2878, 19.6070, -27.1155, -60.9642, 0.050700, 0.998137, 0.033945, -0.033117, -0.992328, 0.046510, 0.114549, 0.056786, 0.112756, -0.039492, 0.992838, 0.389846, 0.000000, 0.000000, 0.000000, 1.000000, 0.112756, -0.039492, 0.992838, 0.458846, -0.050700, -0.998137, -0.033945, 0.042117, 0.992328, -0.046510, -0.114549, 0.200288, 0.000000, 0.000000, 0.000000, 1.000000, -0.996340, 0.039892, 0.075594, 0.019607, 0.068684, -0.152759, 0.985874, -0.027115, 0.050876, 0.987458, 0.149460, -0.060964, 0.000000, 0.000000, 0.000000, 1.000000
-4.4304, -33.2276, 57.5376, 389.7469, 458.7468, 42.2276, 199.5358, 19.4405, -27.4566, -61.1326, 0.045914, 0.998130, 0.040347, -0.033228, -0.992201, 0.040881, 0.117754, 0.057538, 0.115884, -0.045439, 0.992223, 0.389747, 0.000000, 0.000000, 0.000000, 1.000000, 0.115884, -0.045439, 0.992223, 0.458747, -0.045914, -0.998130, -0.040347, 0.042228, 0.992201, -0.040881, -0.117754, 0.199536, 0.000000, 0.000000, 0.000000, 1.000000, -0.996043, 0.039307, 0.079706, 0.019441, 0.072600, -0.157401, 0.984862, -0.027457, 0.051258, 0.986752, 0.153925, -0.061133, 0.000000, 0.000000, 0.000000, 1.000000
-4.1383, -33.3098, 58.3941, 390.3918, 459.3918, 42.3098, 198.6794, 19.3534, -27.0584, -61.1909, 0.042096, 0.998553, 0.033471, -0.033310, -0.991893, 0.037748, 0.121340, 0.058394, 0.119901, -0.038307, 0.992047, 0.390392, 0.000000, 0.000000, 0.000000, 1.000000, 0.119901, -0.038307, 0.992047, 0.459392, -0.042096, -0.998553, -0.033471, 0.042310, 0.991893, -0.037748, -0.121340, 0.198679, 0.000000, 0.000000, 0.000000, 1.000000, -0.995613, 0.040681, 0.084262, 0.019353, 0.077342, -0.149024, 0.985804, -0.027058, 0.052660, 0.987996, 0.145223, -0.061191, 0.000000, 0.000000, 0.000000, 1.000000
-3.8496, -33.3753, 59.5510, 390.6336, 459.6336, 42.3753, 197.5225, 19.5913, -27.0488, -61.2825, 0.036921, 0.999060, 0.022726, -0.033375, -0.993683, 0.034291, 0.106854, 0.059551, 0.105974, -0.026528, 0.994015, 0.390634, 0.000000, 0.000000, 0.000000, 1.000000, 0.105974, -0.026528, 0.994015, 0.459634, -0.036921, -0.999060, -0.022726, 0.042375, 0.993683, -0.034291, -0.106854, 0.197522, 0.000000, 0.000000, 0.000000, 1.000000, -0.996640, 0.041517, 0.070599, 0.019591, 0.064362, -0.136067, 0.988607, -0.027049, 0.050651, 0.989829, 0.132937, -0.061282, 0.000000, 0.000000, 0.000000, 1.000000
-3.5698, -33.4703, 60.2588, 390.2426, 459.2425, 42.4703, 196.8147, 19.4345, -27.6700, -61.4754, 0.032434, 0.998740, 0.038302, -0.033470, -0.993564, 0.028057, 0.109738, 0.060259, 0.108525, -0.041615, 0.993222, 0.390243, 0.000000, 0.000000, 0.000000, 1.000000, 0.108525, -0.041615, 0.993222, 0.459243, -0.032434, -0.998740, -0.038302, 0.042470, 0.993564, -0.028057, -0.109738, 0.196815, 0.000000, 0.000000, 0.000000, 1.000000, -0.996409, 0.040430, 0.074396, 0.019434, 0.067569, -0.149839, 0.986399, -0.027670, 0.051028, 0.987883, 0.146569, -0.061475, 0.000000, 0.000000, 0.000000, 1.000000
-3.2709, -33.5045, 61.0856, 390.6168, 459.6168, 42.5045, 195.9879, 19.3045, -27.5552, -61.5307, 0.028150, 0.998609, 0.044578, -0.033505, -0.994070, 0.023281, 0.106217, 0.061086, 0.105032, -0.047303, 0.993343, 0.390617, 0.000000, 0.000000, 0.000000, 1.000000, 0.105032, -0.047303, 0.993343, 0.459617, -0.028150, -0.998609, -0.044578, 0.042505, 0.994070, -0.023281, -0.106217, 0.195988, 0.000000, 0.000000, 0.000000, 1.000000, -0.996575, 0.040741, 0.071957, 0.019305, 0.064885, -0.154157, 0.985914, -0.027555, 0.051260, 0.987206, 0.150986, -0.061531, 0.000000, 0.000000, 0.000000, 1.000000
-2.9878, -33.5887, 61.8891, 390.7012, 459.7012, 42.5887, 195.1844, 19.2116, -27.7076, -61.6678, 0.022942, 0.998581, 0.048061, -0.033589, -0.993722, 0.017512, 0.110503, 0.061889, 0.109504, -0.050294, 0.992713, 0.390701, 0.000000, 0.000000, 0.000000, 1.000000, 0.109504, -0.050294, 0.992713, 0.459701, -0.022942, -0.998581, -0.048061, 0.042589, 0.993722, -0.017512, -0.110503, 0.195184, 0.000000, 0.000000, 0.000000, 1.000000, -0.996222, 0.039709, 0.077234, 0.019212, 0.070171, -0.155920, 0.985274, -0.027708, 0.051166, 0.986971, 0.152544, -0.061668, 0.000000, 0.000000, 0.000000, 1.000000
-2.7107, -33.6948, 63.0314, 391.2504, 460.2504, 42.6948, 194.0420, 19.4595, -27.3776, -61.7869, 0.017097, 0.999149, 0.037542, -0.033695, -0.994059, 0.012949, 0.108067, 0.063031, 0.107489, -0.039167, 0.993434, 0.391250, 0.000000, 0.000000, 0.000000, 1.000000, 0.107489, -0.039167, 0.993434, 0.460250, -0.017097, -0.999149, -0.037542, 0.042695, 0.994059, -0.012949, -0.108067, 0.194042, 0.000000, 0.000000, 0.000000, 1.000000, -0.996380, 0.039326, 0.075365, 0.019460, 0.069000, -0.143698, 0.987213, -0.027378, 0.049653, 0.988840, 0.140464, -0.061787, 0.000000, 0.000000, 0.000000, 1.000000
-2.4290, -33.7396, 63.7980, 391.1856, 460.1856, 42.7396, 193.2754, 19.3346, -27.6858, -61.9080, 0.011944, 0.998871, 0.045971, -0.033740, -0.993370, 0.006597, 0.114768, 0.063798, 0.114335, -0.047037, 0.992328, 0.391186, 0.000000, 0.000000, 0.000000, 1.000000, 0.114335, -0.047037, 0.992328, 0.460186, -0.011944, -0.998871, -0.045971, 0.042740, 0.993370, -0.006597, -0.114768, 0.193275, 0.000000, 0.000000, 0.000000, 1.000000, -0.995805, 0.037831, 0.083316, 0.019335, 0.076757, -0.150312, 0.985654, -0.027686, 0.049812, 0.987915, 0.146778, -0.061908, 0.000000, 0.000000, 0.000000, 1.000000
-2.1477, -33.7675, 64.6103, 391.5282, 460.5282, 42.7675, 192.4632, 19.2460, -27.5871, -61.9740, 0.008724, 0.999185, 0.039421, -0.033767, -0.993523, 0.004195, 0.113556, 0.064610, 0.113298, -0.040156, 0.992749, 0.391528, 0.000000, 0.000000, 0.000000, 1.000000, 0.113298, -0.040156, 0.992749, 0.460528, -0.008724, -0.999185, -0.039421, 0.042767, 0.993523, -0.004195, -0.113556, 0.192463, 0.000000, 0.000000, 0.000000, 1.000000, -0.995774, 0.039824, 0.082759, 0.019246, 0.076334, -0.142181, 0.986893, -0.027587, 0.051068, 0.989039, 0.138541, -0.061974, 0.000000, 0.000000, 0.000000, 1.000000
-1.8675, -33.8260, 65.4222, 391.6751, 460.6751, 42.8260, 191.6512, 19.1654, -27.6789, -62.0942, 0.004417, 0.998733, 0.050135, -0.033826, -0.993829, -0.001172, 0.110915, 0.065422, 0.110833, -0.050315, 0.992564, 0.391675, 0.000000, 0.000000, 0.000000, 1.000000, 0.110833, -0.050315, 0.992564, 0.460675, -0.004417, -0.998733, -0.050135, 0.042826, 0.993829, 0.001172, -0.110915, 0.191651, 0.000000, 0.000000, 0.000000, 1.000000, -0.995905, 0.039360, 0.081387, 0.019165, 0.074586, -0.151022, 0.985713, -0.027679, 0.051089, 0.987746, 0.147468, -0.062094, 0.000000, 0.000000, 0.000000, 1.000000
-1.5855, -33.8889, 66.2505, 392.0404, 461.0404, 42.8889, 190.8230, 19.0861, -27.5557, -62.2013, -0.000212, 0.999166, 0.040826, -0.033889, -0.994074, -0.004648, 0.108608, 0.066250, 0.108707, -0.040561, 0.993246, 0.392040, 0.000000, 0.000000, 0.000000, 1.000000, 0.108707, -0.040561, 0.993246, 0.461040, 0.000212, -0.999166, -0.040826, 0.042889, 0.994074, 0.004648, -0.108608, 0.190823, 0.000000, 0.000000, 0.000000, 1.000000, -0.996015, 0.040211, 0.079606, 0.019086, 0.073264, -0.140079, 0.987426, -0.027556, 0.050857, 0.989323, 0.136575, -0.062201, 0.000000, 0.000000, 0.000000, 1.000000
-1.3212, -33.8952, 67.0544, 392.0855, 461.0855, 42.8952, 190.0191, 19.0551, -27.7372, -62.2840, -0.003773, 0.999322, 0.036628, -0.033895, -0.994609, -0.007546, 0.103424, 0.067054, 0.103630, -0.036040, 0.993963, 0.392085, 0.000000, 0.000000, 0.000000, 1.000000, 0.103630, -0.036040, 0.993963, 0.461085, 0.003773, -0.999322, -0.036628, 0.042895, 0.994609, 0.007546, -0.103424, 0.190019, 0.000000, 0.000000, 0.000000, 1.000000, -0.996328, 0.041541, 0.074872, 0.019055, 0.068685, -0.134369, 0.988548, -0.027737, 0.051125, 0.990060, 0.131022, -0.062284, 0.000000, 0.000000, 0.000000, 1.000000
-1.0532, -33.9817, 67.9156, 392.3253, 461.3253, 42.9817, 189.1578, 19.0537, -27.7229, -62.4340, -0.008838, 0.999015, 0.043491, -0.033982, -0.993958, -0.013535, 0.108926, 0.067916, 0.109408, -0.042265, 0.993098, 0.392325, 0.000000, 0.000000, 0.000000, 1.000000, 0.109408, -0.042265, 0.993098, 0.461325, 0.008838, -0.999015, -0.043491, 0.042982, 0.993958, 0.013535, -0.108926, 0.189158, 0.000000, 0.000000, 0.000000, 1.000000, -0.995858, 0.040121, 0.081591, 0.019054, 0.075280, -0.139397, 0.987371, -0.027723, 0.050988, 0.989423, 0.135799, -0.062434, 0.000000, 0.000000, 0.000000, 1.000000
-0.7904, -34.0131, 68.7267, 392.3741, 461.3741, 43.0131, 188.3468, 19.0310, -27.8977, -62.5483, -0.012790, 0.998855, 0.046088, -0.034013, -0.994430, -0.017529, 0.103929, 0.068727, 0.104618, -0.044502, 0.993516, 0.392374, 0.000000, 0.000000, 0.000000, 1.000000, 0.104618, -0.044502, 0.993516, 0.461374, 0.012790, -0.998855, -0.046088, 0.043013, 0.994430, 0.017529, -0.103929, 0.188347, 0.000000, 0.000000, 0.000000, 1.000000, -0.996175, 0.040515, 0.077419, 0.019031, 0.071037, -0.140423, 0.987540, -0.027898, 0.050881, 0.989262, 0.137008, -0.062548, 0.000000, 0.000000, 0.000000, 1.000000
-0.5132, -34.0433, 69.5845, 392.6282, 461.6282, 43.0433, 187.4890, 18.9982, -27.8844, -62.6503, -0.017757, 0.998568, 0.050467, -0.034043, -0.994212, -0.022983, 0.104945, 0.069584, 0.105955, -0.048311, 0.993197, 0.392628, 0.000000, 0.000000, 0.000000, 1.000000, 0.105955, -0.048311, 0.993197, 0.461628, 0.017757, -0.998568, -0.050467, 0.043043, 0.994212, 0.022983, -0.104945, 0.187489, 0.000000, 0.000000, 0.000000, 1.000000, -0.996036, 0.039698, 0.079606, 0.018998, 0.073186, -0.142985, 0.987015, -0.027884, 0.050565, 0.988928, 0.139513, -0.062650, 0.000000, 0.000000, 0.000000, 1.000000
-0.2595, -34.0596, 70.3239, 392.5282, 461.5282, 43.0596, 186.7495, 18.9347, -28.2043, -62.7647, -0.022344, 0.997849, 0.061630, -0.034060, -0.993227, -0.029187, 0.112462, 0.070324, 0.114019, -0.058700, 0.991743, 0.392528, 0.000000, 0.000000, 0.000000, 1.000000, 0.114019, -0.058700, 0.991743, 0.461528, 0.022344, -0.997849, -0.061630, 0.043060, 0.993227, 0.029187, -0.112462, 0.186750, 0.000000, 0.000000, 0.000000, 1.000000, -0.995344, 0.037914, 0.088612, 0.018935, 0.081890, -0.152193, 0.984952, -0.028204, 0.050830, 0.987623, 0.148380, -0.062765, 0.000000, 0.000000, 0.000000, 1.000000
0.0137, -34.0841, 71.2005, 393.1128, 462.1127, 43.0841, 185.8729, 18.9251, -27.8576, -62.8380, -0.026806, 0.998423, 0.049335, -0.034084, -0.993486, -0.032077, 0.109344, 0.071201, 0.110754, -0.046082, 0.992779, 0.393113, 0.000000, 0.000000, 0.000000, 1.000000, 0.110754, -0.046082, 0.992779, 0.462113, 0.026806, -0.998423, -0.049335, 0.043084, 0.993486, 0.032077, -0.109344, 0.185873, 0.000000, 0.000000, 0.000000, 1.000000, -0.995569, 0.039201, 0.085472, 0.018925, 0.079303, -0.138417, 0.987194, -0.027858, 0.050530, 0.989598, 0.134695, -0.062838, 0.000000, 0.000000, 0.000000, 1.000000
0.2824, -34.1160, 71.9334, 392.9723, 461.9723, 43.1160, 185.1400, 18.8035, -28.2335, -62.9798, -0.030766, 0.997769, 0.059242, -0.034116, -0.994471, -0.036511, 0.098464, 0.071933, 0.100407, -0.055885, 0.993376, 0.392972, 0.000000, 0.000000, 0.000000, 1.000000, 0.100407, -0.055885, 0.993376, 0.461972, 0.030766, -0.997769, -0.059242, 0.043116, 0.994471, 0.036511, -0.098464, 0.185140, 0.000000, 0.000000, 0.000000, 1.000000, -0.996315, 0.039392, 0.076192, 0.018803, 0.069648, -0.146917, 0.986694, -0.028234, 0.050062, 0.988364, 0.143632, -0.062980, 0.000000, 0.000000, 0.000000, 1.000000
0.5319, -34.1167, 72.8029, 393.4312, 462.4312, 43.1167, 184.2706, 18.8640, -27.9931, -63.0450, -0.035163, 0.997816, 0.055922, -0.034117, -0.993613, -0.040909, 0.105167, 0.072803, 0.107225, -0.051867, 0.992881, 0.393431, 0.000000, 0.000000, 0.000000, 1.000000, 0.107225, -0.051867, 0.992881, 0.462431, 0.035163, -0.997816, -0.055922, 0.043117, 0.993613, 0.040909, -0.105167, 0.184271, 0.000000, 0.000000, 0.000000, 1.000000, -0.995748, 0.038985, 0.083464, 0.018864, 0.077168, -0.141819, 0.986880, -0.027993, 0.050311, 0.989125, 0.138208, -0.063045, 0.000000, 0.000000, 0.000000, 1.000000
0.7930, -34.1271, 73.6227, 393.4540, 462.4540, 43.1271, 183.4507, 18.8548, -28.1950, -63.1620, -0.039569, 0.997681, 0.055387, -0.034127, -0.994118, -0.044899, 0.098554, 0.073623, 0.100812, -0.051162, 0.993589, 0.393454, 0.000000, 0.000000, 0.000000, 1.000000, 0.100812, -0.051162, 0.993589, 0.462454, 0.039569, -0.997681, -0.055387, 0.043127, 0.994118, 0.044899, -0.098554, 0.183451, 0.000000, 0.000000, 0.000000, 1.000000, -0.996222, 0.039283, 0.077446, 0.018855, 0.071258, -0.139921, 0.987595, -0.028195, 0.049632, 0.989383, 0.136593, -0.063162, 0.000000, 0.000000, 0.000000, 1.000000
1.0588, -34.1141, 74.4291, 393.7034, 462.7034, 43.1141, 182.6444, 18.8056, -28.1836, -63.2387, -0.043609, 0.997483, 0.055913, -0.034114, -0.993041, -0.049408, 0.106908, 0.074429, 0.109401, -0.050862, 0.992696, 0.393703, 0.000000, 0.000000, 0.000000, 1.000000, 0.109401, -0.050862, 0.992696, 0.462703, 0.043609, -0.997483, -0.055913, 0.043114, 0.993041, 0.049408, -0.106908, 0.182644, 0.000000, 0.000000, 0.000000, 1.000000, -0.995465, 0.039114, 0.086716, 0.018806, 0.080548, -0.138422, 0.987092, -0.028184, 0.050613, 0.989601, 0.134644, -0.063239, 0.000000, 0.000000, 0.000000, 1.000000
1.3201, -34.1198, 75.2301, 393.8460, 462.8460, 43.1198, 181.8434, 18.7690, -28.2708, -63.3457, -0.047593, 0.996976, 0.061431, -0.034120, -0.993543, -0.053591, 0.100006, 0.075230, 0.102996, -0.056274, 0.993089, 0.393846, 0.000000, 0.000000, 0.000000, 1.000000, 0.102996, -0.056274, 0.993089, 0.462846, 0.047593, -0.996976, -0.061431, 0.043120, 0.993543, 0.053591, -0.100006, 0.181843, 0.000000, 0.000000, 0.000000, 1.000000, -0.995930, 0.039322, 0.081094, 0.018769, 0.074734, -0.142592, 0.986956, -0.028271, 0.050373, 0.989000, 0.139073, -0.063346, 0.000000, 0.000000, 0.000000, 1.000000
1.6088, -34.1328, 76.0491, 394.0221, 463.0221, 43.1328, 181.0244, 18.6605, -28.3510, -63.4666, -0.052748, 0.997022, 0.056262, -0.034133, -0.993688, -0.057991, 0.096027, 0.076049, 0.099004, -0.050842, 0.993787, 0.394022, 0.000000, 0.000000, 0.000000, 1.000000, 0.099004, -0.050842, 0.993787, 0.463022, 0.052748, -0.997022, -0.056262, 0.043133, 0.993688, 0.057991, -0.096027, 0.181024, 0.000000, 0.000000, 0.000000, 1.000000, -0.996208, 0.039553, 0.077492, 0.018660, 0.071469, -0.135878, 0.988144, -0.028351, 0.049613, 0.989936, 0.132536, -0.063467, 0.000000, 0.000000, 0.000000, 1.000000
1.8873, -34.1177, 76.9000, 394.3280, 463.3280, 43.1177, 180.1734, 18.6159, -28.2931, -63.5538, -0.055898, 0.996765, 0.057741, -0.034118, -0.993553, -0.061244, 0.095401, 0.076900, 0.098629, -0.052036, 0.993763, 0.394328, 0.000000, 0.000000, 0.000000, 1.000000, 0.098629, -0.052036, 0.993763, 0.463328, 0.055898, -0.996765, -0.057741, 0.043118, 0.993553, 0.061244, -0.095401, 0.180173, 0.000000, 0.000000, 0.000000, 1.000000, -0.996130, 0.040891, 0.077805, 0.018616, 0.071609, -0.135751, 0.988152, -0.028293, 0.050969, 0.989899, 0.132297, -0.063554, 0.000000, 0.000000, 0.000000, 1.000000
2.1453, -34.1433, 77.6799, 394.4309, 463.4309, 43.1433, 179.3936, 18.5613, -28.4195, -63.6917, -0.061449, 0.995889, 0.066556, -0.034143, -0.992544, -0.068003, 0.101153, 0.077680, 0.105263, -0.059844, 0.992642, 0.394431, 0.000000, 0.000000, 0.000000, 1.000000, 0.105263, -0.059844, 0.992642, 0.463431, 0.061449, -0.995889, -0.066556, 0.043143, 0.992544, 0.068003, -0.101153, 0.179394, 0.000000, 0.000000, 0.000000, 1.000000, -0.995608, 0.038472, 0.085347, 0.018561, 0.079077, -0.142379, 0.986648, -0.028419, 0.050110, 0.989064, 0.138712, -0.063692, 0.000000, 0.000000, 0.000000, 1.000000
2.4139, -34.1315, 78.4838, 394.5351, 463.5351, 43.1315, 178.5896, 18.5080, -28.5523, -63.8000, -0.066222, 0.995472, 0.068188, -0.034132, -0.992845, -0.072545, 0.094848, 0.078484, 0.099365, -0.061419, 0.993154, 0.394535, 0.000000, 0.000000, 0.000000, 1.000000, 0.099365, -0.061419, 0.993154, 0.463535, 0.066222, -0.995472, -0.068188, 0.043132, 0.992845, 0.072545, -0.094848, 0.178590, 0.000000, 0.000000, 0.000000, 1.000000, -0.996065, 0.038376, 0.079891, 0.018508, 0.073668, -0.142702, 0.987020, -0.028552, 0.049278, 0.989021, 0.139313, -0.063800, 0.000000, 0.000000, 0.000000, 1.000000
2.6815, -34.1108, 79.3613, 394.9220, 463.9220, 43.1108, 177.7122, 18.5170, -28.4066, -63.8878, -0.069532, 0.995785, 0.059810, -0.034111, -0.993224, -0.074701, 0.089032, 0.079361, 0.093124, -0.053214, 0.994231, 0.394922, 0.000000, 0.000000, 0.000000, 1.000000, 0.093124, -0.053214, 0.994231, 0.463922, 0.069532, -0.995785, -0.059810, 0.043111, 0.993224, 0.074701, -0.089032, 0.177712, 0.000000, 0.000000, 0.000000, 1.000000, -0.996432, 0.040464, 0.074065, 0.018517, 0.068081, -0.133279, 0.988737, -0.028407, 0.049879, 0.990252, 0.130049, -0.063888, 0.000000, 0.000000, 0.000000, 1.000000
2.9491, -34.1298, 80.2085, 395.4047, 464.4047, 43.1298, 176.8649, 18.4949, -28.1597, -64.0084, -0.074769, 0.994974, 0.066603, -0.034130, -0.991690, -0.081202, 0.099790, 0.080209, 0.104697, -0.058589, 0.992777, 0.395405, 0.000000, 0.000000, 0.000000, 1.000000, 0.104697, -0.058589, 0.992777, 0.464405, 0.074769, -0.994974, -0.066603, 0.043130, 0.991690, 0.081202, -0.099790, 0.176865, 0.000000, 0.000000, 0.000000, 1.000000, -0.995531, 0.038430, 0.086265, 0.018495, 0.080243, -0.137422, 0.987257, -0.028160, 0.049795, 0.989767, 0.133724, -0.064008, 0.000000, 0.000000, 0.000000, 1.000000
3.2154, -34.0549, 80.9343, 395.1134, 464.1134, 43.0549, 176.1391, 18.3793, -28.6964, -64.0868, -0.078284, 0.994624, 0.067786, -0.034055, -0.992563, -0.084119, 0.087989, 0.080934, 0.093218, -0.060393, 0.993812, 0.395113, 0.000000, 0.000000, 0.000000, 1.000000, 0.093218, -0.060393, 0.993812, 0.464113, 0.078284, -0.994624, -0.067786, 0.043055, 0.992563, 0.084119, -0.087989, 0.176139, 0.000000, 0.000000, 0.000000, 1.000000, -0.996348, 0.039894, 0.075497, 0.018379, 0.069342, -0.137946, 0.988009, -0.028696, 0.049830, 0.989636, 0.134676, -0.064087, 0.000000, 0.000000, 0.000000, 1.000000
3.4845, -34.0546, 81.7130, 395.2357, 464.2357, 43.0546, 175.3605, 18.2879, -28.8174, -64.2156, -0.084029, 0.993695, 0.074227, -0.034055, -0.991586, -0.090747, 0.092312, 0.081713, 0.098465, -0.065846, 0.992960, 0.395236, 0.000000, 0.000000, 0.000000, 1.000000, 0.098465, -0.065846, 0.992960, 0.464236, 0.084029, -0.993695, -0.074227, 0.043055, 0.991586, 0.090747, -0.092312, 0.175360, 0.000000, 0.000000, 0.000000, 1.000000, -0.995961, 0.037715, 0.081480, 0.018288, 0.075361, -0.142160, 0.986971, -0.028817, 0.048807, 0.989125, 0.138744, -0.064216, 0.000000, 0.000000, 0.000000, 1.000000
3.7358, -34.0213, 82.6026, 395.6703, 464.6703, 43.0213, 174.4708, 18.3647, -28.6067, -64.3026, -0.087455, 0.993869, 0.067645, -0.034021, -0.991756, -0.093251, 0.087888, 0.082603, 0.093657, -0.059401, 0.993831, 0.395670, 0.000000, 0.000000, 0.000000, 1.000000, 0.093657, -0.059401, 0.993831, 0.464670, 0.087455, -0.993869, -0.067645, 0.043021, 0.991756, 0.093251, -0.087888, 0.174471, 0.000000, 0.000000, 0.000000, 1.000000, -0.996265, 0.039260, 0.076911, 0.018365, 0.070998, -0.134558, 0.988359, -0.028607, 0.049152, 0.990128, 0.131268, -0.064303, 0.000000, 0.000000, 0.000000, 1.000000
4.0038, -33.9977, 83.4244, 395.9158, 464.9158, 42.9977, 173.6490, 18.3222, -28.6027, -64.4119, -0.092813, 0.992858, 0.074961, -0.033998, -0.990772, -0.099561, 0.091968, 0.083424, 0.098774, -0.065733, 0.992936, 0.395916, 0.000000, 0.000000, 0.000000, 1.000000, 0.098774, -0.065733, 0.992936, 0.464916, 0.092813, -0.992858, -0.074961, 0.042998, 0.990772, 0.099561, -0.091968, 0.173649, 0.000000, 0.000000, 0.000000, 1.000000, -0.995874, 0.037397, 0.082682, 0.018322, 0.076721, -0.139633, 0.987227, -0.028603, 0.048465, 0.989497, 0.136187, -0.064412, 0.000000, 0.000000, 0.000000, 1.000000
4.2773, -33.9925, 84.2919, 396.3070, 465.3070, 42.9925, 172.7816, 18.3008, -28.4571, -64.5397, -0.096551, 0.992439, 0.075787, -0.033993, -0.990297, -0.103430, 0.092815, 0.084292, 0.099952, -0.066090, 0.992795, 0.396307, 0.000000, 0.000000, 0.000000, 1.000000, 0.099952, -0.066090, 0.992795, 0.465307, 0.096551, -0.992439, -0.075787, 0.042993, 0.990297, 0.103430, -0.092815, 0.172782, 0.000000, 0.000000, 0.000000, 1.000000, -0.995705, 0.038004, 0.084422, 0.018301, 0.078409, -0.138695, 0.987226, -0.028457, 0.049228, 0.989606, 0.135120, -0.064540, 0.000000, 0.000000, 0.000000, 1.000000
4.5394, -33.9003, 85.1039, 396.5048, 465.5048, 42.9003, 171.9695, 18.2712, -28.5044, -64.5903, -0.101605, 0.992233, 0.071760, -0.033900, -0.990097, -0.107882, 0.089824, 0.085104, 0.096868, -0.061923, 0.993369, 0.396505, 0.000000, 0.000000, 0.000000, 1.000000, 0.096868, -0.061923, 0.993369, 0.465505, 0.101605, -0.992233, -0.071760, 0.042900, 0.990097, 0.107882, -0.089824, 0.171970, 0.000000, 0.000000, 0.000000, 1.000000, -0.995934, 0.037778, 0.081780, 0.018271, 0.076083, -0.133340, 0.988146, -0.028504, 0.048234, 0.990350, 0.129924, -0.064590, 0.000000, 0.000000, 0.000000, 1.000000
4.8227, -33.8386, 85.8677, 396.4326, 465.4325, 42.8386, 171.2057, 18.1327, -28.8370, -64.6902, -0.105420, 0.991270, 0.079185, -0.033839, -0.989802, -0.112268, 0.087675, 0.085868, 0.095800, -0.069135, 0.992997, 0.396433, 0.000000, 0.000000, 0.000000, 1.000000, 0.095800, -0.069135, 0.992997, 0.465433, 0.105420, -0.991270, -0.079185, 0.042839, 0.989802, 0.112268, -0.087675, 0.171206, 0.000000, 0.000000, 0.000000, 1.000000, -0.995946, 0.038085, 0.081490, 0.018133, 0.075468, -0.139162, 0.987390, -0.028837, 0.048945, 0.989537, 0.135724, -0.064690, 0.000000, 0.000000, 0.000000, 1.000000
5.0805, -33.8065, 86.7382, 396.8411, 465.8411, 42.8065, 170.3353, 18.1634, -28.6632, -64.8004, -0.109768, 0.990919, 0.077651, -0.033807, -0.989158, -0.116572, 0.089312, 0.086738, 0.097553, -0.067006, 0.992972, 0.396841, 0.000000, 0.000000, 0.000000, 1.000000, 0.097553, -0.067006, 0.992972, 0.465841, 0.109768, -0.990919, -0.077651, 0.042807, 0.989158, 0.116572, -0.089312, 0.170335, 0.000000, 0.000000, 0.000000, 1.000000, -0.995768, 0.037963, 0.083697, 0.018163, 0.077837, -0.135841, 0.987668, -0.028663, 0.048865, 0.990003, 0.132312, -0.064800, 0.000000, 0.000000, 0.000000, 1.000000
5.3491, -33.7294, 87.4907, 396.9743, 465.9743, 42.7294, 169.5827, 18.0559, -28.7800, -64.8729, -0.113821, 0.990685, 0.074755, -0.033729, -0.988971, -0.120158, 0.086593, 0.087491, 0.094769, -0.064074, 0.993435, 0.396974, 0.000000, 0.000000, 0.000000, 1.000000, 0.094769, -0.064074, 0.993435, 0.465974, 0.113821, -0.990685, -0.074755, 0.042729, 0.988971, 0.120158, -0.086593, 0.169583, 0.000000, 0.000000, 0.000000, 1.000000, -0.995935, 0.038750, 0.081312, 0.018056, 0.075576, -0.131649, 0.988411, -0.028780, 0.049006, 0.990539, 0.128185, -0.064873, 0.000000, 0.000000, 0.000000, 1.000000
5.6119, -33.6894, 88.3275, 397.2986, 466.2986, 42.6894, 168.7460, 18.0388, -28.6972, -64.9848, -0.117153, 0.990313, 0.074540, -0.033689, -0.989274, -0.122965, 0.078847, 0.088327, 0.087249, -0.064503, 0.994096, 0.397299, 0.000000, 0.000000, 0.000000, 1.000000, 0.087249, -0.064503, 0.994096, 0.466299, 0.117153, -0.990313, -0.074540, 0.042689, 0.989274, 0.122965, -0.078847, 0.168746, 0.000000, 0.000000, 0.000000, 1.000000, -0.996415, 0.040236, 0.074423, 0.018039, 0.068590, -0.130809, 0.989032, -0.028697, 0.049530, 0.990591, 0.127581, -0.064985, 0.000000, 0.000000, 0.000000, 1.000000
5.8880, -33.5864, 89.0180, 396.9741, 465.9741, 42.5864, 168.0555, 17.8567, -29.2816, -65.0594, -0.122457, 0.989061, 0.082235, -0.033586, -0.987971, -0.129366, 0.084720, 0.089018, 0.094431, -0.070871, 0.993006, 0.396974, 0.000000, 0.000000, 0.000000, 1.000000, 0.094431, -0.070871, 0.993006, 0.465974, 0.122457, -0.989061, -0.082235, 0.042586, 0.987971, 0.129366, -0.084720, 0.168055, 0.000000, 0.000000, 0.000000, 1.000000, -0.995872, 0.038350, 0.082269, 0.017857, 0.076369, -0.135863, 0.987780, -0.029282, 0.049059, 0.989985, 0.132373, -0.065059, 0.000000, 0.000000, 0.000000, 1.000000
6.1325, -33.5886, 89.9630, 397.6615, 466.6615, 42.5887, 167.1104, 17.9928, -28.8128, -65.2118, -0.126677, 0.988623, 0.081104, -0.033589, -0.987526, -0.133399, 0.083654, 0.089963, 0.093521, -0.069495, 0.993189, 0.397661, 0.000000, 0.000000, 0.000000, 1.000000, 0.093521, -0.069495, 0.993189, 0.466661, 0.126677, -0.988623, -0.081104, 0.042589, 0.987526, 0.133399, -0.083654, 0.167110, 0.000000, 0.000000, 0.000000, 1.000000, -0.995919, 0.038297, 0.081726, 0.017993, 0.075962, -0.133339, 0.988155, -0.028813, 0.048740, 0.990330, 0.129886, -0.065212, 0.000000, 0.000000, 0.000000, 1.000000
6.4099, -33.5147, 90.7442, 397.7466, 466.7466, 42.5147, 166.3292, 17.8823, -28.9871, -65.3099, -0.131369, 0.987520, 0.086868, -0.033515, -0.986958, -0.138510, 0.082034, 0.090744, 0.093042, -0.074958, 0.992837, 0.397747, 0.000000, 0.000000, 0.000000, 1.000000, 0.093042, -0.074958, 0.992837, 0.466747, 0.131369, -0.987520, -0.086868, 0.042515, 0.986958, 0.138510, -0.082034, 0.166329, 0.000000, 0.000000, 0.000000, 1.000000, -0.995923, 0.037701, 0.081956, 0.017882, 0.076066, -0.137461, 0.987582, -0.028987, 0.048499, 0.989789, 0.134032, -0.065310, 0.000000, 0.000000, 0.000000, 1.000000
6.6653, -33.4304, 91.6044, 398.1511, 467.1511, 42.4304, 165.4690, 17.9184, -28.8190, -65.3917, -0.134579, 0.987453, 0.082610, -0.033430, -0.986489, -0.141374, 0.082787, 0.091604, 0.093427, -0.070353, 0.993137, 0.398151, 0.000000, 0.000000, 0.000000, 1.000000, 0.093427, -0.070353, 0.993137, 0.467151, 0.134579, -0.987453, -0.082610, 0.042430, 0.986489, 0.141374, -0.082787, 0.165469, 0.000000, 0.000000, 0.000000, 1.000000, -0.995816, 0.039005, 0.082640, 0.017918, 0.076861, -0.131648, 0.988312, -0.028819, 0.049429, 0.990529, 0.128099, -0.065392, 0.000000, 0.000000, 0.000000, 1.000000
6.9442, -33.3267, 92.3327, 397.9161, 466.9161, 42.3267, 164.7408, 17.7602, -29.3174, -65.4774, -0.140217, 0.986096, 0.089185, -0.033327, -0.985636, -0.147578, 0.082117, 0.092333, 0.094137, -0.076389, 0.992624, 0.397916, 0.000000, 0.000000, 0.000000, 1.000000, 0.094137, -0.076389, 0.992624, 0.466916, 0.140217, -0.986096, -0.089185, 0.042327, 0.985636, 0.147578, -0.082117, 0.164741, 0.000000, 0.000000, 0.000000, 1.000000, -0.995769, 0.037320, 0.083973, 0.017760, 0.078172, -0.136345, 0.987572, -0.029317, 0.048306, 0.989958, 0.132850, -0.065477, 0.000000, 0.000000, 0.000000, 1.000000
7.2112, -33.2485, 93.2644, 398.5718, 467.5718, 42.2485, 163.8091, 17.8227, -28.9094, -65.5732, -0.143956, 0.986603, 0.076758, -0.033248, -0.985516, -0.149958, 0.079187, 0.093264, 0.089637, -0.064247, 0.993900, 0.398572, 0.000000, 0.000000, 0.000000, 1.000000, 0.089637, -0.064247, 0.993900, 0.467572, 0.143956, -0.986603, -0.076758, 0.042248, 0.985516, 0.149958, -0.079187, 0.163809, 0.000000, 0.000000, 0.000000, 1.000000, -0.996058, 0.039303, 0.079525, 0.017823, 0.074160, -0.122970, 0.989636, -0.028909, 0.048675, 0.991632, 0.119571, -0.065573, 0.000000, 0.000000, 0.000000, 1.000000
7.4811, -33.1677, 93.9775, 398.4154, 467.4154, 42.1677, 163.0959, 17.6726, -29.3198, -65.6781, -0.149469, 0.984323, 0.093636, -0.033168, -0.984341, -0.157081, 0.079986, 0.093978, 0.093441, -0.080214, 0.992388, 0.398415, 0.000000, 0.000000, 0.000000, 1.000000, 0.093441, -0.080214, 0.992388, 0.467415, 0.149469, -0.984323, -0.093636, 0.042168, 0.984341, 0.157081, -0.079986, 0.163096, 0.000000, 0.000000, 0.000000, 1.000000, -0.995774, 0.036519, 0.084261, 0.017673, 0.078504, -0.137592, 0.987373, -0.029320, 0.047651, 0.989816, 0.134143, -0.065678, 0.000000, 0.000000, 0.000000, 1.000000
7.7487, -33.0619, 94.8112, 398.6925, 467.6925, 42.0619, 162.2622, 17.6430, -29.2965, -65.7591, -0.152693, 0.984522, 0.086034, -0.033062, -0.984467, -0.159161, 0.074113, 0.094811, 0.086659, -0.073381, 0.993532, 0.398693, 0.000000, 0.000000, 0.000000, 1.000000, 0.086659, -0.073381, 0.993532, 0.467693, 0.152693, -0.984522, -0.086034, 0.042062, 0.984467, 0.159161, -0.074113, 0.162262, 0.000000, 0.000000, 0.000000, 1.000000, -0.996207, 0.038815, 0.077876, 0.017643, 0.072263, -0.129489, 0.988944, -0.029296, 0.048470, 0.990821, 0.126193, -0.065759, 0.000000, 0.000000, 0.000000, 1.000000
8.0161, -33.0212, 95.6471, 399.0167, 468.0167, 42.0212, 161.4264, 17.6083, -29.2191, -65.9054, -0.157974, 0.983407, 0.089194, -0.033021, -0.983464, -0.164795, 0.075101, 0.095647, 0.088553, -0.075855, 0.993179, 0.399017, 0.000000, 0.000000, 0.000000, 1.000000, 0.088553, -0.075855, 0.993179, 0.468017, 0.157974, -0.983407, -0.089194, 0.042021, 0.983464, 0.164795, -0.075101, 0.161426, 0.000000, 0.000000, 0.000000, 1.000000, -0.996079, 0.037509, 0.080119, 0.017608, 0.074598, -0.130680, 0.988614, -0.029219, 0.047551, 0.990715, 0.127369, -0.065905, 0.000000, 0.000000, 0.000000, 1.000000
8.2852, -32.9414, 96.4718, 399.2868, 468.2868, 41.9414, 160.6017, 17.5590, -29.2036, -66.0186, -0.162720, 0.982163, 0.094222, -0.032941, -0.982534, -0.170034, 0.075605, 0.096472, 0.090277, -0.080274, 0.992676, 0.399287, 0.000000, 0.000000, 0.000000, 1.000000, 0.090277, -0.080274, 0.992676, 0.468287, 0.162720, -0.982163, -0.094222, 0.041941, 0.982534, 0.170034, -0.075605, 0.160602, 0.000000, 0.000000, 0.000000, 1.000000, -0.995920, 0.036585, 0.082488, 0.017559, 0.076919, -0.133794, 0.988020, -0.029204, 0.047183, 0.990334, 0.130434, -0.066019, 0.000000, 0.000000, 0.000000, 1.000000
8.5487, -32.8109, 97.1961, 399.1315, 468.1315, 41.8109, 159.8774, 17.4487, -29.6096, -66.0868, -0.165838, 0.981850, 0.092026, -0.032811, -0.982467, -0.172558, 0.070583, 0.097196, 0.085182, -0.078707, 0.993252, 0.399131, 0.000000, 0.000000, 0.000000, 1.000000, 0.085182, -0.078707, 0.993252, 0.468131, 0.165838, -0.981850, -0.092026, 0.041811, 0.982467, 0.172558, -0.070583, 0.159877, 0.000000, 0.000000, 0.000000, 1.000000, -0.996231, 0.038372, 0.077792, 0.017449, 0.072165, -0.130943, 0.988760, -0.029610, 0.048127, 0.990647, 0.127680, -0.066087, 0.000000, 0.000000, 0.000000, 1.000000
8.8113, -32.7046, 98.0106, 399.3913, 468.3913, 41.7046, 159.0628, 17.4155, -29.5997, -66.1783, -0.170655, 0.980808, 0.094304, -0.032705, -0.981600, -0.177549, 0.070265, 0.098011, 0.085660, -0.080578, 0.993061, 0.399391, 0.000000, 0.000000, 0.000000, 1.000000, 0.085660, -0.080578, 0.993061, 0.468391, 0.170655, -0.980808, -0.094304, 0.041705, 0.981600, 0.177549, -0.070265, 0.159063, 0.000000, 0.000000, 0.000000, 1.000000, -0.996184, 0.037599, 0.078767, 0.017416, 0.073203, -0.131549, 0.988603, -0.029600, 0.047532, 0.990596, 0.128294, -0.066178, 0.000000, 0.000000, 0.000000, 1.000000
9.0773, -32.6081, 98.7989, 399.6295, 468.6295, 41.6081, 158.2745, 17.3430, -29.6152, -66.2790, -0.174664, 0.980209, 0.093184, -0.032608, -0.981053, -0.181306, 0.068283, 0.098799, 0.083826, -0.079492, 0.993305, 0.399629, 0.000000, 0.000000, 0.000000, 1.000000, 0.083826, -0.079492, 0.993305, 0.468629, 0.174664, -0.980209, -0.093184, 0.041608, 0.981053, 0.181306, -0.068283, 0.158275, 0.000000, 0.000000, 0.000000, 1.000000, -0.996270, 0.038155, 0.077395, 0.017343, 0.071883, -0.129180, 0.989012, -0.029615, 0.047734, 0.990887, 0.125955, -0.066279, 0.000000, 0.000000, 0.000000, 1.000000
9.3386, -32.4818, 99.5595, 399.7234, 468.7234, 41.4818, 157.5139, 17.2719, -29.7691, -66.3545, -0.179221, 0.978780, 0.099343, -0.032482, -0.979969, -0.186522, 0.069793, 0.099560, 0.086842, -0.084844, 0.992603, 0.399723, 0.000000, 0.000000, 0.000000, 1.000000, 0.086842, -0.084844, 0.992603, 0.468723, 0.179221, -0.978780, -0.099343, 0.041482, 0.979969, 0.186522, -0.069793, 0.157514, 0.000000, 0.000000, 0.000000, 1.000000, -0.996036, 0.037113, 0.080841, 0.017272, 0.075242, -0.133246, 0.988223, -0.029769, 0.047448, 0.990388, 0.129926, -0.066354, 0.000000, 0.000000, 0.000000, 1.000000
9.6125, -32.3623, 100.4668, 400.1505, 469.1505, 41.3623, 156.6067, 17.2896, -29.6045, -66.4586, -0.182801, 0.978729, 0.093127, -0.032362, -0.979732, -0.189238, 0.065678, 0.100467, 0.081905, -0.079234, 0.993486, 0.400151, 0.000000, 0.000000, 0.000000, 1.000000, 0.081905, -0.079234, 0.993486, 0.469151, 0.182801, -0.978729, -0.093127, 0.041362, 0.979732, 0.189238, -0.065678, 0.156607, 0.000000, 0.000000, 0.000000, 1.000000, -0.996324, 0.038887, 0.076335, 0.017290, 0.070878, -0.126323, 0.989454, -0.029604, 0.048120, 0.991227, 0.123103, -0.066459, 0.000000, 0.000000, 0.000000, 1.000000
9.8701, -32.2717, 101.3522, 400.4019, 469.4019, 41.2717, 155.7213, 17.3402, -29.5947, -66.5967, -0.186686, 0.977794, 0.095222, -0.032272, -0.979055, -0.193186, 0.064275, 0.101352, 0.081243, -0.081228, 0.993379, 0.400402, 0.000000, 0.000000, 0.000000, 1.000000, 0.081243, -0.081228, 0.993379, 0.469402, 0.186686, -0.977794, -0.095222, 0.041272, 0.979055, 0.193186, -0.064275, 0.155721, 0.000000, 0.000000, 0.000000, 1.000000, -0.996337, 0.039095, 0.076057, 0.017340, 0.070541, -0.127052, 0.989385, -0.029595, 0.048343, 0.991125, 0.123829, -0.066597, 0.000000, 0.000000, 0.000000, 1.000000
10.1579, -32.1177, 102.1117, 400.6154, 469.6155, 41.1177, 154.9618, 17.1828, -29.6593, -66.6538, -0.192285, 0.976568, 0.096655, -0.032118, -0.977551, -0.199258, 0.068493, 0.102112, 0.086147, -0.081315, 0.992958, 0.400615, 0.000000, 0.000000, 0.000000, 1.000000, 0.086147, -0.081315, 0.992958, 0.469615, 0.192285, -0.976568, -0.096655, 0.041118, 0.977551, 0.199258, -0.068493, 0.154962, 0.000000, 0.000000, 0.000000, 1.000000, -0.995982, 0.037641, 0.081255, 0.017183, 0.075945, -0.125753, 0.989150, -0.029659, 0.047451, 0.991347, 0.122389, -0.066654, 0.000000, 0.000000, 0.000000, 1.000000
10.4157, -31.9206, 103.2491, 400.8911, 469.8912, 40.9206, 153.8243, 17.4967, -29.6286, -66.7561, -0.196603, 0.976306, 0.090405, -0.031921, -0.977766, -0.202082, 0.056000, 0.103249, 0.072943, -0.077385, 0.994329, 0.400891, 0.000000, 0.000000, 0.000000, 1.000000, 0.072943, -0.077385, 0.994329, 0.469891, 0.196603, -0.976306, -0.090405, 0.040921, 0.977766, 0.202082, -0.056000, 0.153824, 0.000000, 0.000000, 0.000000, 1.000000, -0.996897, 0.039040, 0.068361, 0.017497, 0.063214, -0.120573, 0.990690, -0.029629, 0.046919, 0.991937, 0.117731, -0.066756, 0.000000, 0.000000, 0.000000, 1.000000
10.6700, -31.8566, 103.6553, 400.9344, 469.9344, 40.8566, 153.4182, 17.0790, -29.8360, -66.8252, -0.200693, 0.974679, 0.098602, -0.031857, -0.976427, -0.207179, 0.060564, 0.103655, 0.079459, -0.084123, 0.993282, 0.400934, 0.000000, 0.000000, 0.000000, 1.000000, 0.079459, -0.084123, 0.993282, 0.469934, 0.200693, -0.974679, -0.098602, 0.040857, 0.976427, 0.207179, -0.060564, 0.153418, 0.000000, 0.000000, 0.000000, 1.000000, -0.996418, 0.037921, 0.075589, 0.017079, 0.070269, -0.126055, 0.989531, -0.029836, 0.047052, 0.991298, 0.122939, -0.066825, 0.000000, 0.000000, 0.000000, 1.000000
10.9520, -31.7080, 104.5596, 401.1799, 470.1799, 40.7080, 152.5138, 17.0765, -29.8618, -66.9311, -0.202885, 0.974494, 0.095916, -0.031708, -0.976570, -0.208544, 0.053107, 0.104560, 0.071755, -0.082894, 0.993972, 0.401180, 0.000000, 0.000000, 0.000000, 1.000000, 0.071755, -0.082894, 0.993972, 0.470180, 0.202885, -0.974494, -0.095916, 0.040708, 0.976570, 0.208544, -0.053107, 0.152514, 0.000000, 0.000000, 0.000000, 1.000000, -0.996803, 0.041179, 0.068476, 0.017077, 0.062934, -0.123427, 0.990356, -0.029862, 0.049233, 0.991499, 0.120441, -0.066931, 0.000000, 0.000000, 0.000000, 1.000000
11.2230, -31.6288, 105.2943, 401.5440, 470.5440, 40.6288, 151.7792, 16.9300, -29.7568, -67.0596, -0.209607, 0.972671, 0.099884, -0.031629, -0.974333, -0.216351, 0.062186, 0.105294, 0.082097, -0.084285, 0.993054, 0.401544, 0.000000, 0.000000, 0.000000, 1.000000, 0.082097, -0.084285, 0.993054, 0.470544, 0.209607, -0.972671, -0.099884, 0.040629, 0.974333, 0.216351, -0.062186, 0.151779, 0.000000, 0.000000, 0.000000, 1.000000, -0.996173, 0.037647, 0.078883, 0.016930, 0.073695, -0.123512, 0.989603, -0.029757, 0.046998, 0.991629, 0.120265, -0.067060, 0.000000, 0.000000, 0.000000, 1.000000
11.4902, -31.4075, 106.0591, 401.1760, 470.1760, 40.4075, 151.0144, 16.8606, -30.3874, -67.0895, -0.212382, 0.972022, 0.100337, -0.031407, -0.974750, -0.217978, 0.048446, 0.106059, 0.068962, -0.087514, 0.993773, 0.401176, 0.000000, 0.000000, 0.000000, 1.000000, 0.068962, -0.087514, 0.993773, 0.470176, 0.212382, -0.972022, -0.100337, 0.040407, 0.974750, 0.217978, -0.048446, 0.151014, 0.000000, 0.000000, 0.000000, 1.000000, -0.996972, 0.040316, 0.066486, 0.016861, 0.060966, -0.125400, 0.990231, -0.030387, 0.048260, 0.991287, 0.122562, -0.067089, 0.000000, 0.000000, 0.000000, 1.000000
11.7669, -31.3052, 106.8874, 401.6783, 470.6784, 40.3052, 150.1860, 16.7843, -30.1530, -67.2216, -0.218785, 0.970217, 0.103982, -0.031305, -0.972421, -0.225618, 0.059119, 0.106887, 0.080819, -0.088180, 0.992821, 0.401678, 0.000000, 0.000000, 0.000000, 1.000000, 0.080819, -0.088180, 0.992821, 0.470678, 0.218785, -0.970217, -0.103982, 0.040305, 0.972421, 0.225618, -0.059119, 0.150186, 0.000000, 0.000000, 0.000000, 1.000000, -0.996221, 0.037017, 0.078568, 0.016784, 0.073401, -0.124733, 0.989472, -0.030153, 0.046427, 0.991500, 0.121544, -0.067222, 0.000000, 0.000000, 0.000000, 1.000000
12.0486, -31.1000, 107.9796, 401.9943, 470.9943, 40.1000, 149.0939, 16.9758, -30.1087, -67.3367, -0.222619, 0.969247, 0.104890, -0.031100, -0.972011, -0.228955, 0.052680, 0.107980, 0.075075, -0.090227, 0.993088, 0.401994, 0.000000, 0.000000, 0.000000, 1.000000, 0.075075, -0.090227, 0.993088, 0.470994, 0.222619, -0.969247, -0.104890, 0.040100, 0.972011, 0.228955, -0.052680, 0.149094, 0.000000, 0.000000, 0.000000, 1.000000, -0.996575, 0.038188, 0.073354, 0.016976, 0.068049, -0.125379, 0.989772, -0.030109, 0.046994, 0.991374, 0.122351, -0.067337, 0.000000, 0.000000, 0.000000, 1.000000
12.3306, -30.9639, 108.8427, 402.5461, 471.5461, 39.9639, 148.2308, 16.9254, -29.8305, -67.4548, -0.226103, 0.969310, 0.096523, -0.030964, -0.971510, -0.231617, 0.050223, 0.108843, 0.071038, -0.082418, 0.994063, 0.402546, 0.000000, 0.000000, 0.000000, 1.000000, 0.071038, -0.082418, 0.994063, 0.471546, 0.226103, -0.969310, -0.096523, 0.039964, 0.971510, 0.231617, -0.050223, 0.148231, 0.000000, 0.000000, 0.000000, 1.000000, -0.996772, 0.040241, 0.069473, 0.016925, 0.064390, -0.116197, 0.991137, -0.029830, 0.047957, 0.992411, 0.113231, -0.067455, 0.000000, 0.000000, 0.000000, 1.000000
12.6356, -30.7899, 109.5304, 402.4052, 471.4052, 39.7899, 147.5430, 16.6430, -30.2723, -67.5188, -0.231224, 0.967201, 0.105155, -0.030790, -0.969729, -0.237840, 0.055298, 0.109530, 0.078494, -0.089186, 0.992917, 0.402405, 0.000000, 0.000000, 0.000000, 1.000000, 0.078494, -0.089186, 0.992917, 0.471405, 0.231224, -0.967201, -0.105155, 0.039790, 0.969729, 0.237840, -0.055298, 0.147543, 0.000000, 0.000000, 0.000000, 1.000000, -0.996235, 0.038728, 0.077558, 0.016643, 0.072348, -0.121450, 0.989957, -0.030272, 0.047759, 0.991842, 0.118190, -0.067519, 0.000000, 0.000000, 0.000000, 1.000000
12.9556, -30.6427, 110.2770, 402.6312, 471.6312, 39.6427, 146.7965, 16.3603, -30.3602, -67.6166, -0.235722, 0.966003, 0.106173, -0.030643, -0.968521, -0.242510, 0.056174, 0.110277, 0.080013, -0.089589, 0.992760, 0.402631, 0.000000, 0.000000, 0.000000, 1.000000, 0.080013, -0.089589, 0.992760, 0.471631, 0.235722, -0.966003, -0.106173, 0.039643, 0.968521, 0.242510, -0.056174, 0.146796, 0.000000, 0.000000, 0.000000, 1.000000, -0.996064, 0.039180, 0.079509, 0.016360, 0.074291, -0.120268, 0.989958, -0.030360, 0.048349, 0.991968, 0.116884, -0.067617, 0.000000, 0.000000, 0.000000, 1.000000
13.2658, -30.4131, 111.3561, 402.8676, 471.8676, 39.4131, 145.7173, 16.4525, -30.4255, -67.7319, -0.242616, 0.963646, 0.111911, -0.030413, -0.966666, -0.249867, 0.055887, 0.111356, 0.081818, -0.094621, 0.992145, 0.402868, 0.000000, 0.000000, 0.000000, 1.000000, 0.081818, -0.094621, 0.992145, 0.471868, 0.242616, -0.963646, -0.111911, 0.039413, 0.966666, 0.249867, -0.055887, 0.145717, 0.000000, 0.000000, 0.000000, 1.000000, -0.995992, 0.036592, 0.081616, 0.016453, 0.076525, -0.123761, 0.989357, -0.030426, 0.046304, 0.991637, 0.120465, -0.067732, 0.000000, 0.000000, 0.000000, 1.000000
13.5658, -30.1668, 112.2971, 403.2075, 472.2075, 39.1668, 144.7764, 16.4473, -30.3810, -67.7934, -0.244365, 0.964768, 0.097512, -0.030167, -0.967785, -0.248939, 0.037693, 0.112297, 0.060640, -0.085160, 0.994520, 0.403207, 0.000000, 0.000000, 0.000000, 1.000000, 0.060640, -0.085160, 0.994520, 0.472207, 0.244365, -0.964768, -0.097512, 0.039167, 0.967785, 0.248939, -0.037693, 0.144776, 0.000000, 0.000000, 0.000000, 1.000000, -0.997235, 0.042708, 0.060809, 0.016447, 0.055661, -0.112812, 0.992056, -0.030381, 0.049229, 0.992698, 0.110123, -0.067793, 0.000000, 0.000000, 0.000000, 1.000000
13.8950, -30.0109, 113.3203, 403.4559, 472.4559, 39.0109, 143.7532, 16.3974, -30.4551, -67.9768, -0.250603, 0.961764, 0.110488, -0.030011, -0.965504, -0.256637, 0.044047, 0.113320, 0.070719, -0.095638, 0.992901, 0.403456, 0.000000, 0.000000, 0.000000, 1.000000, 0.070719, -0.095638, 0.992901, 0.472456, 0.250603, -0.961764, -0.110488, 0.039011, 0.965504, 0.256637, -0.044047, 0.143753, 0.000000, 0.000000, 0.000000, 1.000000, -0.996635, 0.039918, 0.071590, 0.016397, 0.066267, -0.121644, 0.990359, -0.030455, 0.048242, 0.991771, 0.118590, -0.067977, 0.000000, 0.000000, 0.000000, 1.000000
14.1937, -29.8343, 114.0960, 403.8359, 472.8360, 38.8343, 142.9774, 16.2177, -30.3693, -68.0648, -0.256205, 0.960416, 0.109358, -0.029834, -0.963950, -0.262263, 0.044923, 0.114096, 0.071825, -0.093906, 0.992987, 0.403836, 0.000000, 0.000000, 0.000000, 1.000000, 0.071825, -0.093906, 0.992987, 0.472836, 0.256205, -0.960416, -0.109358, 0.038834, 0.963950, 0.262263, -0.044923, 0.142977, 0.000000, 0.000000, 0.000000, 1.000000, -0.996580, 0.039064, 0.072823, 0.016218, 0.067747, -0.118436, 0.990648, -0.030369, 0.047324, 0.992193, 0.115384, -0.068065, 0.000000, 0.000000, 0.000000, 1.000000
14.5268, -29.5249, 115.1262, 403.6434, 472.6434, 38.5249, 141.9473, 16.2060, -30.8930, -68.1251, -0.260269, 0.959140, 0.110950, -0.029525, -0.963679, -0.265171, 0.031729, 0.115126, 0.059854, -0.098662, 0.993319, 0.403643, 0.000000, 0.000000, 0.000000, 1.000000, 0.059854, -0.098662, 0.993319, 0.472643, 0.260269, -0.959140, -0.110950, 0.038525, 0.963679, 0.265171, -0.031729, 0.141947, 0.000000, 0.000000, 0.000000, 1.000000, -0.997238, 0.041393, 0.061675, 0.016206, 0.056245, -0.121518, 0.990994, -0.030893, 0.048515, 0.991726, 0.118854, -0.068125, 0.000000, 0.000000, 0.000000, 1.000000
14.8209, -29.3882, 115.8180, 404.1513, 473.1514, 38.3882, 141.2554, 15.9454, -30.6766, -68.2298, -0.266657, 0.956805, 0.115839, -0.029388, -0.960742, -0.273440, 0.046959, 0.115818, 0.076605, -0.098769, 0.992157, 0.404151, 0.000000, 0.000000, 0.000000, 1.000000, 0.076605, -0.098769, 0.992157, 0.473151, 0.266657, -0.956805, -0.115839, 0.038388, 0.960742, 0.273440, -0.046959, 0.141255, 0.000000, 0.000000, 0.000000, 1.000000, -0.996206, 0.037646, 0.078468, 0.015945, 0.073441, -0.120173, 0.990033, -0.030677, 0.046701, 0.992039, 0.116953, -0.068230, 0.000000, 0.000000, 0.000000, 1.000000
15.1133, -29.1846, 116.9898, 404.5031, 473.5030, 38.1846, 140.0836, 16.1655, -30.6130, -68.4284, -0.271001, 0.955493, 0.116582, -0.029185, -0.959986, -0.277165, 0.040081, 0.116990, 0.070609, -0.101056, 0.992372, 0.404503, 0.000000, 0.000000, 0.000000, 1.000000, 0.070609, -0.101056, 0.992372, 0.473503, 0.271001, -0.955493, -0.116582, 0.038185, 0.959986, 0.277165, -0.040081, 0.140084, 0.000000, 0.000000, 0.000000, 1.000000, -0.996589, 0.038508, 0.072996, 0.016165, 0.067862, -0.120997, 0.990331, -0.030613, 0.046968, 0.991906, 0.117971, -0.068428, 0.000000, 0.000000, 0.000000, 1.000000
15.4331, -28.9393, 117.7983, 404.7668, 473.7668, 37.9393, 139.2751, 15.9659, -30.6678, -68.4834, -0.274808, 0.954899, 0.112463, -0.028939, -0.959015, -0.280619, 0.039286, 0.117798, 0.069073, -0.097057, 0.992879, 0.404767, 0.000000, 0.000000, 0.000000, 1.000000, 0.069073, -0.097057, 0.992879, 0.473767, 0.274808, -0.954899, -0.112463, 0.037939, 0.959015, 0.280619, -0.039286, 0.139275, 0.000000, 0.000000, 0.000000, 1.000000, -0.996608, 0.040306, 0.071744, 0.015966, 0.066678, -0.115405, 0.991078, -0.030668, 0.048226, 0.992500, 0.112326, -0.068483, 0.000000, 0.000000, 0.000000, 1.000000
15.7050, -28.6564, 118.6750, 404.6882, 473.6882, 37.6564, 138.3985, 15.9951, -31.0196, -68.5295, -0.281878, 0.951724, 0.121516, -0.028656, -0.956494, -0.288681, 0.042215, 0.118675, 0.075257, -0.104330, 0.991691, 0.404688, 0.000000, 0.000000, 0.000000, 1.000000, 0.075257, -0.104330, 0.991691, 0.473688, 0.281878, -0.951724, -0.121516, 0.037656, 0.956494, 0.288681, -0.042215, 0.138398, 0.000000, 0.000000, 0.000000, 1.000000, -0.996278, 0.036124, 0.078262, 0.015995, 0.073362, -0.121317, 0.989899, -0.031020, 0.045253, 0.991956, 0.118215, -0.068530, 0.000000, 0.000000, 0.000000, 1.000000
15.9750, -28.4218, 119.5111, 404.8266, 473.8266, 37.4218, 137.5624, 15.9817, -31.1492, -68.6079, -0.284957, 0.951226, 0.118192, -0.028422, -0.956529, -0.290174, 0.029194, 0.119511, 0.062067, -0.104734, 0.992562, 0.404827, 0.000000, 0.000000, 0.000000, 1.000000, 0.062067, -0.104734, 0.992562, 0.473827, 0.284957, -0.951226, -0.118192, 0.037422, 0.956529, 0.290174, -0.029194, 0.137562, 0.000000, 0.000000, 0.000000, 1.000000, -0.997089, 0.039003, 0.065516, 0.015982, 0.060401, -0.120363, 0.990891, -0.031149, 0.046533, 0.991964, 0.117656, -0.068608, 0.000000, 0.000000, 0.000000, 1.000000
16.2265, -28.3094, 120.1662, 404.8358, 473.8358, 37.3094, 136.9072, 15.8133, -31.3910, -68.7451, -0.290452, 0.948010, 0.130055, -0.028309, -0.953800, -0.297740, 0.040195, 0.120166, 0.076828, -0.112372, 0.990692, 0.404836, 0.000000, 0.000000, 0.000000, 1.000000, 0.076828, -0.112372, 0.990692, 0.473836, 0.290452, -0.948010, -0.130055, 0.037309, 0.953800, 0.297740, -0.040195, 0.136907, 0.000000, 0.000000, 0.000000, 1.000000, -0.996138, 0.034936, 0.080548, 0.015813, 0.075531, -0.126735, 0.989057, -0.031391, 0.044762, 0.991321, 0.123606, -0.068745, 0.000000, 0.000000, 0.000000, 1.000000
16.4869, -28.0627, 121.1433, 405.5933, 474.5933, 37.0627, 135.9301, 15.9673, -30.8917, -68.8571, -0.293929, 0.948419, 0.118770, -0.028063, -0.953605, -0.299441, 0.031176, 0.121143, 0.065133, -0.104096, 0.992432, 0.405593, 0.000000, 0.000000, 0.000000, 1.000000, 0.065133, -0.104096, 0.992432, 0.474593, 0.293929, -0.948419, -0.118770, 0.037063, 0.953605, 0.299441, -0.031176, 0.135930, 0.000000, 0.000000, 0.000000, 1.000000, -0.996911, 0.037764, 0.068865, 0.015967, 0.064022, -0.117160, 0.991047, -0.030892, 0.045494, 0.992395, 0.114380, -0.068857, 0.000000, 0.000000, 0.000000, 1.000000
16.7453, -27.8978, 121.9400, 405.8122, 474.8122, 36.8978, 135.1334, 15.9227, -30.9329, -68.9976, -0.298549, 0.945821, 0.127638, -0.027898, -0.951972, -0.304638, 0.030734, 0.121940, 0.067953, -0.112332, 0.991345, 0.405812, 0.000000, 0.000000, 0.000000, 1.000000, 0.067953, -0.112332, 0.991345, 0.474812, 0.298549, -0.945821, -0.127638, 0.036898, 0.951972, 0.304638, -0.030734, 0.135133, 0.000000, 0.000000, 0.000000, 1.000000, -0.996729, 0.036238, 0.072237, 0.015923, 0.067237, -0.124091, 0.989990, -0.030933, 0.044840, 0.991609, 0.121248, -0.068998, 0.000000, 0.000000, 0.000000, 1.000000
17.0123, -27.5832, 122.7098, 406.0060, 475.0060, 36.5832, 134.3636, 15.8818, -31.0066, -68.9927, -0.302500, 0.945011, 0.124285, -0.027583, -0.950758, -0.308396, 0.030841, 0.122710, 0.067474, -0.108836, 0.991767, 0.406006, 0.000000, 0.000000, 0.000000, 1.000000, 0.067474, -0.108836, 0.991767, 0.475006, 0.302500, -0.945011, -0.124285, 0.036583, 0.950758, 0.308396, -0.030841, 0.134364, 0.000000, 0.000000, 0.000000, 1.000000, -0.996737, 0.036833, 0.071822, 0.015882, 0.066973, -0.119254, 0.990602, -0.031007, 0.045052, 0.992180, 0.116398, -0.068993, 0.000000, 0.000000, 0.000000, 1.000000
17.2805, -27.3698, 123.7075, 406.5304, 475.5304, 36.3698, 133.3660, 16.0087, -30.7529, -69.1631, -0.305788, 0.944155, 0.122740, -0.027370, -0.950165, -0.310835, 0.023849, 0.123707, 0.060669, -0.109331, 0.992152, 0.406530, 0.000000, 0.000000, 0.000000, 1.000000, 0.060669, -0.109331, 0.992152, 0.475530, 0.305788, -0.944155, -0.122740, 0.036370, 0.950165, 0.310835, -0.023849, 0.133366, 0.000000, 0.000000, 0.000000, 1.000000, -0.997100, 0.038649, 0.065561, 0.016009, 0.060578, -0.118404, 0.991116, -0.030753, 0.046069, 0.992213, 0.115720, -0.069163, 0.000000, 0.000000, 0.000000, 1.000000
17.5590, -27.1845, 124.1857, 406.1529, 475.1529, 36.1845, 132.8878, 15.6085, -31.4109, -69.1902, -0.311264, 0.940940, 0.133216, -0.027184, -0.947628, -0.317867, 0.031017, 0.124186, 0.071530, -0.116585, 0.990602, 0.406153, 0.000000, 0.000000, 0.000000, 1.000000, 0.071530, -0.116585, 0.990602, 0.475153, 0.311264, -0.940940, -0.133216, 0.036184, 0.947628, 0.317867, -0.031017, 0.132888, 0.000000, 0.000000, 0.000000, 1.000000, -0.996422, 0.035515, 0.076696, 0.015609, 0.071746, -0.124249, 0.989654, -0.031411, 0.044677, 0.991615, 0.121257, -0.069190, 0.000000, 0.000000, 0.000000, 1.000000
17.8274, -26.8612, 125.0342, 406.2740, 475.2741, 35.8612, 132.0393, 15.6400, -31.5587, -69.2161, -0.314502, 0.941369, 0.122115, -0.026861, -0.947871, -0.318383, 0.013176, 0.125034, 0.051283, -0.111606, 0.992428, 0.406274, 0.000000, 0.000000, 0.000000, 1.000000, 0.051283, -0.111606, 0.992428, 0.475274, 0.314502, -0.941369, -0.122115, 0.035861, 0.947871, 0.318383, -0.013176, 0.132039, 0.000000, 0.000000, 0.000000, 1.000000, -0.997606, 0.039621, 0.056673, 0.015640, 0.051653, -0.117920, 0.991679, -0.031559, 0.045974, 0.992232, 0.115591, -0.069216, 0.000000, 0.000000, 0.000000, 1.000000
18.0957, -26.6986, 125.6838, 406.3975, 475.3975, 35.6986, 131.3897, 15.4212, -31.7072, -69.3238, -0.318995, 0.938789, 0.130068, -0.026699, -0.945477, -0.324730, 0.024993, 0.125684, 0.065700, -0.115003, 0.991190, 0.406398, 0.000000, 0.000000, 0.000000, 1.000000, 0.065700, -0.115003, 0.991190, 0.475398, 0.318995, -0.938789, -0.130068, 0.035699, 0.945477, 0.324730, -0.024993, 0.131390, 0.000000, 0.000000, 0.000000, 1.000000, -0.996756, 0.037170, 0.071379, 0.015421, 0.066461, -0.119965, 0.990551, -0.031707, 0.045382, 0.992082, 0.117106, -0.069324, 0.000000, 0.000000, 0.000000, 1.000000
18.3622, -26.4748, 126.6588, 407.1617, 476.1617, 35.4748, 130.4146, 15.5384, -31.2112, -69.4933, -0.322681, 0.937655, 0.129152, -0.026475, -0.944682, -0.327518, 0.017562, 0.126659, 0.058767, -0.116341, 0.991469, 0.407162, 0.000000, 0.000000, 0.000000, 1.000000, 0.058767, -0.116341, 0.991469, 0.476162, 0.322681, -0.937655, -0.129152, 0.035475, 0.944682, 0.327518, -0.017562, 0.130415, 0.000000, 0.000000, 0.000000, 1.000000, -0.997154, 0.038552, 0.064783, 0.015538, 0.059744, -0.119957, 0.990980, -0.031211, 0.045975, 0.992030, 0.117312, -0.069493, 0.000000, 0.000000, 0.000000, 1.000000
18.6237, -26.2220, 127.3086, 407.2219, 476.2219, 35.2220, 129.7649, 15.3781, -31.4149, -69.5230, -0.327800, 0.935595, 0.131186, -0.026222, -0.942399, -0.333602, 0.024379, 0.127309, 0.066572, -0.115638, 0.991058, 0.407222, 0.000000, 0.000000, 0.000000, 1.000000, 0.066572, -0.115638, 0.991058, 0.476222, 0.327800, -0.935595, -0.131186, 0.035222, 0.942399, 0.333602, -0.024379, 0.129765, 0.000000, 0.000000, 0.000000, 1.000000, -0.996701, 0.036448, 0.072517, 0.015378, 0.067768, -0.117929, 0.990707, -0.031415, 0.044661, 0.992353, 0.115070, -0.069523, 0.000000, 0.000000, 0.000000, 1.000000
18.8884, -25.9835, 128.1178, 407.4170, 476.4170, 34.9835, 128.9556, 15.3457, -31.4892, -69.6281, -0.331613, 0.934326, 0.130646, -0.025984, -0.941240, -0.337061, 0.021410, 0.128118, 0.064040, -0.115869, 0.991198, 0.407417, 0.000000, 0.000000, 0.000000, 1.000000, 0.064040, -0.115869, 0.991198, 0.476417, 0.331613, -0.934326, -0.130646, 0.034984, 0.941240, 0.337061, -0.021410, 0.128956, 0.000000, 0.000000, 0.000000, 1.000000, -0.996832, 0.037114, 0.070340, 0.015346, 0.065578, -0.116826, 0.990985, -0.031489, 0.044997, 0.992459, 0.114022, -0.069628, 0.000000, 0.000000, 0.000000, 1.000000
19.1497, -25.7663, 129.0363, 407.8040, 476.8040, 34.7663, 128.0371, 15.4204, -31.3672, -69.7977, -0.334643, 0.933601, 0.128073, -0.025766, -0.940702, -0.338982, 0.013074, 0.129036, 0.055620, -0.116103, 0.991679, 0.407804, 0.000000, 0.000000, 0.000000, 1.000000, 0.055620, -0.116103, 0.991679, 0.476804, 0.334643, -0.933601, -0.128073, 0.034766, 0.940702, 0.338982, -0.013074, 0.128037, 0.000000, 0.000000, 0.000000, 1.000000, -0.997280, 0.039365, 0.062315, 0.015420, 0.057393, -0.115741, 0.991620, -0.031367, 0.046248, 0.992499, 0.113167, -0.069798, 0.000000, 0.000000, 0.000000, 1.000000
19.4164, -25.4650, 129.6882, 407.9449, 476.9449, 34.4650, 127.3853, 15.2595, -31.4975, -69.7928, -0.338871, 0.931590, 0.131550, -0.025465, -0.938749, -0.344100, 0.018585, 0.129688, 0.062580, -0.117194, 0.991135, 0.407945, 0.000000, 0.000000, 0.000000, 1.000000, 0.062580, -0.117194, 0.991135, 0.476945, 0.338871, -0.931590, -0.131550, 0.034465, 0.938749, 0.344100, -0.018585, 0.127385, 0.000000, 0.000000, 0.000000, 1.000000, -0.996851, 0.038253, 0.069464, 0.015260, 0.064639, -0.115482, 0.991204, -0.031498, 0.045939, 0.992573, 0.112645, -0.069793, 0.000000, 0.000000, 0.000000, 1.000000
19.6801, -25.2343, 130.3794, 408.0706, 477.0706, 34.2343, 126.6941, 15.1212, -31.6386, -69.8703, -0.344536, 0.929794, 0.129529, -0.025234, -0.936853, -0.349363, 0.015877, 0.130379, 0.060015, -0.115880, 0.991449, 0.408071, 0.000000, 0.000000, 0.000000, 1.000000, 0.060015, -0.115880, 0.991449, 0.477071, 0.344536, -0.929794, -0.129529, 0.034234, 0.936853, 0.349363, -0.015877, 0.126694, 0.000000, 0.000000, 0.000000, 1.000000, -0.997078, 0.037058, 0.066798, 0.015121, 0.062242, -0.112825, 0.991664, -0.031639, 0.044285, 0.992924, 0.110189, -0.069870, 0.000000, 0.000000, 0.000000, 1.000000
19.9388, -24.9404, 131.0450, 407.9413, 476.9413, 33.9404, 126.0284, 14.9969, -32.0309, -69.8807, -0.348147, 0.927855, 0.133714, -0.024940, -0.935416, -0.353211, 0.015451, 0.131045, 0.061566, -0.119699, 0.990900, 0.407941, 0.000000, 0.000000, 0.000000, 1.000000, 0.061566, -0.119699, 0.990900, 0.476941, 0.348147, -0.927855, -0.133714, 0.033940, 0.935416, 0.353211, -0.015451, 0.126028, 0.000000, 0.000000, 0.000000, 1.000000, -0.996950, 0.037011, 0.068704, 0.014997, 0.064030, -0.115334, 0.991261, -0.032031, 0.044611, 0.992637, 0.112612, -0.069881, 0.000000, 0.000000, 0.000000, 1.000000
19.9956, -24.7377, 131.6356, 408.0091, 477.0091, 33.7377, 125.4379, 15.4324, -32.0223, -69.9305, -0.350395, 0.927050, 0.133421, -0.024738, -0.935289, -0.353876, 0.002552, 0.131636, 0.049581, -0.123893, 0.991056, 0.408009, 0.000000, 0.000000, 0.000000, 1.000000, 0.049581, -0.123893, 0.991056, 0.477009, 0.350395, -0.927050, -0.133421, 0.033738, 0.935289, 0.353876, -0.002552, 0.125438, 0.000000, 0.000000, 0.000000, 1.000000, -0.997695, 0.037008, 0.056883, 0.015432, 0.052106, -0.119243, 0.991497, -0.032022, 0.043476, 0.992175, 0.117039, -0.069931, 0.000000, 0.000000, 0.000000, 1.000000
19.9993, -24.6362, 132.0590, 408.2014, 477.2015, 33.6362, 125.0144, 15.8491, -31.8355, -70.0045, -0.353068, 0.924965, 0.140652, -0.024636, -0.933341, -0.358649, 0.015678, 0.132059, 0.064946, -0.125741, 0.989935, 0.408201, 0.000000, 0.000000, 0.000000, 1.000000, 0.064946, -0.125741, 0.989935, 0.477201, 0.353068, -0.924965, -0.140652, 0.033636, 0.933341, 0.358649, -0.015678, 0.125014, 0.000000, 0.000000, 0.000000, 1.000000, -0.996910, 0.031855, 0.071802, 0.015849, 0.067462, -0.121059, 0.990350, -0.031835, 0.040240, 0.992134, 0.118536, -0.070004, 0.000000, 0.000000, 0.000000, 1.000000
19.9995, -24.5838, 132.1944, 408.4423, 477.4423, 33.5838, 124.8790, 15.9945, -31.5950, -70.0104, -0.352449, 0.925950, 0.135636, -0.024584, -0.933989, -0.357131, 0.011077, 0.132194, 0.058696, -0.122779, 0.990697, 0.408442, 0.000000, 0.000000, 0.000000, 1.000000, 0.058696, -0.122779, 0.990697, 0.477442, 0.352449, -0.925950, -0.135636, 0.033584, 0.933989, 0.357131, -0.011077, 0.124879, 0.000000, 0.000000, 0.000000, 1.000000, -0.997279, 0.033650, 0.065592, 0.015995, 0.061202, -0.118098, 0.991114, -0.031595, 0.041097, 0.992432, 0.115717, -0.070010, 0.000000, 0.000000, 0.000000, 1.000000
