# Joint_6_Angle(deg), Cam_X(mm), Cam_Y(mm), Cam_Z(mm), Torso_X(mm), Torso_Y(mm), Torso_Z(mm), EE_X(mm), EE_Y(mm), EE_Z(mm), T_cam2marker_flat(16), T_torso2marker_flat(16), T_ee2marker_flat(16)
-19.7728, 22.4878, 2.3840, 191.5361, 213.5361, -22.4878, 197.6895, -1.4220, -99.8304, 21.8353, 0.928142, -0.000121, -0.372227, 0.022488, -0.005309, 0.999894, -0.013562, 0.002384, 0.372189, 0.014563, 0.928043, 0.191536, 0.000000, 0.000000, 0.000000, 1.000000, 0.372189, 0.014563, 0.928043, 0.213536, -0.928142, 0.000121, 0.372227, -0.022488, 0.005309, -0.999894, 0.013562, 0.197689, 0.000000, 0.000000, 0.000000, 1.000000, -0.989290, 0.144411, -0.021227, -0.001422, -0.016041, 0.036982, 0.999187, -0.099830, 0.145079, 0.988826, -0.034270, 0.021835, 0.000000, 0.000000, 0.000000, 1.000000
-19.5003, 22.4000, 2.3729, 191.5638, 213.5638, -22.4000, 197.7005, -1.8288, -99.7636, 21.8125, 0.929037, -0.000049, -0.369987, 0.022400, -0.005168, 0.999901, -0.013107, 0.002373, 0.369951, 0.014089, 0.928944, 0.191564, 0.000000, 0.000000, 0.000000, 1.000000, 0.369951, 0.014089, 0.928944, 0.213564, -0.929037, 0.000049, 0.369987, -0.022400, 0.005168, -0.999901, 0.013107, 0.197701, 0.000000, 0.000000, 0.000000, 1.000000, -0.989297, 0.144701, -0.018794, -0.001829, -0.013742, 0.035830, 0.999263, -0.099764, 0.145268, 0.988826, -0.033458, 0.021812, 0.000000, 0.000000, 0.000000, 1.000000
-19.2630, 22.1595, 2.3710, 191.4247, 213.4247, -22.1595, 197.7025, -1.9700, -99.7928, 21.7700, 0.930596, -0.000093, -0.366047, 0.022159, -0.005180, 0.999896, -0.013424, 0.002371, 0.366010, 0.014388, 0.930500, 0.191425, 0.000000, 0.000000, 0.000000, 1.000000, 0.366010, 0.014388, 0.930500, 0.213425, -0.930596, 0.000093, 0.366047, -0.022159, 0.005180, -0.999896, 0.013424, 0.197702, 0.000000, 0.000000, 0.000000, 1.000000, -0.989284, 0.144776, -0.018890, -0.001970, -0.013882, 0.035524, 0.999272, -0.099793, 0.145342, 0.988827, -0.033133, 0.021770, 0.000000, 0.000000, 0.000000, 1.000000
-19.0125, 21.9203, 2.3866, 191.3792, 213.3792, -21.9203, 197.6868, -2.1680, -99.7355, 21.7486, 0.932378, -0.000483, -0.361484, 0.021920, -0.004883, 0.999891, -0.013931, 0.002387, 0.361451, 0.014755, 0.932274, 0.191379, 0.000000, 0.000000, 0.000000, 1.000000, 0.361451, 0.014755, 0.932274, 0.213379, -0.932378, 0.000483, 0.361484, -0.021920, 0.004883, -0.999891, 0.013931, 0.197687, 0.000000, 0.000000, 0.000000, 1.000000, -0.989219, 0.145149, -0.019438, -0.002168, -0.014444, 0.035376, 0.999270, -0.099735, 0.145731, 0.988777, -0.032898, 0.021749, 0.000000, 0.000000, 0.000000, 1.000000
-18.7708, 21.6776, 2.3826, 191.2757, 213.2757, -21.6776, 197.6909, -2.3285, -99.7317, 21.7051, 0.934055, -0.000192, -0.357129, 0.021678, -0.005204, 0.999886, -0.014150, 0.002383, 0.357091, 0.015075, 0.933948, 0.191276, 0.000000, 0.000000, 0.000000, 1.000000, 0.357091, 0.015075, 0.933948, 0.213276, -0.934055, 0.000192, 0.357129, -0.021678, 0.005204, -0.999886, 0.014150, 0.197691, 0.000000, 0.000000, 0.000000, 1.000000, -0.989245, 0.144911, -0.019866, -0.002329, -0.014947, 0.034954, 0.999277, -0.099732, 0.145501, 0.988827, -0.032412, 0.021705, 0.000000, 0.000000, 0.000000, 1.000000
-18.5401, 21.4430, 2.3672, 191.1244, 213.1244, -21.4430, 197.7062, -2.4615, -99.7763, 21.6498, 0.935042, 0.000048, -0.354538, 0.021443, -0.005153, 0.999896, -0.013457, 0.002367, 0.354500, 0.014410, 0.934945, 0.191124, 0.000000, 0.000000, 0.000000, 1.000000, 0.354500, 0.014410, 0.934945, 0.213124, -0.935042, -0.000048, 0.354538, -0.021443, 0.005153, -0.999896, 0.013457, 0.197706, 0.000000, 0.000000, 0.000000, 1.000000, -0.989248, 0.145075, -0.018483, -0.002462, -0.013735, 0.033663, 0.999339, -0.099776, 0.145601, 0.988848, -0.031308, 0.021650, 0.000000, 0.000000, 0.000000, 1.000000
-18.2949, 21.3040, 2.3622, 191.0884, 213.0884, -21.3040, 197.7113, -2.7484, -99.7480, 21.6230, 0.936189, 0.000098, -0.351497, 0.021304, -0.005142, 0.999897, -0.013418, 0.002362, 0.351459, 0.014370, 0.936093, 0.191088, 0.000000, 0.000000, 0.000000, 1.000000, 0.351459, 0.014370, 0.936093, 0.213088, -0.936189, -0.000098, 0.351497, -0.021304, 0.005142, -0.999897, 0.013418, 0.197711, 0.000000, 0.000000, 0.000000, 1.000000, -0.989251, 0.145186, -0.017413, -0.002748, -0.012750, 0.032986, 0.999374, -0.099748, 0.145670, 0.988854, -0.030780, 0.021623, 0.000000, 0.000000, 0.000000, 1.000000
-18.0545, 21.0651, 2.3845, 190.9731, 212.9731, -21.0651, 197.6889, -2.9021, -99.7569, 21.6057, 0.937896, -0.000344, -0.346916, 0.021065, -0.004968, 0.999884, -0.014422, 0.002385, 0.346880, 0.015250, 0.937785, 0.190973, 0.000000, 0.000000, 0.000000, 1.000000, 0.346880, 0.015250, 0.937785, 0.212973, -0.937896, 0.000344, 0.346916, -0.021065, 0.004968, -0.999884, 0.014422, 0.197689, 0.000000, 0.000000, 0.000000, 1.000000, -0.989204, 0.145413, -0.018198, -0.002902, -0.013482, 0.033356, 0.999353, -0.099757, 0.145926, 0.988809, -0.031036, 0.021606, 0.000000, 0.000000, 0.000000, 1.000000
-17.8198, 20.8328, 2.3696, 190.8836, 212.8836, -20.8328, 197.7039, -3.0668, -99.7455, 21.5534, 0.939212, -0.000413, -0.343338, 0.020833, -0.004782, 0.999887, -0.014284, 0.002370, 0.343305, 0.015057, 0.939103, 0.190884, 0.000000, 0.000000, 0.000000, 1.000000, 0.343305, 0.015057, 0.939103, 0.212884, -0.939212, 0.000413, 0.343338, -0.020833, 0.004782, -0.999887, 0.014284, 0.197704, 0.000000, 0.000000, 0.000000, 1.000000, -0.989170, 0.145681, -0.017853, -0.003067, -0.013236, 0.032605, 0.999381, -0.099745, 0.146173, 0.988794, -0.030324, 0.021553, 0.000000, 0.000000, 0.000000, 1.000000
-17.5482, 20.6494, 2.3770, 190.8241, 212.8241, -20.6494, 197.6964, -3.3480, -99.7211, 21.5316, 0.940484, -0.000475, -0.339839, 0.020649, -0.004727, 0.999884, -0.014479, 0.002377, 0.339806, 0.015224, 0.940372, 0.190824, 0.000000, 0.000000, 0.000000, 1.000000, 0.339806, 0.015224, 0.940372, 0.212824, -0.940484, 0.000475, 0.339839, -0.020649, 0.004727, -0.999884, 0.014479, 0.197696, 0.000000, 0.000000, 0.000000, 1.000000, -0.989166, 0.145832, -0.016825, -0.003348, -0.012268, 0.032092, 0.999410, -0.099721, 0.146286, 0.988789, -0.029955, 0.021532, 0.000000, 0.000000, 0.000000, 1.000000
-17.2925, 20.4129, 2.3618, 190.6820, 212.6820, -20.4129, 197.7116, -3.5277, -99.7567, 21.4767, 0.941793, -0.000046, -0.336193, 0.020413, -0.004492, 0.999909, -0.012720, 0.002362, 0.336163, 0.013489, 0.941707, 0.190682, 0.000000, 0.000000, 0.000000, 1.000000, 0.336163, 0.013489, 0.941707, 0.212682, -0.941793, 0.000046, 0.336193, -0.020413, 0.004492, -0.999909, 0.012720, 0.197712, 0.000000, 0.000000, 0.000000, 1.000000, -0.989129, 0.146184, -0.015936, -0.003528, -0.011718, 0.029667, 0.999491, -0.099757, 0.146582, 0.988812, -0.027632, 0.021477, 0.000000, 0.000000, 0.000000, 1.000000
-17.0108, 20.1686, 2.3700, 190.6939, 212.6939, -20.1686, 197.7035, -3.7942, -99.6432, 21.4492, 0.943957, -0.000310, -0.330068, 0.020169, -0.004285, 0.999904, -0.013192, 0.002370, 0.330040, 0.013867, 0.943865, 0.190694, 0.000000, 0.000000, 0.000000, 1.000000, 0.330040, 0.013867, 0.943865, 0.212694, -0.943957, 0.000310, 0.330068, -0.020169, 0.004285, -0.999904, 0.013192, 0.197703, 0.000000, 0.000000, 0.000000, 1.000000, -0.989064, 0.146443, -0.017513, -0.003794, -0.013345, 0.029393, 0.999479, -0.099643, 0.146882, 0.988782, -0.027118, 0.021449, 0.000000, 0.000000, 0.000000, 1.000000
-16.7629, 19.9514, 2.3628, 190.6145, 212.6145, -19.9514, 197.7106, -3.9977, -99.6271, 21.4073, 0.945092, -0.000329, -0.326803, 0.019951, -0.004298, 0.999900, -0.013438, 0.002363, 0.326775, 0.014104, 0.944997, 0.190615, 0.000000, 0.000000, 0.000000, 1.000000, 0.326775, 0.014104, 0.944997, 0.212615, -0.945092, 0.000329, 0.326803, -0.019951, 0.004298, -0.999900, 0.013438, 0.197711, 0.000000, 0.000000, 0.000000, 1.000000, -0.989070, 0.146507, -0.016642, -0.003998, -0.012523, 0.028989, 0.999501, -0.099627, 0.146916, 0.988785, -0.026838, 0.021407, 0.000000, 0.000000, 0.000000, 1.000000
-16.5032, 19.7051, 2.3639, 190.6077, 212.6077, -19.7051, 197.7095, -4.2176, -99.5320, 21.3718, 0.947184, -0.000353, -0.320691, 0.019705, -0.004277, 0.999897, -0.013731, 0.002364, 0.320662, 0.014378, 0.947084, 0.190608, 0.000000, 0.000000, 0.000000, 1.000000, 0.320662, 0.014378, 0.947084, 0.212608, -0.947184, 0.000353, 0.320691, -0.019705, 0.004277, -0.999897, 0.013731, 0.197710, 0.000000, 0.000000, 0.000000, 1.000000, -0.989027, 0.146567, -0.018539, -0.004218, -0.014498, 0.028590, 0.999486, -0.099532, 0.147021, 0.988788, -0.026151, 0.021372, 0.000000, 0.000000, 0.000000, 1.000000
-16.2180, 19.4852, 2.3569, 190.4570, 212.4570, -19.4852, 197.7165, -4.4595, -99.5797, 21.3270, 0.947926, -0.000316, -0.318491, 0.019485, -0.004187, 0.999901, -0.013455, 0.002357, 0.318463, 0.014087, 0.947830, 0.190457, 0.000000, 0.000000, 0.000000, 1.000000, 0.318463, 0.014087, 0.947830, 0.212457, -0.947926, 0.000316, 0.318491, -0.019485, 0.004187, -0.999901, 0.013455, 0.197717, 0.000000, 0.000000, 0.000000, 1.000000, -0.989044, 0.146769, -0.015818, -0.004460, -0.011894, 0.027574, 0.999549, -0.099580, 0.147139, 0.988786, -0.025527, 0.021327, 0.000000, 0.000000, 0.000000, 1.000000
-15.9500, 19.2186, 2.3612, 190.4890, 212.4890, -19.2186, 197.7122, -4.6860, -99.4406, 21.2931, 0.949990, -0.000746, -0.312279, 0.019219, -0.003622, 0.999904, -0.013405, 0.002361, 0.312259, 0.013866, 0.949896, 0.190489, 0.000000, 0.000000, 0.000000, 1.000000, 0.312259, 0.013866, 0.949896, 0.212489, -0.949990, 0.000746, 0.312279, -0.019219, 0.003622, -0.999904, 0.013405, 0.197712, 0.000000, 0.000000, 0.000000, 1.000000, -0.988925, 0.147370, -0.017604, -0.004686, -0.013797, 0.026818, 0.999545, -0.099441, 0.147775, 0.988718, -0.024487, 0.021293, 0.000000, 0.000000, 0.000000, 1.000000
-15.6845, 19.0012, 2.3442, 190.1867, 212.1867, -19.0012, 197.7293, -4.8494, -99.6346, 21.2332, 0.950393, -0.000625, -0.311049, 0.019001, -0.003734, 0.999903, -0.013419, 0.002344, 0.311028, 0.013915, 0.950299, 0.190187, 0.000000, 0.000000, 0.000000, 1.000000, 0.311028, 0.013915, 0.950299, 0.212187, -0.950393, 0.000625, 0.311049, -0.019001, 0.003734, -0.999903, 0.013419, 0.197729, 0.000000, 0.000000, 0.000000, 1.000000, -0.988980, 0.147364, -0.014255, -0.004849, -0.010513, 0.026142, 0.999603, -0.099635, 0.147678, 0.988737, -0.024305, 0.021233, 0.000000, 0.000000, 0.000000, 1.000000
-15.4485, 18.7299, 2.3503, 190.1943, 212.1943, -18.7299, 197.7232, -5.0070, -99.5204, 21.1995, 0.952192, -0.000727, -0.305498, 0.018730, -0.003511, 0.999905, -0.013324, 0.002350, 0.305479, 0.013760, 0.952099, 0.190194, 0.000000, 0.000000, 0.000000, 1.000000, 0.305479, 0.013760, 0.952099, 0.212194, -0.952192, 0.000727, 0.305498, -0.018730, 0.003511, -0.999905, 0.013324, 0.197723, 0.000000, 0.000000, 0.000000, 1.000000, -0.988917, 0.147615, -0.015892, -0.005007, -0.012269, 0.025421, 0.999602, -0.099520, 0.147960, 0.988718, -0.023328, 0.021200, 0.000000, 0.000000, 0.000000, 1.000000
-15.2306, 18.5117, 2.3527, 190.1190, 212.1190, -18.5117, 197.7208, -5.1570, -99.5038, 21.1670, 0.953703, -0.000494, -0.300749, 0.018512, -0.003592, 0.999909, -0.013032, 0.002353, 0.300728, 0.013509, 0.953614, 0.190119, 0.000000, 0.000000, 0.000000, 1.000000, 0.300728, 0.013509, 0.953614, 0.212119, -0.953703, 0.000494, 0.300749, -0.018512, 0.003592, -0.999909, 0.013032, 0.197721, 0.000000, 0.000000, 0.000000, 1.000000, -0.988906, 0.147570, -0.016972, -0.005157, -0.013493, 0.024548, 0.999608, -0.099504, 0.147929, 0.988747, -0.022284, 0.021167, 0.000000, 0.000000, 0.000000, 1.000000
-14.9779, 18.3267, 2.3460, 190.1380, 212.1380, -18.3267, 197.7274, -5.4288, -99.4048, 21.1339, 0.955165, -0.000225, -0.296074, 0.018327, -0.003679, 0.999913, -0.012629, 0.002346, 0.296051, 0.013152, 0.955082, 0.190138, 0.000000, 0.000000, 0.000000, 1.000000, 0.296051, 0.013152, 0.955082, 0.212138, -0.955165, 0.000225, 0.296074, -0.018327, 0.003679, -0.999913, 0.012629, 0.197727, 0.000000, 0.000000, 0.000000, 1.000000, -0.988905, 0.147535, -0.017346, -0.005429, -0.014032, 0.023474, 0.999626, -0.099405, 0.147887, 0.988778, -0.021144, 0.021134, 0.000000, 0.000000, 0.000000, 1.000000
-14.7155, 18.1063, 2.3577, 190.0609, 212.0609, -18.1063, 197.7158, -5.6514, -99.3850, 21.1101, 0.956235, -0.000213, -0.292601, 0.018106, -0.004115, 0.999891, -0.014176, 0.002358, 0.292572, 0.014760, 0.956129, 0.190061, 0.000000, 0.000000, 0.000000, 1.000000, 0.292572, 0.014760, 0.956129, 0.212061, -0.956235, 0.000213, 0.292601, -0.018106, 0.004115, -0.999891, 0.014176, 0.197716, 0.000000, 0.000000, 0.000000, 1.000000, -0.988977, 0.147139, -0.016587, -0.005651, -0.013147, 0.024325, 0.999618, -0.099385, 0.147487, 0.988817, -0.022122, 0.021110, 0.000000, 0.000000, 0.000000, 1.000000
-14.4488, 17.8613, 2.3504, 189.9503, 211.9503, -17.8613, 197.7231, -5.8513, -99.3895, 21.0628, 0.957951, -0.000129, -0.286932, 0.017861, -0.003759, 0.999908, -0.012999, 0.002350, 0.286908, 0.013531, 0.957863, 0.189950, 0.000000, 0.000000, 0.000000, 1.000000, 0.286908, 0.013531, 0.957863, 0.211950, -0.957951, 0.000129, 0.286932, -0.017861, 0.003759, -0.999908, 0.012999, 0.197723, 0.000000, 0.000000, 0.000000, 1.000000, -0.988899, 0.147542, -0.017614, -0.005851, -0.014457, 0.022443, 0.999644, -0.099389, 0.147884, 0.988801, -0.020061, 0.021063, 0.000000, 0.000000, 0.000000, 1.000000
-14.1873, 17.6240, 2.3679, 189.8648, 211.8648, -17.6240, 197.7055, -6.0540, -99.3726, 21.0419, 0.958562, -0.000490, -0.284883, 0.017624, -0.003610, 0.999897, -0.013866, 0.002368, 0.284861, 0.014320, 0.958462, 0.189865, 0.000000, 0.000000, 0.000000, 1.000000, 0.284861, 0.014320, 0.958462, 0.211865, -0.958562, 0.000490, 0.284883, -0.017624, 0.003610, -0.999897, 0.013866, 0.197706, 0.000000, 0.000000, 0.000000, 1.000000, -0.988907, 0.147748, -0.015297, -0.006054, -0.012082, 0.022631, 0.999671, -0.099373, 0.148046, 0.988766, -0.020595, 0.021042, 0.000000, 0.000000, 0.000000, 1.000000
-13.9469, 17.3680, 2.3711, 189.9184, 211.9184, -17.3680, 197.7023, -6.2440, -99.2202, 21.0093, 0.960868, -0.000283, -0.277006, 0.017368, -0.003608, 0.999902, -0.013535, 0.002371, 0.276983, 0.014005, 0.960773, 0.189918, 0.000000, 0.000000, 0.000000, 1.000000, 0.276983, 0.014005, 0.960773, 0.211918, -0.960868, 0.000283, 0.277006, -0.017368, 0.003608, -0.999902, 0.013535, 0.197702, 0.000000, 0.000000, 0.000000, 1.000000, -0.988841, 0.147738, -0.019166, -0.006244, -0.016141, 0.021649, 0.999635, -0.099220, 0.148100, 0.988789, -0.019023, 0.021009, 0.000000, 0.000000, 0.000000, 1.000000
-13.7298, 17.1146, 2.3735, 189.7733, 211.7733, -17.1146, 197.7000, -6.3383, -99.2615, 20.9690, 0.961394, -0.000106, -0.275175, 0.017115, -0.003558, 0.999912, -0.012816, 0.002373, 0.275152, 0.013300, 0.961309, 0.189773, 0.000000, 0.000000, 0.000000, 1.000000, 0.275152, 0.013300, 0.961309, 0.211773, -0.961394, 0.000106, 0.275175, -0.017115, 0.003558, -0.999912, 0.012816, 0.197700, 0.000000, 0.000000, 0.000000, 1.000000, -0.988860, 0.147856, -0.017155, -0.006338, -0.014298, 0.020364, 0.999690, -0.099261, 0.148159, 0.988799, -0.018023, 0.020969, 0.000000, 0.000000, 0.000000, 1.000000
-13.4701, 16.9500, 2.3814, 189.7333, 211.7333, -16.9500, 197.6920, -6.6197, -99.2232, 20.9511, 0.962614, 0.000154, -0.270876, 0.016950, -0.003375, 0.999929, -0.011426, 0.002381, 0.270855, 0.011913, 0.962546, 0.189733, 0.000000, 0.000000, 0.000000, 1.000000, 0.270855, 0.011913, 0.962546, 0.211733, -0.962614, -0.000154, 0.270876, -0.016950, 0.003375, -0.999929, 0.011426, 0.197692, 0.000000, 0.000000, 0.000000, 1.000000, -0.988830, 0.148094, -0.016835, -0.006620, -0.014281, 0.018289, 0.999731, -0.099223, 0.148362, 0.988804, -0.015970, 0.020951, 0.000000, 0.000000, 0.000000, 1.000000
-13.1955, 16.7270, 2.3866, 189.5967, 211.5967, -16.7270, 197.6868, -6.8450, -99.2590, 20.9184, 0.962753, -0.000465, -0.270380, 0.016727, -0.003517, 0.999892, -0.014240, 0.002387, 0.270358, 0.014661, 0.962648, 0.189597, 0.000000, 0.000000, 0.000000, 1.000000, 0.270358, 0.014661, 0.962648, 0.211597, -0.962753, 0.000465, 0.270380, -0.016727, 0.003517, -0.999892, 0.014240, 0.197687, 0.000000, 0.000000, 0.000000, 1.000000, -0.988902, 0.147999, -0.012967, -0.006845, -0.010058, 0.020390, 0.999742, -0.099259, 0.148225, 0.988777, -0.018675, 0.020918, 0.000000, 0.000000, 0.000000, 1.000000
-12.9520, 16.4760, 2.3938, 189.5375, 211.5375, -16.4760, 197.6796, -7.0111, -99.2166, 20.8864, 0.964585, -0.000325, -0.263774, 0.016476, -0.003719, 0.999883, -0.014829, 0.002394, 0.263748, 0.015285, 0.964471, 0.189538, 0.000000, 0.000000, 0.000000, 1.000000, 0.263748, 0.015285, 0.964471, 0.211538, -0.964585, 0.000325, 0.263774, -0.016476, 0.003719, -0.999883, 0.014829, 0.197680, 0.000000, 0.000000, 0.000000, 1.000000, -0.988898, 0.147779, -0.015582, -0.007011, -0.012716, 0.020322, 0.999713, -0.099217, 0.148053, 0.988812, -0.018218, 0.020886, 0.000000, 0.000000, 0.000000, 1.000000
-12.7261, 16.2503, 2.3796, 189.5159, 211.5159, -16.2503, 197.6938, -7.1839, -99.1477, 20.8383, 0.965461, -0.000149, -0.260547, 0.016250, -0.003937, 0.999877, -0.015159, 0.002380, 0.260517, 0.015661, 0.965342, 0.189516, 0.000000, 0.000000, 0.000000, 1.000000, 0.260517, 0.015661, 0.965342, 0.211516, -0.965461, 0.000149, 0.260547, -0.016250, 0.003937, -0.999877, 0.015159, 0.197694, 0.000000, 0.000000, 0.000000, 1.000000, -0.988935, 0.147588, -0.014995, -0.007184, -0.012166, 0.020054, 0.999725, -0.099148, 0.147848, 0.988846, -0.018036, 0.020838, 0.000000, 0.000000, 0.000000, 1.000000
-12.5002, 16.0797, 2.3968, 189.4915, 211.4915, -16.0797, 197.6767, -7.4032, -99.0962, 20.8293, 0.966392, -0.000277, -0.257075, 0.016080, -0.004080, 0.999857, -0.016414, 0.002397, 0.257042, 0.016911, 0.966252, 0.189491, 0.000000, 0.000000, 0.000000, 1.000000, 0.257042, 0.016911, 0.966252, 0.211491, -0.966392, 0.000277, 0.257075, -0.016080, 0.004080, -0.999857, 0.016414, 0.197677, 0.000000, 0.000000, 0.000000, 1.000000, -0.988959, 0.147452, -0.014791, -0.007403, -0.011864, 0.020710, 0.999715, -0.099096, 0.147717, 0.988852, -0.018732, 0.020829, 0.000000, 0.000000, 0.000000, 1.000000
-12.2638, 15.8233, 2.3918, 189.4324, 211.4324, -15.8233, 197.6816, -7.5530, -99.0540, 20.7845, 0.967661, -0.000125, -0.252256, 0.015823, -0.003978, 0.999868, -0.015754, 0.002392, 0.252225, 0.016248, 0.967532, 0.189432, 0.000000, 0.000000, 0.000000, 1.000000, 0.252225, 0.016248, 0.967532, 0.211432, -0.967661, 0.000125, 0.252256, -0.015823, 0.003978, -0.999868, 0.015754, 0.197682, 0.000000, 0.000000, 0.000000, 1.000000, -0.988931, 0.147567, -0.015493, -0.007553, -0.012765, 0.019422, 0.999730, -0.099054, 0.147828, 0.988861, -0.017323, 0.020784, 0.000000, 0.000000, 0.000000, 1.000000
-12.0538, 15.5904, 2.4012, 189.4087, 211.4087, -15.5904, 197.6722, -7.6863, -98.9877, 20.7586, 0.969336, -0.000337, -0.245740, 0.015590, -0.003780, 0.999860, -0.016284, 0.002401, 0.245711, 0.016714, 0.969199, 0.189409, 0.000000, 0.000000, 0.000000, 1.000000, 0.245711, 0.016714, 0.969199, 0.211409, -0.969336, 0.000337, 0.245740, -0.015590, 0.003780, -0.999860, 0.016284, 0.197672, 0.000000, 0.000000, 0.000000, 1.000000, -0.988855, 0.147719, -0.018555, -0.007686, -0.015863, 0.019386, 0.999686, -0.098988, 0.148032, 0.988839, -0.016826, 0.020759, 0.000000, 0.000000, 0.000000, 1.000000
-11.7980, 15.3978, 2.3891, 189.3293, 211.3293, -15.3978, 197.6843, -7.9258, -98.9797, 20.7153, 0.970011, 0.000245, -0.243059, 0.015398, -0.003906, 0.999886, -0.014578, 0.002389, 0.243028, 0.015091, 0.969902, 0.189329, 0.000000, 0.000000, 0.000000, 1.000000, 0.243028, 0.015091, 0.969902, 0.211329, -0.970011, -0.000245, 0.243059, -0.015398, 0.003906, -0.999886, 0.014578, 0.197684, 0.000000, 0.000000, 0.000000, 1.000000, -0.988899, 0.147664, -0.016573, -0.007926, -0.014216, 0.017008, 0.999754, -0.098980, 0.147909, 0.988891, -0.014720, 0.020715, 0.000000, 0.000000, 0.000000, 1.000000
-11.5717, 15.1647, 2.3855, 189.2843, 211.2843, -15.1647, 197.6879, -8.0831, -98.9321, 20.6758, 0.970988, -0.000062, -0.239128, 0.015165, -0.003409, 0.999895, -0.014103, 0.002386, 0.239104, 0.014509, 0.970886, 0.189284, 0.000000, 0.000000, 0.000000, 1.000000, 0.239104, 0.014509, 0.970886, 0.211284, -0.970988, 0.000062, 0.239128, -0.015165, 0.003409, -0.999895, 0.014103, 0.197688, 0.000000, 0.000000, 0.000000, 1.000000, -0.988823, 0.148171, -0.016557, -0.008083, -0.014352, 0.015939, 0.999770, -0.098932, 0.148400, 0.988833, -0.013634, 0.020676, 0.000000, 0.000000, 0.000000, 1.000000
-11.3194, 15.0127, 2.3978, 189.2339, 211.2339, -15.0127, 197.6757, -8.3588, -98.9066, 20.6637, 0.971628, -0.000182, -0.236515, 0.015013, -0.003424, 0.999884, -0.014837, 0.002398, 0.236491, 0.015226, 0.971514, 0.189234, 0.000000, 0.000000, 0.000000, 1.000000, 0.236491, 0.015226, 0.971514, 0.211234, -0.971628, 0.000182, 0.236515, -0.015013, 0.003424, -0.999884, 0.014837, 0.197676, 0.000000, 0.000000, 0.000000, 1.000000, -0.988848, 0.148177, -0.014923, -0.008359, -0.012689, 0.016012, 0.999791, -0.098907, 0.148385, 0.988831, -0.013953, 0.020664, 0.000000, 0.000000, 0.000000, 1.000000
-11.0470, 14.7809, 2.4023, 189.2221, 211.2221, -14.7809, 197.6711, -8.6034, -98.8205, 20.6336, 0.972408, -0.000821, -0.233286, 0.014781, -0.002723, 0.999886, -0.014871, 0.002402, 0.233271, 0.015096, 0.972295, 0.189222, 0.000000, 0.000000, 0.000000, 1.000000, 0.233271, 0.015096, 0.972295, 0.211222, -0.972408, 0.000821, 0.233286, -0.014781, 0.002723, -0.999886, 0.014871, 0.197671, 0.000000, 0.000000, 0.000000, 1.000000, -0.988761, 0.148895, -0.013458, -0.008603, -0.011299, 0.015337, 0.999819, -0.098821, 0.149074, 0.988734, -0.013482, 0.020634, 0.000000, 0.000000, 0.000000, 1.000000
-10.8022, 14.5395, 2.3853, 189.1803, 211.1803, -14.5395, 197.6882, -8.7865, -98.7655, 20.5797, 0.973681, -0.000150, -0.227914, 0.014540, -0.003057, 0.999901, -0.013715, 0.002385, 0.227893, 0.014051, 0.973585, 0.189180, 0.000000, 0.000000, 0.000000, 1.000000, 0.227893, 0.014051, 0.973585, 0.211180, -0.973681, 0.000150, 0.227914, -0.014540, 0.003057, -0.999901, 0.013715, 0.197688, 0.000000, 0.000000, 0.000000, 1.000000, -0.988797, 0.148565, -0.014471, -0.008786, -0.012601, 0.013525, 0.999829, -0.098765, 0.148735, 0.988810, -0.011501, 0.020580, 0.000000, 0.000000, 0.000000, 1.000000
-10.5513, 14.2816, 2.3993, 189.1359, 211.1359, -14.2816, 197.6742, -8.9587, -98.7084, 20.5539, 0.974959, -0.000609, -0.222382, 0.014282, -0.002953, 0.999873, -0.015684, 0.002399, 0.222363, 0.015948, 0.974834, 0.189136, 0.000000, 0.000000, 0.000000, 1.000000, 0.222363, 0.015948, 0.974834, 0.211136, -0.974959, 0.000609, 0.222382, -0.014282, 0.002953, -0.999873, 0.015684, 0.197674, 0.000000, 0.000000, 0.000000, 1.000000, -0.988765, 0.148618, -0.015996, -0.008959, -0.013946, 0.014825, 0.999793, -0.098708, 0.148824, 0.988784, -0.012586, 0.020554, 0.000000, 0.000000, 0.000000, 1.000000
-10.3241, 14.0307, 2.3816, 189.1093, 211.1093, -14.0307, 197.6918, -9.1054, -98.6397, 20.4985, 0.976239, -0.000031, -0.216698, 0.014031, -0.003219, 0.999888, -0.014646, 0.002382, 0.216674, 0.014996, 0.976129, 0.189109, 0.000000, 0.000000, 0.000000, 1.000000, 0.216674, 0.014996, 0.976129, 0.211109, -0.976239, 0.000031, 0.216698, -0.014031, 0.003219, -0.999888, 0.014646, 0.197692, 0.000000, 0.000000, 0.000000, 1.000000, -0.988779, 0.148340, -0.017636, -0.009105, -0.015855, 0.013176, 0.999788, -0.098640, 0.148541, 0.988849, -0.010676, 0.020499, 0.000000, 0.000000, 0.000000, 1.000000
-10.0991, 13.8470, 2.3998, 189.0371, 211.0371, -13.8470, 197.6737, -9.2968, -98.6315, 20.4868, 0.976788, -0.000351, -0.214208, 0.013847, -0.003148, 0.999867, -0.015995, 0.002400, 0.214185, 0.016298, 0.976657, 0.189037, 0.000000, 0.000000, 0.000000, 1.000000, 0.214185, 0.016298, 0.976657, 0.211037, -0.976788, 0.000351, 0.214208, -0.013847, 0.003148, -0.999867, 0.015995, 0.197674, 0.000000, 0.000000, 0.000000, 1.000000, -0.988791, 0.148402, -0.016429, -0.009297, -0.014521, 0.013934, 0.999797, -0.098632, 0.148601, 0.988829, -0.011623, 0.020487, 0.000000, 0.000000, 0.000000, 1.000000
-9.8499, 13.6083, 2.3834, 188.9414, 210.9414, -13.6083, 197.6900, -9.4771, -98.6299, 20.4320, 0.977264, 0.000246, -0.212028, 0.013608, -0.003465, 0.999884, -0.014808, 0.002383, 0.212000, 0.015206, 0.977151, 0.188941, 0.000000, 0.000000, 0.000000, 1.000000, 0.212000, 0.015206, 0.977151, 0.210941, -0.977264, -0.000246, 0.212028, -0.013608, 0.003465, -0.999884, 0.014808, 0.197690, 0.000000, 0.000000, 0.000000, 1.000000, -0.988867, 0.148130, -0.014110, -0.009477, -0.012456, 0.012090, 0.999849, -0.098630, 0.148278, 0.988894, -0.010110, 0.020432, 0.000000, 0.000000, 0.000000, 1.000000
-9.5977, 13.3805, 2.4008, 188.9157, 210.9157, -13.3805, 197.6726, -9.6833, -98.5623, 20.4146, 0.978615, 0.000174, -0.205700, 0.013381, -0.003402, 0.999877, -0.015337, 0.002401, 0.205672, 0.015709, 0.978495, 0.188916, 0.000000, 0.000000, 0.000000, 1.000000, 0.205672, 0.015709, 0.978495, 0.210916, -0.978615, -0.000174, 0.205700, -0.013381, 0.003402, -0.999877, 0.015337, 0.197673, 0.000000, 0.000000, 0.000000, 1.000000, -0.988834, 0.148141, -0.016183, -0.009683, -0.014573, 0.011945, 0.999822, -0.098562, 0.148308, 0.988894, -0.009652, 0.020415, 0.000000, 0.000000, 0.000000, 1.000000
-9.3819, 13.1256, 2.3770, 188.7820, 210.7820, -13.1256, 197.6964, -9.7835, -98.6004, 20.3487, 0.979222, 0.000200, -0.202791, 0.013126, -0.002903, 0.999911, -0.013034, 0.002377, 0.202771, 0.013352, 0.979135, 0.188782, 0.000000, 0.000000, 0.000000, 1.000000, 0.202771, 0.013352, 0.979135, 0.210782, -0.979222, -0.000200, 0.202791, -0.013126, 0.002903, -0.999911, 0.013034, 0.197696, 0.000000, 0.000000, 0.000000, 1.000000, -0.988773, 0.148668, -0.015011, -0.009784, -0.013815, 0.009080, 0.999863, -0.098600, 0.148784, 0.988845, -0.006924, 0.020349, 0.000000, 0.000000, 0.000000, 1.000000
-9.1292, 12.9777, 2.4085, 188.7680, 210.7680, -12.9777, 197.6650, -10.0677, -98.5388, 20.3575, 0.979349, -0.000608, -0.202175, 0.012978, -0.002544, 0.999879, -0.015328, 0.002408, 0.202160, 0.015526, 0.979229, 0.188768, 0.000000, 0.000000, 0.000000, 1.000000, 0.202160, 0.015526, 0.979229, 0.210768, -0.979349, 0.000608, 0.202175, -0.012978, 0.002544, -0.999879, 0.015328, 0.197665, 0.000000, 0.000000, 0.000000, 1.000000, -0.988765, 0.149028, -0.011565, -0.010068, -0.010079, 0.010720, 0.999892, -0.098539, 0.149136, 0.988775, -0.009098, 0.020357, 0.000000, 0.000000, 0.000000, 1.000000
-8.8857, 12.7282, 2.3937, 188.6759, 210.6759, -12.7282, 197.6797, -10.2284, -98.5333, 20.3028, 0.980163, -0.000139, -0.198193, 0.012728, -0.002679, 0.999899, -0.013948, 0.002394, 0.198175, 0.014202, 0.980064, 0.188676, 0.000000, 0.000000, 0.000000, 1.000000, 0.198175, 0.014202, 0.980064, 0.210676, -0.980163, 0.000139, 0.198193, -0.012728, 0.002679, -0.999899, 0.013948, 0.197680, 0.000000, 0.000000, 0.000000, 1.000000, -0.988791, 0.148893, -0.011129, -0.010228, -0.009945, 0.008694, 0.999913, -0.098533, 0.148976, 0.988815, -0.007116, 0.020303, 0.000000, 0.000000, 0.000000, 1.000000
-8.6607, 12.4820, 2.3959, 188.6418, 210.6418, -12.4820, 197.6776, -10.3698, -98.4754, 20.2674, 0.981159, -0.000301, -0.193200, 0.012482, -0.002288, 0.999911, -0.013177, 0.002396, 0.193186, 0.013371, 0.981071, 0.188642, 0.000000, 0.000000, 0.000000, 1.000000, 0.193186, 0.013371, 0.981071, 0.210642, -0.981159, 0.000301, 0.193200, -0.012482, 0.002288, -0.999911, 0.013177, 0.197678, 0.000000, 0.000000, 0.000000, 1.000000, -0.988725, 0.149251, -0.012120, -0.010370, -0.011150, 0.007329, 0.999911, -0.098475, 0.149327, 0.988772, -0.005582, 0.020267, 0.000000, 0.000000, 0.000000, 1.000000
-8.4226, 12.2936, 2.3848, 188.5972, 210.5972, -12.2936, 197.6886, -10.5895, -98.4374, 20.2270, 0.981700, -0.000257, -0.190435, 0.012294, -0.002215, 0.999916, -0.012769, 0.002385, 0.190423, 0.012957, 0.981617, 0.188597, 0.000000, 0.000000, 0.000000, 1.000000, 0.190423, 0.012957, 0.981617, 0.210597, -0.981700, 0.000257, 0.190435, -0.012294, 0.002215, -0.999916, 0.012769, 0.197689, 0.000000, 0.000000, 0.000000, 1.000000, -0.988731, 0.149320, -0.010686, -0.010589, -0.009856, 0.006294, 0.999932, -0.098437, 0.149377, 0.988769, -0.004752, 0.020227, 0.000000, 0.000000, 0.000000, 1.000000
-8.1831, 12.0295, 2.4225, 188.6748, 210.6748, -12.0295, 197.6509, -10.7541, -98.2647, 20.2283, 0.983488, -0.000552, -0.180974, 0.012030, -0.002535, 0.999855, -0.016826, 0.002423, 0.180957, 0.017007, 0.983344, 0.188675, 0.000000, 0.000000, 0.000000, 1.000000, 0.180957, 0.017007, 0.983344, 0.210675, -0.983488, 0.000552, 0.180974, -0.012030, 0.002535, -0.999855, 0.016826, 0.197651, 0.000000, 0.000000, 0.000000, 1.000000, -0.988721, 0.148841, -0.016626, -0.010754, -0.015353, 0.009700, 0.999835, -0.098265, 0.148978, 0.988814, -0.007305, 0.020228, 0.000000, 0.000000, 0.000000, 1.000000
-7.9682, 11.8854, 2.3765, 188.5990, 210.5990, -11.8854, 197.6970, -10.9754, -98.2700, 20.1588, 0.983280, -0.000219, -0.182100, 0.011885, -0.002127, 0.999917, -0.012688, 0.002376, 0.182088, 0.012864, 0.983198, 0.188599, 0.000000, 0.000000, 0.000000, 1.000000, 0.182088, 0.012864, 0.983198, 0.210599, -0.983280, 0.000219, 0.182100, -0.011885, 0.002127, -0.999917, 0.012688, 0.197697, 0.000000, 0.000000, 0.000000, 1.000000, -0.988722, 0.149346, -0.011129, -0.010975, -0.010498, 0.005010, 0.999932, -0.098270, 0.149392, 0.988772, -0.003386, 0.020159, 0.000000, 0.000000, 0.000000, 1.000000
-7.7326, 11.6260, 2.4072, 188.6627, 210.6627, -11.6260, 197.6662, -11.1346, -98.1128, 20.1533, 0.985057, -0.000303, -0.172227, 0.011626, -0.002310, 0.999885, -0.014975, 0.002407, 0.172212, 0.015149, 0.984944, 0.188663, 0.000000, 0.000000, 0.000000, 1.000000, 0.172212, 0.015149, 0.984944, 0.210663, -0.985057, 0.000303, 0.172227, -0.011626, 0.002310, -0.999885, 0.014975, 0.197666, 0.000000, 0.000000, 0.000000, 1.000000, -0.988683, 0.149020, -0.017274, -0.011135, -0.016466, 0.006657, 0.999842, -0.098113, 0.149111, 0.988812, -0.004128, 0.020153, 0.000000, 0.000000, 0.000000, 1.000000
-7.5146, 11.4616, 2.4135, 188.5796, 210.5796, -11.4616, 197.6600, -11.3319, -98.1211, 20.1322, 0.985164, -0.000234, -0.171616, 0.011462, -0.002573, 0.999867, -0.016131, 0.002413, 0.171597, 0.016333, 0.985032, 0.188580, 0.000000, 0.000000, 0.000000, 1.000000, 0.171597, 0.016333, 0.985032, 0.210580, -0.985164, 0.000234, 0.171616, -0.011462, 0.002573, -0.999867, 0.016131, 0.197660, 0.000000, 0.000000, 0.000000, 1.000000, -0.988771, 0.148759, -0.014255, -0.011332, -0.013326, 0.007241, 0.999885, -0.098121, 0.148845, 0.988847, -0.005177, 0.020132, 0.000000, 0.000000, 0.000000, 1.000000
-7.2532, 11.2103, 2.4052, 188.5368, 210.5368, -11.2103, 197.6682, -11.5289, -98.0650, 20.0854, 0.986311, -0.000428, -0.164893, 0.011210, -0.002230, 0.999871, -0.015935, 0.002405, 0.164878, 0.016085, 0.986183, 0.188537, 0.000000, 0.000000, 0.000000, 1.000000, 0.164878, 0.016085, 0.986183, 0.210537, -0.986311, 0.000428, 0.164893, -0.011210, 0.002230, -0.999871, 0.015935, 0.197668, 0.000000, 0.000000, 0.000000, 1.000000, -0.988698, 0.149024, -0.016405, -0.011529, -0.015632, 0.006353, 0.999858, -0.098065, 0.149107, 0.988813, -0.003952, 0.020085, 0.000000, 0.000000, 0.000000, 1.000000
-7.0282, 10.9495, 2.3923, 188.4945, 210.4945, -10.9495, 197.6812, -11.6547, -98.0145, 20.0327, 0.986832, -0.000051, -0.161751, 0.010949, -0.002403, 0.999885, -0.014977, 0.002392, 0.161733, 0.015168, 0.986718, 0.188494, 0.000000, 0.000000, 0.000000, 1.000000, 0.161733, 0.015168, 0.986718, 0.210494, -0.986832, 0.000051, 0.161751, -0.010949, 0.002403, -0.999885, 0.014977, 0.197681, 0.000000, 0.000000, 0.000000, 1.000000, -0.988740, 0.148841, -0.015483, -0.011655, -0.014935, 0.004799, 0.999877, -0.098015, 0.148897, 0.988849, -0.002522, 0.020033, 0.000000, 0.000000, 0.000000, 1.000000
-6.7997, 10.8199, 2.3934, 188.4499, 210.4499, -10.8199, 197.6800, -11.9117, -97.9888, 20.0131, 0.986871, 0.000028, -0.161511, 0.010820, -0.002282, 0.999903, -0.013772, 0.002393, 0.161495, 0.013960, 0.986775, 0.188450, 0.000000, 0.000000, 0.000000, 1.000000, 0.161495, 0.013960, 0.986775, 0.210450, -0.986871, -0.000028, 0.161511, -0.010820, 0.002282, -0.999903, 0.013772, 0.197680, 0.000000, 0.000000, 0.000000, 1.000000, -0.988771, 0.148989, -0.011556, -0.011912, -0.011234, 0.003001, 0.999932, -0.097989, 0.149014, 0.988834, -0.001294, 0.020013, 0.000000, 0.000000, 0.000000, 1.000000
-6.5812, 10.5491, 2.4072, 188.4103, 210.4103, -10.5491, 197.6663, -12.0125, -97.9361, 19.9854, 0.987363, -0.000381, -0.158477, 0.010549, -0.002317, 0.999856, -0.016839, 0.002407, 0.158460, 0.016993, 0.987219, 0.188410, 0.000000, 0.000000, 0.000000, 1.000000, 0.158460, 0.016993, 0.987219, 0.210410, -0.987363, 0.000381, 0.158477, -0.010549, 0.002317, -0.999856, 0.016839, 0.197666, 0.000000, 0.000000, 0.000000, 1.000000, -0.988790, 0.148890, -0.011239, -0.012013, -0.010538, 0.005492, 0.999929, -0.097936, 0.148941, 0.988838, -0.003862, 0.019985, 0.000000, 0.000000, 0.000000, 1.000000
-6.3541, 10.3956, 2.4119, 188.3146, 210.3146, -10.3956, 197.6615, -12.2350, -97.9569, 19.9639, 0.987875, -0.000314, -0.155253, 0.010396, -0.002515, 0.999834, -0.018023, 0.002412, 0.155233, 0.018195, 0.987710, 0.188315, 0.000000, 0.000000, 0.000000, 1.000000, 0.155233, 0.018195, 0.987710, 0.210315, -0.987875, 0.000314, 0.155253, -0.010396, 0.002515, -0.999834, 0.018023, 0.197662, 0.000000, 0.000000, 0.000000, 1.000000, -0.988833, 0.148648, -0.010676, -0.012235, -0.009883, 0.006077, 0.999933, -0.097957, 0.148702, 0.988872, -0.004540, 0.019964, 0.000000, 0.000000, 0.000000, 1.000000
-6.0992, 10.1309, 2.4049, 188.3535, 210.3535, -10.1309, 197.6686, -12.4194, -97.8205, 19.9194, 0.988492, -0.000293, -0.151273, 0.010131, -0.002219, 0.999862, -0.016436, 0.002405, 0.151257, 0.016582, 0.988355, 0.188353, 0.000000, 0.000000, 0.000000, 1.000000, 0.151257, 0.016582, 0.988355, 0.210353, -0.988492, 0.000293, 0.151273, -0.010131, 0.002219, -0.999862, 0.016436, 0.197669, 0.000000, 0.000000, 0.000000, 1.000000, -0.988800, 0.148910, -0.009973, -0.012419, -0.009510, 0.003820, 0.999948, -0.097820, 0.148940, 0.988843, -0.002361, 0.019919, 0.000000, 0.000000, 0.000000, 1.000000
-5.8729, 9.8636, 2.4109, 188.3635, 210.3635, -9.8636, 197.6625, -12.5453, -97.7190, 19.8864, 0.989856, 0.000091, -0.142071, 0.009864, -0.002440, 0.999863, -0.016356, 0.002411, 0.142050, 0.016537, 0.989721, 0.188363, 0.000000, 0.000000, 0.000000, 1.000000, 0.142050, 0.016537, 0.989721, 0.210363, -0.989856, -0.000091, 0.142071, -0.009864, 0.002440, -0.999863, 0.016356, 0.197663, 0.000000, 0.000000, 0.000000, 1.000000, -0.988787, 0.148556, -0.015207, -0.012545, -0.014908, 0.003127, 0.999884, -0.097719, 0.148587, 0.988899, -0.000877, 0.019886, 0.000000, 0.000000, 0.000000, 1.000000
-5.6426, 9.6747, 2.4111, 188.2289, 210.2288, -9.6747, 197.6624, -12.7332, -97.7719, 19.8538, 0.989644, -0.000546, -0.143540, 0.009675, -0.002144, 0.999825, -0.018584, 0.002411, 0.143525, 0.018699, 0.989470, 0.188229, 0.000000, 0.000000, 0.000000, 1.000000, 0.143525, 0.018699, 0.989470, 0.210229, -0.989644, 0.000546, 0.143540, -0.009675, 0.002144, -0.999825, 0.018584, 0.197662, 0.000000, 0.000000, 0.000000, 1.000000, -0.988807, 0.148863, -0.010052, -0.012733, -0.009448, 0.004764, 0.999944, -0.097772, 0.148902, 0.988846, -0.003304, 0.019854, 0.000000, 0.000000, 0.000000, 1.000000
-5.3851, 9.4916, 2.3943, 188.2694, 210.2694, -9.4916, 197.6792, -13.0019, -97.6462, 19.8117, 0.990423, -0.000121, -0.138064, 0.009492, -0.002002, 0.999882, -0.015240, 0.002394, 0.138050, 0.015371, 0.990306, 0.188269, 0.000000, 0.000000, 0.000000, 1.000000, 0.138050, 0.015371, 0.990306, 0.210269, -0.990423, 0.000121, 0.138064, -0.009492, 0.002002, -0.999882, 0.015240, 0.197679, 0.000000, 0.000000, 0.000000, 1.000000, -0.988788, 0.148957, -0.010528, -0.013002, -0.010535, 0.000740, 0.999944, -0.097646, 0.148956, 0.988843, 0.000838, 0.019812, 0.000000, 0.000000, 0.000000, 1.000000
-5.1166, 9.2570, 2.4104, 188.1760, 210.1760, -9.2570, 197.6630, -13.2143, -97.6431, 19.7897, 0.991071, -0.000073, -0.133334, 0.009257, -0.002592, 0.999800, -0.019813, 0.002410, 0.133309, 0.019982, 0.990873, 0.188176, 0.000000, 0.000000, 0.000000, 1.000000, 0.133309, 0.019982, 0.990873, 0.210176, -0.991071, 0.000073, 0.133334, -0.009257, 0.002592, -0.999800, 0.019813, 0.197663, 0.000000, 0.000000, 0.000000, 1.000000, -0.988885, 0.148254, -0.011241, -0.013214, -0.010677, 0.004599, 0.999932, -0.097643, 0.148295, 0.988939, -0.002965, 0.019790, 0.000000, 0.000000, 0.000000, 1.000000
-4.8863, 8.9708, 2.4068, 188.2100, 210.2100, -8.9708, 197.6667, -13.3315, -97.5154, 19.7452, 0.991621, -0.000505, -0.129177, 0.008971, -0.001530, 0.999876, -0.015657, 0.002407, 0.129169, 0.015724, 0.991498, 0.188210, 0.000000, 0.000000, 0.000000, 1.000000, 0.129169, 0.015724, 0.991498, 0.210210, -0.991621, 0.000505, 0.129177, -0.008971, 0.001530, -0.999876, 0.015657, 0.197667, 0.000000, 0.000000, 0.000000, 1.000000, -0.988736, 0.149285, -0.010750, -0.013332, -0.010895, -0.000153, 0.999941, -0.097515, 0.149274, 0.988794, 0.001778, 0.019745, 0.000000, 0.000000, 0.000000, 1.000000
-4.6441, 8.7389, 2.4045, 188.1354, 210.1354, -8.7389, 197.6689, -13.5068, -97.5005, 19.7061, 0.991972, -0.000433, -0.126458, 0.008739, -0.001496, 0.999884, -0.015163, 0.002405, 0.126450, 0.015230, 0.991856, 0.188135, 0.000000, 0.000000, 0.000000, 1.000000, 0.126450, 0.015230, 0.991856, 0.210135, -0.991972, 0.000433, 0.126458, -0.008739, 0.001496, -0.999884, 0.015163, 0.197669, 0.000000, 0.000000, 0.000000, 1.000000, -0.988753, 0.149279, -0.009160, -0.013507, -0.009458, -0.001283, 0.999954, -0.097501, 0.149260, 0.988794, 0.002681, 0.019706, 0.000000, 0.000000, 0.000000, 1.000000
-4.3871, 8.5687, 2.3860, 188.0911, 210.0911, -8.5687, 197.6875, -13.7745, -97.4602, 19.6611, 0.992319, -0.000483, -0.123707, 0.008569, -0.001105, 0.999918, -0.012768, 0.002386, 0.123703, 0.012806, 0.992237, 0.188091, 0.000000, 0.000000, 0.000000, 1.000000, 0.123703, 0.012806, 0.992237, 0.210091, -0.992319, 0.000483, 0.123707, -0.008569, 0.001105, -0.999918, 0.012768, 0.197687, 0.000000, 0.000000, 0.000000, 1.000000, -0.988716, 0.149634, -0.007058, -0.013775, -0.007796, -0.004350, 0.999960, -0.097460, 0.149598, 0.988732, 0.005467, 0.019661, 0.000000, 0.000000, 0.000000, 1.000000
-4.1265, 8.3216, 2.3748, 188.0361, 210.0361, -8.3216, 197.6986, -13.9702, -97.4195, 19.6116, 0.992551, -0.000450, -0.121829, 0.008322, -0.001176, 0.999911, -0.013277, 0.002375, 0.121824, 0.013322, 0.992462, 0.188036, 0.000000, 0.000000, 0.000000, 1.000000, 0.121824, 0.013322, 0.992462, 0.210036, -0.992551, 0.000450, 0.121829, -0.008322, 0.001176, -0.999911, 0.013277, 0.197699, 0.000000, 0.000000, 0.000000, 1.000000, -0.988749, 0.149516, -0.004456, -0.013970, -0.005190, -0.004523, 0.999976, -0.097420, 0.149492, 0.988749, 0.005248, 0.019612, 0.000000, 0.000000, 0.000000, 1.000000
-3.8799, 8.0838, 2.3815, 188.0624, 210.0624, -8.0838, 197.6920, -14.1579, -97.3033, 19.5841, 0.993372, -0.000596, -0.114938, 0.008084, -0.001049, 0.999898, -0.014256, 0.002381, 0.114935, 0.014282, 0.993270, 0.188062, 0.000000, 0.000000, 0.000000, 1.000000, 0.114935, 0.014282, 0.993270, 0.210062, -0.993372, 0.000596, 0.114938, -0.008084, 0.001049, -0.999898, 0.014256, 0.197692, 0.000000, 0.000000, 0.000000, 1.000000, -0.988732, 0.149523, -0.007160, -0.014158, -0.007876, -0.004195, 0.999960, -0.097303, 0.149487, 0.988749, 0.005325, 0.019584, 0.000000, 0.000000, 0.000000, 1.000000
-3.6229, 7.8157, 2.3857, 188.0834, 210.0834, -7.8157, 197.6877, -14.3329, -97.1863, 19.5496, 0.993955, -0.000514, -0.109789, 0.007816, -0.001024, 0.999902, -0.013958, 0.002386, 0.109785, 0.013986, 0.993857, 0.188083, 0.000000, 0.000000, 0.000000, 1.000000, 0.109785, 0.013986, 0.993857, 0.210083, -0.993955, 0.000514, 0.109789, -0.007816, 0.001024, -0.999902, 0.013958, 0.197688, 0.000000, 0.000000, 0.000000, 1.000000, -0.988738, 0.149456, -0.007752, -0.014333, -0.008621, -0.005169, 0.999950, -0.097186, 0.149409, 0.988755, 0.006400, 0.019550, 0.000000, 0.000000, 0.000000, 1.000000
-3.4049, 7.5682, 2.3922, 188.0267, 210.0268, -7.5682, 197.6812, -14.4521, -97.1591, 19.5175, 0.994396, -0.000334, -0.105719, 0.007568, -0.001266, 0.999886, -0.015059, 0.002392, 0.105712, 0.015109, 0.994282, 0.188027, 0.000000, 0.000000, 0.000000, 1.000000, 0.105712, 0.015109, 0.994282, 0.210027, -0.994396, 0.000334, 0.105719, -0.007568, 0.001266, -0.999886, 0.015059, 0.197681, 0.000000, 0.000000, 0.000000, 1.000000, -0.988784, 0.149132, -0.008159, -0.014452, -0.008951, -0.004644, 0.999949, -0.097159, 0.149086, 0.988806, 0.005927, 0.019518, 0.000000, 0.000000, 0.000000, 1.000000
-3.1443, 7.4186, 2.3877, 187.9206, 209.9206, -7.4186, 197.6858, -14.7362, -97.1813, 19.4871, 0.994324, -0.000049, -0.106398, 0.007419, -0.001414, 0.999905, -0.013676, 0.002388, 0.106389, 0.013748, 0.994230, 0.187921, 0.000000, 0.000000, 0.000000, 1.000000, 0.106389, 0.013748, 0.994230, 0.209921, -0.994324, 0.000049, 0.106398, -0.007419, 0.001414, -0.999905, 0.013676, 0.197686, 0.000000, 0.000000, 0.000000, 1.000000, -0.988837, 0.148976, -0.002729, -0.014736, -0.003770, -0.006705, 0.999970, -0.097181, 0.148953, 0.988818, 0.007192, 0.019487, 0.000000, 0.000000, 0.000000, 1.000000
-2.8833, 7.1325, 2.4077, 188.0275, 210.0275, -7.1325, 197.6657, -14.9053, -96.9771, 19.4687, 0.995260, -0.000249, -0.097254, 0.007133, -0.001252, 0.999881, -0.015379, 0.002408, 0.097246, 0.015428, 0.995141, 0.188027, 0.000000, 0.000000, 0.000000, 1.000000, 0.097246, 0.015428, 0.995141, 0.210027, -0.995260, 0.000249, 0.097254, -0.007133, 0.001252, -0.999881, 0.015379, 0.197666, 0.000000, 0.000000, 0.000000, 1.000000, -0.988814, 0.148967, -0.007514, -0.014905, -0.008457, -0.005692, 0.999948, -0.096977, 0.148916, 0.988826, 0.006889, 0.019469, 0.000000, 0.000000, 0.000000, 1.000000
-2.6187, 6.9175, 2.4138, 187.9410, 209.9410, -6.9175, 197.6597, -15.1321, -96.9716, 19.4398, 0.995305, -0.000209, -0.096785, 0.006918, -0.001393, 0.999863, -0.016488, 0.002414, 0.096775, 0.016546, 0.995169, 0.187941, 0.000000, 0.000000, 0.000000, 1.000000, 0.096775, 0.016546, 0.995169, 0.209941, -0.995305, 0.000209, 0.096785, -0.006918, 0.001393, -0.999863, 0.016488, 0.197660, 0.000000, 0.000000, 0.000000, 1.000000, -0.988863, 0.148789, -0.003528, -0.015132, -0.004361, -0.005272, 0.999977, -0.096972, 0.148767, 0.988855, 0.005863, 0.019440, 0.000000, 0.000000, 0.000000, 1.000000
-2.3559, 6.6757, 2.4242, 187.8916, 209.8916, -6.6757, 197.6493, -15.3326, -96.9272, 19.4126, 0.995750, -0.000467, -0.092095, 0.006676, -0.001170, 0.999842, -0.017720, 0.002424, 0.092089, 0.017752, 0.995593, 0.187892, 0.000000, 0.000000, 0.000000, 1.000000, 0.092089, 0.017752, 0.995593, 0.209892, -0.995750, 0.000467, 0.092095, -0.006676, 0.001170, -0.999842, 0.017720, 0.197649, 0.000000, 0.000000, 0.000000, 1.000000, -0.988845, 0.148902, -0.003782, -0.015333, -0.004537, -0.004729, 0.999979, -0.096927, 0.148881, 0.988841, 0.005351, 0.019413, 0.000000, 0.000000, 0.000000, 1.000000
-2.0936, 6.4096, 2.4540, 187.9840, 209.9840, -6.4096, 197.6194, -15.5178, -96.7402, 19.4063, 0.996252, -0.000487, -0.086502, 0.006410, -0.001412, 0.999759, -0.021891, 0.002454, 0.086492, 0.021931, 0.996011, 0.187984, 0.000000, 0.000000, 0.000000, 1.000000, 0.086492, 0.021931, 0.996011, 0.209984, -0.996252, 0.000487, 0.086502, -0.006410, 0.001412, -0.999759, 0.021891, 0.197619, 0.000000, 0.000000, 0.000000, 1.000000, -0.988895, 0.148520, -0.005374, -0.015518, -0.005621, -0.001247, 0.999983, -0.096740, 0.148511, 0.988909, 0.002068, 0.019406, 0.000000, 0.000000, 0.000000, 1.000000
-1.8642, 6.2021, 2.4209, 187.8819, 209.8819, -6.2021, 197.6525, -15.6970, -96.7599, 19.3393, 0.996145, 0.000247, -0.087725, 0.006202, -0.001561, 0.999888, -0.014910, 0.002421, 0.087712, 0.014989, 0.996033, 0.187882, 0.000000, 0.000000, 0.000000, 1.000000, 0.087712, 0.014989, 0.996033, 0.209882, -0.996145, -0.000247, 0.087725, -0.006202, 0.001561, -0.999888, 0.014910, 0.197653, 0.000000, 0.000000, 0.000000, 1.000000, -0.988928, 0.148391, 0.000880, -0.015697, -0.000434, -0.008822, 0.999961, -0.096760, 0.148393, 0.988889, 0.008789, 0.019339, 0.000000, 0.000000, 0.000000, 1.000000
-1.6334, 5.9240, 2.4437, 187.8489, 209.8489, -5.9240, 197.6297, -15.8064, -96.7059, 19.3197, 0.997019, -0.000398, -0.077156, 0.005924, -0.001302, 0.999757, -0.021988, 0.002444, 0.077146, 0.022023, 0.996777, 0.187849, 0.000000, 0.000000, 0.000000, 1.000000, 0.077146, 0.022023, 0.996777, 0.209849, -0.997019, 0.000398, 0.077156, -0.005924, 0.001302, -0.999757, 0.021988, 0.197630, 0.000000, 0.000000, 0.000000, 1.000000, -0.988904, 0.148411, -0.006630, -0.015806, -0.007057, -0.002355, 0.999972, -0.096706, 0.148391, 0.988923, 0.003376, 0.019320, 0.000000, 0.000000, 0.000000, 1.000000
-1.3926, 5.7751, 2.4275, 187.8696, 209.8696, -5.7751, 197.6460, -16.0699, -96.6057, 19.2825, 0.996596, -0.000557, -0.082434, 0.005775, -0.000772, 0.999870, -0.016091, 0.002427, 0.082433, 0.016100, 0.996467, 0.187870, 0.000000, 0.000000, 0.000000, 1.000000, 0.082433, 0.016100, 0.996467, 0.209870, -0.996596, 0.000557, 0.082434, -0.005775, 0.000772, -0.999870, 0.016091, 0.197646, 0.000000, 0.000000, 0.000000, 1.000000, -0.988827, 0.149019, 0.003684, -0.016070, 0.002388, -0.008872, 0.999958, -0.096606, 0.149046, 0.988794, 0.008417, 0.019282, 0.000000, 0.000000, 0.000000, 1.000000
-1.1575, 5.4976, 2.4065, 187.9061, 209.9061, -5.4976, 197.6670, -16.1983, -96.4809, 19.2221, 0.997418, -0.000461, -0.071810, 0.005498, -0.000757, 0.999856, -0.016935, 0.002406, 0.071808, 0.016946, 0.997275, 0.187906, 0.000000, 0.000000, 0.000000, 1.000000, 0.071808, 0.016946, 0.997275, 0.209906, -0.997418, 0.000461, 0.071810, -0.005498, 0.000757, -0.999856, 0.016935, 0.197667, 0.000000, 0.000000, 0.000000, 1.000000, -0.988859, 0.148825, -0.002874, -0.016198, -0.004208, -0.008646, 0.999954, -0.096481, 0.148793, 0.988826, 0.009176, 0.019222, 0.000000, 0.000000, 0.000000, 1.000000
-0.9294, 5.3503, 2.4175, 187.8795, 209.8795, -5.3503, 197.6559, -16.4334, -96.4319, 19.2104, 0.997489, -0.000405, -0.070822, 0.005350, -0.000746, 0.999868, -0.016224, 0.002418, 0.070819, 0.016236, 0.997357, 0.187879, 0.000000, 0.000000, 0.000000, 1.000000, 0.070819, 0.016236, 0.997357, 0.209879, -0.997489, 0.000405, 0.070822, -0.005350, 0.000746, -0.999868, 0.016224, 0.197656, 0.000000, 0.000000, 0.000000, 1.000000, -0.988870, 0.148784, 0.000232, -0.016433, -0.001263, -0.009951, 0.999950, -0.096432, 0.148778, 0.988820, 0.010028, 0.019210, 0.000000, 0.000000, 0.000000, 1.000000
-0.6521, 5.0806, 2.4012, 187.9164, 209.9164, -5.0806, 197.6723, -16.6386, -96.2958, 19.1559, 0.997747, -0.000580, -0.067086, 0.005081, -0.000438, 0.999885, -0.015154, 0.002401, 0.067087, 0.015149, 0.997632, 0.187916, 0.000000, 0.000000, 0.000000, 1.000000, 0.067087, 0.015149, 0.997632, 0.209916, -0.997747, 0.000580, 0.067086, -0.005081, 0.000438, -0.999885, 0.015154, 0.197672, 0.000000, 0.000000, 0.000000, 1.000000, -0.988839, 0.148977, 0.001527, -0.016639, -0.000225, -0.011744, 0.999931, -0.096296, 0.148985, 0.988771, 0.011646, 0.019156, 0.000000, 0.000000, 0.000000, 1.000000
-0.4074, 4.8722, 2.3436, 187.8326, 209.8326, -4.8722, 197.7298, -16.8478, -96.2927, 19.0652, 0.997821, 0.000175, -0.065978, 0.004872, -0.000874, 0.999944, -0.010576, 0.002344, 0.065972, 0.010611, 0.997765, 0.187833, 0.000000, 0.000000, 0.000000, 1.000000, 0.065972, 0.010611, 0.997765, 0.209833, -0.997821, -0.000175, 0.065978, -0.004872, 0.000874, -0.999944, 0.010576, 0.197730, 0.000000, 0.000000, 0.000000, 1.000000, -0.988905, 0.148454, 0.005381, -0.016848, 0.002895, -0.016957, 0.999852, -0.096293, 0.148523, 0.988774, 0.016339, 0.019065, 0.000000, 0.000000, 0.000000, 1.000000
-0.1806, 4.6473, 2.4139, 187.7772, 209.7772, -4.6473, 197.6596, -16.9933, -96.2692, 19.0995, 0.997841, -0.000525, -0.065670, 0.004647, -0.000831, 0.999787, -0.020625, 0.002414, 0.065667, 0.020635, 0.997628, 0.187777, 0.000000, 0.000000, 0.000000, 1.000000, 0.065667, 0.020635, 0.997628, 0.209777, -0.997841, 0.000525, 0.065670, -0.004647, 0.000831, -0.999787, 0.020625, 0.197660, 0.000000, 0.000000, 0.000000, 1.000000, -0.988882, 0.148508, 0.007543, -0.016993, 0.006502, -0.007496, 0.999951, -0.096269, 0.148557, 0.988883, 0.006447, 0.019100, 0.000000, 0.000000, 0.000000, 1.000000
0.0483, 4.4729, 2.3882, 187.8189, 209.8189, -4.4729, 197.6852, -17.2115, -96.1486, 19.0500, 0.997895, -0.000082, -0.064849, 0.004473, -0.000793, 0.999909, -0.013465, 0.002388, 0.064844, 0.013488, 0.997804, 0.187819, 0.000000, 0.000000, 0.000000, 1.000000, 0.064844, 0.013488, 0.997804, 0.209819, -0.997895, 0.000082, 0.064849, -0.004473, 0.000793, -0.999909, 0.013465, 0.197685, 0.000000, 0.000000, 0.000000, 1.000000, -0.988855, 0.148418, 0.011786, -0.017211, 0.009628, -0.015250, 0.999837, -0.096149, 0.148573, 0.988807, 0.013651, 0.019050, 0.000000, 0.000000, 0.000000, 1.000000
0.2993, 4.1843, 2.3485, 187.8373, 209.8373, -4.1843, 197.7249, -17.3541, -96.0380, 18.9689, 0.998654, 0.000143, -0.051861, 0.004184, -0.000441, 0.999983, -0.005738, 0.002349, 0.051859, 0.005753, 0.998638, 0.187837, 0.000000, 0.000000, 0.000000, 1.000000, 0.051859, 0.005753, 0.998638, 0.209837, -0.998654, -0.000143, 0.051861, -0.004184, 0.000441, -0.999983, 0.005738, 0.197725, 0.000000, 0.000000, 0.000000, 1.000000, -0.988903, 0.148494, 0.004447, -0.017354, 0.000947, -0.023635, 0.999720, -0.096038, 0.148558, 0.988631, 0.023232, 0.018969, 0.000000, 0.000000, 0.000000, 1.000000
0.5137, 3.9950, 2.4057, 187.7214, 209.7214, -3.9950, 197.6678, -17.5130, -96.0809, 18.9933, 0.998045, -0.000672, -0.062489, 0.003995, -0.000317, 0.999875, -0.015815, 0.002406, 0.062491, 0.015804, 0.997920, 0.187721, 0.000000, 0.000000, 0.000000, 1.000000, 0.062491, 0.015804, 0.997920, 0.209721, -0.998045, 0.000672, 0.062489, -0.003995, 0.000317, -0.999875, 0.015815, 0.197668, 0.000000, 0.000000, 0.000000, 1.000000, -0.988722, 0.148768, 0.017220, -0.017513, 0.015289, -0.014114, 0.999784, -0.096081, 0.148979, 0.988771, 0.011681, 0.018993, 0.000000, 0.000000, 0.000000, 1.000000
0.7497, 3.8119, 2.3773, 187.7934, 209.7933, -3.8119, 197.6961, -17.7346, -95.9274, 18.9409, 0.998310, -0.000031, -0.058109, 0.003812, -0.000464, 0.999964, -0.008514, 0.002377, 0.058107, 0.008526, 0.998274, 0.187793, 0.000000, 0.000000, 0.000000, 1.000000, 0.058107, 0.008526, 0.998274, 0.209793, -0.998310, 0.000031, 0.058109, -0.003812, 0.000464, -0.999964, 0.008514, 0.197696, 0.000000, 0.000000, 0.000000, 1.000000, -0.988767, 0.148367, 0.018082, -0.017735, 0.014976, -0.022024, 0.999645, -0.095927, 0.148713, 0.988687, 0.019555, 0.018941, 0.000000, 0.000000, 0.000000, 1.000000
1.0059, 3.5519, 2.3439, 187.7932, 209.7932, -3.5519, 197.7296, -17.9114, -95.8362, 18.8696, 0.998715, 0.000058, -0.050671, 0.003552, -0.000276, 0.999991, -0.004299, 0.002344, 0.050670, 0.004308, 0.998706, 0.187793, 0.000000, 0.000000, 0.000000, 1.000000, 0.050670, 0.004308, 0.998706, 0.209793, -0.998715, -0.000058, 0.050671, -0.003552, 0.000276, -0.999991, 0.004299, 0.197730, 0.000000, 0.000000, 0.000000, 1.000000, -0.988812, 0.148325, 0.015812, -0.017911, 0.011948, -0.026905, 0.999567, -0.095836, 0.148686, 0.988573, 0.024832, 0.018870, 0.000000, 0.000000, 0.000000, 1.000000
1.2722, 3.3368, 2.3843, 187.7818, 209.7818, -3.3368, 197.6892, -18.1377, -95.7572, 18.8774, 0.998726, -0.000809, -0.050454, 0.003337, 0.000081, 0.999896, -0.014411, 0.002384, 0.050460, 0.014388, 0.998622, 0.187782, 0.000000, 0.000000, 0.000000, 1.000000, 0.050460, 0.014388, 0.998622, 0.209782, -0.998726, 0.000809, 0.050454, -0.003337, -0.000081, -0.999896, 0.014411, 0.197689, 0.000000, 0.000000, 0.000000, 1.000000, -0.988697, 0.148748, 0.018745, -0.018138, 0.016322, -0.017492, 0.999714, -0.095757, 0.149034, 0.988720, 0.014867, 0.018877, 0.000000, 0.000000, 0.000000, 1.000000
1.5192, 3.0767, 2.3998, 187.8466, 209.8466, -3.0767, 197.6737, -18.2924, -95.6061, 18.8568, 0.998984, -0.000598, -0.045056, 0.003077, -0.000014, 0.999908, -0.013580, 0.002400, 0.045059, 0.013567, 0.998892, 0.187847, 0.000000, 0.000000, 0.000000, 1.000000, 0.045059, 0.013567, 0.998892, 0.209847, -0.998984, 0.000598, 0.045056, -0.003077, 0.000014, -0.999908, 0.013580, 0.197674, 0.000000, 0.000000, 0.000000, 1.000000, -0.988754, 0.148485, 0.017834, -0.018292, 0.015184, -0.018960, 0.999705, -0.095606, 0.148780, 0.988733, 0.016492, 0.018857, 0.000000, 0.000000, 0.000000, 1.000000
1.7547, 2.8618, 2.3778, 187.8091, 209.8091, -2.8618, 197.6957, -18.4753, -95.5613, 18.8020, 0.998944, -0.000448, -0.045951, 0.002862, -0.000087, 0.999932, -0.011626, 0.002378, 0.045953, 0.011618, 0.998876, 0.187809, 0.000000, 0.000000, 0.000000, 1.000000, 0.045953, 0.011618, 0.998876, 0.209809, -0.998944, 0.000448, 0.045951, -0.002862, 0.000087, -0.999932, 0.011626, 0.197696, 0.000000, 0.000000, 0.000000, 1.000000, -0.988672, 0.148301, 0.023118, -0.018475, 0.020145, -0.021523, 0.999565, -0.095561, 0.148734, 0.988708, 0.018292, 0.018802, 0.000000, 0.000000, 0.000000, 1.000000
2.0171, 2.7149, 2.3636, 187.8140, 209.8140, -2.7149, 197.7098, -18.7696, -95.4672, 18.7666, 0.998924, -0.000537, -0.046381, 0.002715, 0.000117, 0.999959, -0.009061, 0.002364, 0.046384, 0.009045, 0.998883, 0.187814, 0.000000, 0.000000, 0.000000, 1.000000, 0.046384, 0.009045, 0.998883, 0.209814, -0.998924, 0.000537, 0.046381, -0.002715, -0.000117, -0.999959, 0.009061, 0.197710, 0.000000, 0.000000, 0.000000, 1.000000, -0.988526, 0.148335, 0.028500, -0.018770, 0.025095, -0.024771, 0.999378, -0.095467, 0.148949, 0.988627, 0.020764, 0.018767, 0.000000, 0.000000, 0.000000, 1.000000
2.2671, 2.4507, 2.3789, 187.8108, 209.8108, -2.4507, 197.6946, -18.9225, -95.3837, 18.7426, 0.999155, -0.000657, -0.041091, 0.002451, 0.000149, 0.999923, -0.012376, 0.002379, 0.041096, 0.012360, 0.999079, 0.187811, 0.000000, 0.000000, 0.000000, 1.000000, 0.041096, 0.012360, 0.999079, 0.209811, -0.999155, 0.000657, 0.041091, -0.002451, -0.000149, -0.999923, 0.012376, 0.197695, 0.000000, 0.000000, 0.000000, 1.000000, -0.988570, 0.148300, 0.027138, -0.018922, 0.024121, -0.022103, 0.999465, -0.095384, 0.148821, 0.988695, 0.018273, 0.018743, 0.000000, 0.000000, 0.000000, 1.000000
2.5075, 2.2865, 2.3092, 187.8142, 209.8142, -2.2865, 197.7642, -19.1704, -95.2954, 18.6497, 0.998662, -0.000946, -0.051697, 0.002286, 0.000881, 0.999999, -0.001282, 0.002309, 0.051699, 0.001235, 0.998662, 0.187814, 0.000000, 0.000000, 0.000000, 1.000000, 0.051699, 0.001235, 0.998662, 0.209814, -0.998662, 0.000946, 0.051697, -0.002286, -0.000881, -0.999999, 0.001282, 0.197764, 0.000000, 0.000000, 0.000000, 1.000000, -0.987944, 0.148586, 0.043461, -0.019170, 0.038844, -0.033841, 0.998672, -0.095295, 0.149860, 0.988320, 0.027661, 0.018650, 0.000000, 0.000000, 0.000000, 1.000000
2.7404, 2.0450, 2.3075, 187.7687, 209.7687, -2.0450, 197.7659, -19.3189, -95.2600, 18.6108, 0.998669, -0.000500, -0.051575, 0.002045, 0.000645, 0.999996, 0.002785, 0.002308, 0.051573, -0.002815, 0.998665, 0.187769, 0.000000, 0.000000, 0.000000, 1.000000, 0.051573, -0.002815, 0.998665, 0.209769, -0.998669, 0.000500, 0.051575, -0.002045, -0.000645, -0.999996, -0.002785, 0.197766, 0.000000, 0.000000, 0.000000, 1.000000, -0.987819, 0.148020, 0.047999, -0.019319, 0.042742, -0.038495, 0.998344, -0.095260, 0.149623, 0.988235, 0.031700, 0.018611, 0.000000, 0.000000, 0.000000, 1.000000
2.9870, 1.2908, 2.1959, 187.7768, 209.7768, -1.2908, 197.8775, -18.9990, -95.1604, 18.3897, 0.997979, -0.001047, 0.063541, 0.001291, -0.000411, 0.999737, 0.022940, 0.002196, -0.063548, -0.022919, 0.997716, 0.187777, 0.000000, 0.000000, 0.000000, 1.000000, -0.063548, -0.022919, 0.997716, 0.209777, -0.997979, 0.001047, -0.063541, -0.001291, 0.000411, -0.999737, -0.022940, 0.197878, 0.000000, 0.000000, 0.000000, 1.000000, -0.987199, 0.148338, -0.058595, -0.018999, -0.068010, -0.059211, 0.995926, -0.095160, 0.144265, 0.987162, 0.068542, 0.018390, 0.000000, 0.000000, 0.000000, 1.000000
3.2313, 0.9852, 2.1797, 187.7764, 209.7764, -0.9852, 197.8938, -19.1048, -95.0782, 18.3286, 0.997130, -0.001103, 0.075703, 0.000985, -0.000723, 0.999709, 0.024097, 0.002180, -0.075708, -0.024082, 0.996839, 0.187776, 0.000000, 0.000000, 0.000000, 1.000000, -0.075708, -0.024082, 0.996839, 0.209776, -0.997130, 0.001103, -0.075703, -0.000985, 0.000723, -0.999709, -0.024097, 0.197894, 0.000000, 0.000000, 0.000000, 1.000000, -0.986749, 0.148130, -0.066211, -0.019105, -0.075939, -0.061004, 0.995245, -0.095078, 0.143386, 0.987085, 0.071445, 0.018329, 0.000000, 0.000000, 0.000000, 1.000000
3.4888, 0.7679, 2.2242, 187.7612, 209.7612, -0.7679, 197.8492, -19.3106, -95.0092, 18.3401, 0.997393, -0.000416, 0.072159, 0.000768, -0.000848, 0.999847, 0.017481, 0.002224, -0.072156, -0.017496, 0.997240, 0.187761, 0.000000, 0.000000, 0.000000, 1.000000, -0.072156, -0.017496, 0.997240, 0.209761, -0.997393, 0.000416, -0.072159, -0.000768, 0.000848, -0.999847, -0.017481, 0.197849, 0.000000, 0.000000, 0.000000, 1.000000, -0.987325, 0.147258, -0.059202, -0.019311, -0.067948, -0.055090, 0.996167, -0.095009, 0.143432, 0.987563, 0.064398, 0.018340, 0.000000, 0.000000, 0.000000, 1.000000
3.7257, 0.5582, 2.2217, 187.7869, 209.7869, -0.5582, 197.8518, -19.4958, -94.9045, 18.3076, 0.997361, -0.000499, 0.072594, 0.000558, -0.000707, 0.999862, 0.016593, 0.002222, -0.072592, -0.016600, 0.997224, 0.187787, 0.000000, 0.000000, 0.000000, 1.000000, -0.072592, -0.016600, 0.997224, 0.209787, -0.997361, 0.000499, -0.072594, -0.000558, 0.000707, -0.999862, -0.016593, 0.197852, 0.000000, 0.000000, 0.000000, 1.000000, -0.987551, 0.147126, -0.055643, -0.019496, -0.064308, -0.054805, 0.996424, -0.094905, 0.143550, 0.987598, 0.063584, 0.018308, 0.000000, 0.000000, 0.000000, 1.000000
3.9700, 0.4230, 2.2292, 187.8678, 209.8678, -0.4230, 197.8443, -19.7641, -94.7416, 18.2981, 0.997771, -0.000704, 0.066726, 0.000423, -0.000254, 0.999897, 0.014344, 0.002229, -0.066729, -0.014329, 0.997668, 0.187868, 0.000000, 0.000000, 0.000000, 1.000000, -0.066729, -0.014329, 0.997668, 0.209868, -0.997771, 0.000704, -0.066726, -0.000423, 0.000254, -0.999897, -0.014344, 0.197844, 0.000000, 0.000000, 0.000000, 1.000000, -0.988050, 0.147139, -0.045912, -0.019764, -0.054250, -0.053166, 0.997111, -0.094742, 0.144273, 0.987686, 0.060513, 0.018298, 0.000000, 0.000000, 0.000000, 1.000000
4.2240, 0.1563, 2.2593, 187.8399, 209.8399, -0.1563, 197.8142, -19.9163, -94.6867, 18.2875, 0.997389, -0.000754, 0.072209, 0.000156, 0.000145, 0.999964, 0.008438, 0.002259, -0.072213, -0.008405, 0.997354, 0.187840, 0.000000, 0.000000, 0.000000, 1.000000, -0.072213, -0.008405, 0.997354, 0.209840, -0.997389, 0.000754, -0.072209, -0.000156, -0.000145, -0.999964, -0.008438, 0.197814, 0.000000, 0.000000, 0.000000, 1.000000, -0.987967, 0.147094, -0.047786, -0.019916, -0.055370, -0.047903, 0.997316, -0.094687, 0.144411, 0.987962, 0.055471, 0.018287, 0.000000, 0.000000, 0.000000, 1.000000
4.4679, 0.0133, 2.2482, 187.9816, 209.9816, -0.0133, 197.8253, -20.1757, -94.4621, 18.2607, 0.998302, -0.000405, 0.058254, 0.000013, -0.000157, 0.999953, 0.009656, 0.002248, -0.058255, -0.009649, 0.998255, 0.187982, 0.000000, 0.000000, 0.000000, 1.000000, -0.058255, -0.009649, 0.998255, 0.209982, -0.998302, 0.000405, -0.058254, -0.000013, 0.000157, -0.999953, -0.009656, 0.197825, 0.000000, 0.000000, 0.000000, 1.000000, -0.988768, 0.146510, -0.029538, -0.020176, -0.037189, -0.049763, 0.998068, -0.094462, 0.144757, 0.987957, 0.054653, 0.018261, 0.000000, 0.000000, 0.000000, 1.000000
4.7013, -0.2115, 2.2973, 188.0625, 210.0625, 0.2115, 197.7762, -20.3283, -94.3059, 18.2791, 0.998462, -0.000056, 0.055447, -0.000211, -0.000021, 0.999999, 0.001391, 0.002297, -0.055447, -0.001390, 0.998461, 0.188063, 0.000000, 0.000000, 0.000000, 1.000000, -0.055447, -0.001390, 0.998461, 0.210063, -0.998462, 0.000056, -0.055447, 0.000211, 0.000021, -0.999999, -0.001391, 0.197776, 0.000000, 0.000000, 0.000000, 1.000000, -0.988963, 0.146221, -0.023900, -0.020328, -0.030359, -0.042104, 0.998652, -0.094306, 0.145018, 0.988356, 0.046078, 0.018279, 0.000000, 0.000000, 0.000000, 1.000000
4.9421, -0.3742, 2.3042, 188.0361, 210.0361, 0.3742, 197.7693, -20.5635, -94.2510, 18.2609, 0.998311, -0.000267, 0.058099, -0.000374, 0.000162, 0.999998, 0.001800, 0.002304, -0.058099, -0.001787, 0.998309, 0.188036, 0.000000, 0.000000, 0.000000, 1.000000, -0.058099, -0.001787, 0.998309, 0.210036, -0.998311, 0.000267, -0.058099, 0.000374, -0.000162, -0.999998, -0.001800, 0.197769, 0.000000, 0.000000, 0.000000, 1.000000, -0.988999, 0.146237, -0.022269, -0.020564, -0.028863, -0.043121, 0.998653, -0.094251, 0.145080, 0.988309, 0.046867, 0.018261, 0.000000, 0.000000, 0.000000, 1.000000
5.2124, -0.6245, 2.2961, 188.0585, 210.0585, 0.6245, 197.7773, -20.7607, -94.1387, 18.2169, 0.997800, -0.000369, 0.066296, -0.000625, 0.000065, 0.999989, 0.004588, 0.002296, -0.066297, -0.004574, 0.997789, 0.188059, 0.000000, 0.000000, 0.000000, 1.000000, -0.066297, -0.004574, 0.997789, 0.210059, -0.997800, 0.000369, -0.066296, 0.000625, -0.000065, -0.999989, -0.004588, 0.197777, 0.000000, 0.000000, 0.000000, 1.000000, -0.988959, 0.146021, -0.025276, -0.020761, -0.032397, -0.046595, 0.998388, -0.094139, 0.144608, 0.988183, 0.050811, 0.018217, 0.000000, 0.000000, 0.000000, 1.000000
5.4787, -0.8505, 2.3359, 188.0528, 210.0528, 0.8505, 197.7376, -20.9692, -94.0574, 18.2227, 0.997746, -0.000020, 0.067102, -0.000850, 0.000115, 0.999999, -0.001413, 0.002336, -0.067102, 0.001418, 0.997745, 0.188053, 0.000000, 0.000000, 0.000000, 1.000000, -0.067102, 0.001418, 0.997745, 0.210053, -0.997746, 0.000020, -0.067102, 0.000850, -0.000115, -0.999999, 0.001413, 0.197738, 0.000000, 0.000000, 0.000000, 1.000000, -0.989074, 0.145725, -0.022308, -0.020969, -0.028608, -0.041279, 0.998738, -0.094057, 0.144621, 0.988464, 0.044997, 0.018223, 0.000000, 0.000000, 0.000000, 1.000000
5.7480, -1.1188, 2.3571, 188.0228, 210.0228, 1.1188, 197.7164, -21.1445, -94.0001, 18.2031, 0.997394, -0.000300, 0.072149, -0.001119, 0.000859, 0.999970, -0.007721, 0.002357, -0.072145, 0.007762, 0.997364, 0.188023, 0.000000, 0.000000, 0.000000, 1.000000, -0.072145, 0.007762, 0.997364, 0.210023, -0.997394, 0.000300, -0.072149, 0.001119, -0.000859, -0.999970, 0.007721, 0.197716, 0.000000, 0.000000, 0.000000, 1.000000, -0.988988, 0.146113, -0.023535, -0.021144, -0.029038, -0.035642, 0.998943, -0.094000, 0.145120, 0.988626, 0.039492, 0.018203, 0.000000, 0.000000, 0.000000, 1.000000
6.0166, -1.3812, 2.2819, 188.0089, 210.0089, 1.3812, 197.7916, -21.3371, -93.9231, 18.0896, 0.996708, -0.000831, 0.081069, -0.001381, 0.000320, 0.999980, 0.006308, 0.002282, -0.081073, -0.006262, 0.996689, 0.188009, 0.000000, 0.000000, 0.000000, 1.000000, -0.081073, -0.006262, 0.996689, 0.210009, -0.996708, 0.000831, -0.081069, 0.001381, -0.000320, -0.999980, -0.006308, 0.197792, 0.000000, 0.000000, 0.000000, 1.000000, -0.988993, 0.145717, -0.025665, -0.021337, -0.033321, -0.050346, 0.998176, -0.093923, 0.144159, 0.988044, 0.054648, 0.018090, 0.000000, 0.000000, 0.000000, 1.000000
6.2675, -1.6637, 2.3298, 187.9816, 209.9816, 1.6637, 197.7436, -21.4639, -93.8729, 18.0943, 0.995946, -0.000248, 0.089956, -0.001664, 0.000414, 0.999998, -0.001831, 0.002330, -0.089955, 0.001861, 0.995944, 0.187982, 0.000000, 0.000000, 0.000000, 1.000000, -0.089955, 0.001861, 0.995944, 0.209982, -0.995946, 0.000248, -0.089956, 0.001664, -0.000414, -0.999998, 0.001831, 0.197744, 0.000000, 0.000000, 0.000000, 1.000000, -0.988879, 0.145394, -0.031294, -0.021464, -0.037894, -0.042851, 0.998363, -0.093873, 0.143815, 0.988445, 0.047884, 0.018094, 0.000000, 0.000000, 0.000000, 1.000000
6.5127, -1.9177, 2.2996, 188.0367, 210.0367, 1.9177, 197.7738, -21.6155, -93.7381, 18.0291, 0.995499, -0.001309, 0.094764, -0.001918, 0.000977, 0.999993, 0.003554, 0.002300, -0.094768, -0.003445, 0.995493, 0.188037, 0.000000, 0.000000, 0.000000, 1.000000, -0.094768, -0.003445, 0.995493, 0.210037, -0.995499, 0.001309, -0.094764, 0.001918, -0.000977, -0.999993, -0.003554, 0.197774, 0.000000, 0.000000, 0.000000, 1.000000, -0.988809, 0.145926, -0.031017, -0.021616, -0.038513, -0.048825, 0.998065, -0.093738, 0.144129, 0.988090, 0.053898, 0.018029, 0.000000, 0.000000, 0.000000, 1.000000
6.7680, -2.2045, 2.3200, 187.9761, 209.9761, 2.2045, 197.7534, -21.7510, -93.7197, 18.0048, 0.994698, -0.000499, 0.102841, -0.002204, 0.000723, 0.999997, -0.002147, 0.002320, -0.102839, 0.002210, 0.994696, 0.187976, 0.000000, 0.000000, 0.000000, 1.000000, -0.102839, 0.002210, 0.994696, 0.209976, -0.994698, 0.000499, -0.102841, 0.002204, -0.000723, -0.999997, 0.002147, 0.197753, 0.000000, 0.000000, 0.000000, 1.000000, -0.988756, 0.145285, -0.035421, -0.021751, -0.042191, -0.043787, 0.998150, -0.093720, 0.143465, 0.988421, 0.049424, 0.018005, 0.000000, 0.000000, 0.000000, 1.000000
7.0181, -2.4355, 2.3261, 187.9937, 209.9936, 2.4355, 197.7474, -21.9297, -93.6216, 17.9774, 0.994409, -0.000140, 0.105594, -0.002436, 0.000608, 0.999990, -0.004407, 0.002326, -0.105592, 0.004447, 0.994400, 0.187994, 0.000000, 0.000000, 0.000000, 1.000000, -0.105592, 0.004447, 0.994400, 0.209994, -0.994409, 0.000140, -0.105594, 0.002436, -0.000608, -0.999990, 0.004407, 0.197747, 0.000000, 0.000000, 0.000000, 1.000000, -0.988858, 0.144896, -0.034129, -0.021930, -0.040633, -0.042167, 0.998284, -0.093622, 0.143208, 0.988548, 0.047585, 0.017977, 0.000000, 0.000000, 0.000000, 1.000000
7.2681, -2.5825, 2.2899, 187.9987, 209.9987, 2.5825, 197.7835, -22.1978, -93.5284, 17.9202, 0.994467, -0.000334, 0.105053, -0.002583, 0.000314, 1.000000, 0.000204, 0.002290, -0.105053, -0.000170, 0.994467, 0.187999, 0.000000, 0.000000, 0.000000, 1.000000, -0.105053, -0.000170, 0.994467, 0.209999, -0.994467, 0.000334, -0.105053, 0.002583, -0.000314, -1.000000, -0.000204, 0.197784, 0.000000, 0.000000, 0.000000, 1.000000, -0.989084, 0.144555, -0.028568, -0.022198, -0.035762, -0.047414, 0.998235, -0.093528, 0.142945, 0.988360, 0.052066, 0.017920, 0.000000, 0.000000, 0.000000, 1.000000
7.5401, -2.8223, 2.3101, 188.0807, 210.0807, 2.8223, 197.7633, -22.3956, -93.3591, 17.9078, 0.994395, -0.000267, 0.105727, -0.002822, 0.000523, 0.999997, -0.002400, 0.002310, -0.105726, 0.002441, 0.994392, 0.188081, 0.000000, 0.000000, 0.000000, 1.000000, -0.105726, 0.002441, 0.994392, 0.210081, -0.994395, 0.000267, -0.105727, 0.002822, -0.000523, -0.999997, 0.002400, 0.197763, 0.000000, 0.000000, 0.000000, 1.000000, -0.989196, 0.144471, -0.024874, -0.022396, -0.031751, -0.045493, 0.998460, -0.093359, 0.143117, 0.988463, 0.049588, 0.017908, 0.000000, 0.000000, 0.000000, 1.000000
7.8152, -3.0629, 2.3298, 188.0652, 210.0652, 3.0629, 197.7436, -22.6049, -93.2858, 17.8913, 0.993755, -0.000371, 0.111588, -0.003063, 0.000643, 0.999997, -0.002397, 0.002330, -0.111586, 0.002454, 0.993752, 0.188065, 0.000000, 0.000000, 0.000000, 1.000000, -0.111586, 0.002454, 0.993752, 0.210065, -0.993755, 0.000371, -0.111588, 0.003063, -0.000643, -0.999997, 0.002397, 0.197744, 0.000000, 0.000000, 0.000000, 1.000000, -0.989187, 0.144355, -0.025912, -0.022605, -0.032893, -0.046181, 0.998391, -0.093286, 0.142926, 0.988448, 0.050430, 0.017891, 0.000000, 0.000000, 0.000000, 1.000000
8.0539, -3.3230, 2.3087, 188.1641, 210.1641, 3.3230, 197.7647, -22.7310, -93.1129, 17.8357, 0.993285, -0.000579, 0.115689, -0.003323, 0.000465, 0.999999, 0.001014, 0.002309, -0.115689, -0.000953, 0.993285, 0.188164, 0.000000, 0.000000, 0.000000, 1.000000, -0.115689, -0.000953, 0.993285, 0.210164, -0.993285, 0.000579, -0.115689, 0.003323, -0.000465, -0.999999, -0.001014, 0.197765, 0.000000, 0.000000, 0.000000, 1.000000, -0.989244, 0.144064, -0.025348, -0.022731, -0.032887, -0.050191, 0.998198, -0.093113, 0.142532, 0.988295, 0.054389, 0.017836, 0.000000, 0.000000, 0.000000, 1.000000
8.3140, -3.5571, 2.3018, 188.1345, 210.1345, 3.5571, 197.7716, -22.9268, -93.0583, 17.7934, 0.992813, -0.000282, 0.119676, -0.003557, 0.000204, 1.000000, 0.000658, 0.002302, -0.119676, -0.000629, 0.992813, 0.188134, 0.000000, 0.000000, 0.000000, 1.000000, -0.119676, -0.000629, 0.992813, 0.210134, -0.992813, 0.000282, -0.119676, 0.003557, -0.000204, -1.000000, -0.000658, 0.197772, 0.000000, 0.000000, 0.000000, 1.000000, -0.989328, 0.143571, -0.024839, -0.022927, -0.032389, -0.050496, 0.998199, -0.093058, 0.142058, 0.988351, 0.054607, 0.017793, 0.000000, 0.000000, 0.000000, 1.000000
8.5755, -3.8302, 2.3312, 188.1343, 210.1343, 3.8302, 197.7422, -23.0780, -92.9795, 17.7822, 0.991764, 0.000212, 0.128081, -0.003830, 0.000324, 0.999991, -0.004164, 0.002331, -0.128081, 0.004171, 0.991755, 0.188134, 0.000000, 0.000000, 0.000000, 1.000000, -0.128081, 0.004171, 0.991755, 0.210134, -0.991764, -0.000212, -0.128081, 0.003830, -0.000324, -0.999991, 0.004164, 0.197742, 0.000000, 0.000000, 0.000000, 1.000000, -0.989240, 0.143324, -0.029355, -0.023078, -0.036335, -0.046331, 0.998265, -0.092979, 0.141715, 0.988591, 0.051040, 0.017782, 0.000000, 0.000000, 0.000000, 1.000000
8.8396, -4.0545, 2.3418, 188.1966, 210.1966, 4.0545, 197.7317, -23.2777, -92.8323, 17.7619, 0.991743, -0.000233, 0.128240, -0.004055, 0.000869, 0.999988, -0.004907, 0.002342, -0.128237, 0.004978, 0.991731, 0.188197, 0.000000, 0.000000, 0.000000, 1.000000, -0.128237, 0.004978, 0.991731, 0.210197, -0.991743, 0.000233, -0.128240, 0.004055, -0.000869, -0.999988, 0.004907, 0.197732, 0.000000, 0.000000, 0.000000, 1.000000, -0.989315, 0.143628, -0.025018, -0.023278, -0.031960, -0.046232, 0.998419, -0.092832, 0.142245, 0.988551, 0.050328, 0.017762, 0.000000, 0.000000, 0.000000, 1.000000
9.0751, -4.3012, 2.3251, 188.2176, 210.2176, 4.3012, 197.7483, -23.4166, -92.7389, 17.7098, 0.991105, -0.000289, 0.133079, -0.004301, 0.000921, 0.999989, -0.004686, 0.002325, -0.133076, 0.004767, 0.991094, 0.188218, 0.000000, 0.000000, 0.000000, 1.000000, -0.133076, 0.004767, 0.991094, 0.210218, -0.991105, 0.000289, -0.133079, 0.004301, -0.000921, -0.999989, 0.004686, 0.197748, 0.000000, 0.000000, 0.000000, 1.000000, -0.989321, 0.143470, -0.025711, -0.023417, -0.032767, -0.047038, 0.998356, -0.092739, 0.142025, 0.988536, 0.051237, 0.017710, 0.000000, 0.000000, 0.000000, 1.000000
9.3001, -4.5545, 2.3567, 188.2725, 210.2725, 4.5545, 197.7167, -23.5208, -92.6197, 17.7058, 0.990619, -0.000192, 0.136653, -0.004554, 0.001382, 0.999962, -0.008615, 0.002357, -0.136646, 0.008723, 0.990582, 0.188273, 0.000000, 0.000000, 0.000000, 1.000000, -0.136646, 0.008723, 0.990582, 0.210273, -0.990619, 0.000192, -0.136653, 0.004554, -0.001382, -0.999962, 0.008615, 0.197717, 0.000000, 0.000000, 0.000000, 1.000000, -0.989293, 0.143623, -0.025922, -0.023521, -0.032502, -0.043660, 0.998518, -0.092620, 0.142278, 0.988669, 0.047860, 0.017706, 0.000000, 0.000000, 0.000000, 1.000000
9.5594, -4.7364, 2.3442, 188.3178, 210.3178, 4.7364, 197.7292, -23.7575, -92.4865, 17.6683, 0.990431, -0.000880, 0.138009, -0.004736, 0.001803, 0.999977, -0.006562, 0.002344, -0.138000, 0.006748, 0.990409, 0.188318, 0.000000, 0.000000, 0.000000, 1.000000, -0.138000, 0.006748, 0.990409, 0.210318, -0.990431, 0.000880, -0.138009, 0.004736, -0.001803, -0.999977, 0.006562, 0.197729, 0.000000, 0.000000, 0.000000, 1.000000, -0.989341, 0.143875, -0.022465, -0.023757, -0.029412, -0.046346, 0.998492, -0.092487, 0.142617, 0.988510, 0.050084, 0.017668, 0.000000, 0.000000, 0.000000, 1.000000
9.8082, -4.9926, 2.3551, 188.2766, 210.2766, 4.9926, 197.7183, -23.9103, -92.4528, 17.6398, 0.989410, -0.000143, 0.145146, -0.004993, 0.001464, 0.999958, -0.008994, 0.002355, -0.145138, 0.009112, 0.989369, 0.188277, 0.000000, 0.000000, 0.000000, 1.000000, -0.145138, 0.009112, 0.989369, 0.210277, -0.989410, 0.000143, -0.145146, 0.004993, -0.001464, -0.999958, 0.008994, 0.197718, 0.000000, 0.000000, 0.000000, 1.000000, -0.989358, 0.143228, -0.025612, -0.023910, -0.032297, -0.044540, 0.998485, -0.092453, 0.141870, 0.988687, 0.048692, 0.017640, 0.000000, 0.000000, 0.000000, 1.000000
10.0499, -5.2296, 2.3433, 188.3630, 210.3630, 5.2296, 197.7302, -24.0583, -92.2926, 17.5964, 0.988921, -0.000184, 0.148443, -0.005230, 0.001510, 0.999960, -0.008816, 0.002343, -0.148436, 0.008943, 0.988882, 0.188363, 0.000000, 0.000000, 0.000000, 1.000000, -0.148436, 0.008943, 0.988882, 0.210363, -0.988921, 0.000184, -0.148443, 0.005230, -0.001510, -0.999960, 0.008816, 0.197730, 0.000000, 0.000000, 0.000000, 1.000000, -0.989407, 0.143059, -0.024674, -0.024058, -0.031452, -0.045317, 0.998477, -0.092293, 0.141723, 0.988676, 0.049336, 0.017596, 0.000000, 0.000000, 0.000000, 1.000000
10.2968, -5.4896, 2.3424, 188.3968, 210.3968, 5.4896, 197.7310, -24.1965, -92.1861, 17.5585, 0.988144, -0.000366, 0.153528, -0.005490, 0.001719, 0.999961, -0.008683, 0.002342, -0.153519, 0.008844, 0.988106, 0.188397, 0.000000, 0.000000, 0.000000, 1.000000, -0.153519, 0.008844, 0.988106, 0.210397, -0.988144, 0.000366, -0.153528, 0.005490, -0.001719, -0.999961, 0.008683, 0.197731, 0.000000, 0.000000, 0.000000, 1.000000, -0.989392, 0.143028, -0.025442, -0.024197, -0.032331, -0.046053, 0.998416, -0.092186, 0.141630, 0.988647, 0.050189, 0.017558, 0.000000, 0.000000, 0.000000, 1.000000
10.5495, -5.6186, 2.3320, 188.4265, 210.4265, 5.6186, 197.7415, -24.4738, -92.0646, 17.5302, 0.988239, -0.000973, 0.152912, -0.005619, 0.001950, 0.999979, -0.006239, 0.002332, -0.152903, 0.006463, 0.988220, 0.188427, 0.000000, 0.000000, 0.000000, 1.000000, -0.152903, 0.006463, 0.988220, 0.210427, -0.988239, 0.000973, -0.152912, 0.005619, -0.001950, -0.999979, 0.006239, 0.197741, 0.000000, 0.000000, 0.000000, 1.000000, -0.989504, 0.143107, -0.020073, -0.024474, -0.027358, -0.049119, 0.998418, -0.092065, 0.141894, 0.988488, 0.052518, 0.017530, 0.000000, 0.000000, 0.000000, 1.000000
10.7943, -5.8529, 2.3406, 188.5191, 210.5191, 5.8529, 197.7328, -24.6233, -91.8985, 17.5076, 0.987726, -0.000348, 0.156195, -0.005853, 0.001422, 0.999976, -0.006761, 0.002341, -0.156189, 0.006900, 0.987703, 0.188519, 0.000000, 0.000000, 0.000000, 1.000000, -0.156189, 0.006900, 0.987703, 0.210519, -0.987726, 0.000348, -0.156195, 0.005853, -0.001422, -0.999976, 0.006761, 0.197733, 0.000000, 0.000000, 0.000000, 1.000000, -0.989632, 0.142342, -0.019171, -0.024623, -0.026421, -0.049216, 0.998439, -0.091899, 0.141176, 0.988593, 0.052466, 0.017508, 0.000000, 0.000000, 0.000000, 1.000000
11.0272, -6.1365, 2.3477, 188.5181, 210.5181, 6.1365, 197.7258, -24.7178, -91.8370, 17.4728, 0.986506, -0.000188, 0.163724, -0.006137, 0.001543, 0.999966, -0.008151, 0.002348, -0.163716, 0.008293, 0.986473, 0.188518, 0.000000, 0.000000, 0.000000, 1.000000, -0.163716, 0.008293, 0.986473, 0.210518, -0.986506, 0.000188, -0.163724, 0.006137, -0.001543, -0.999966, 0.008151, 0.197726, 0.000000, 0.000000, 0.000000, 1.000000, -0.989577, 0.142178, -0.022859, -0.024718, -0.030015, -0.048394, 0.998377, -0.091837, 0.140841, 0.988657, 0.052157, 0.017473, 0.000000, 0.000000, 0.000000, 1.000000
11.2711, -6.3696, 2.3238, 188.5778, 210.5778, 6.3696, 197.7496, -24.8749, -91.7027, 17.4171, 0.986222, -0.000271, 0.165427, -0.006370, 0.001204, 0.999984, -0.005538, 0.002324, -0.165423, 0.005660, 0.986206, 0.188578, 0.000000, 0.000000, 0.000000, 1.000000, -0.165423, 0.005660, 0.986206, 0.210578, -0.986222, 0.000271, -0.165427, 0.006370, -0.001204, -0.999984, 0.005538, 0.197750, 0.000000, 0.000000, 0.000000, 1.000000, -0.989712, 0.141673, -0.019948, -0.024875, -0.027510, -0.051614, 0.998288, -0.091703, 0.140401, 0.988567, 0.054981, 0.017417, 0.000000, 0.000000, 0.000000, 1.000000
11.5269, -6.5467, 2.3457, 188.7080, 210.7080, 6.5467, 197.7278, -25.0882, -91.4886, 17.4173, 0.985869, -0.000391, 0.167515, -0.006547, 0.001745, 0.999967, -0.007935, 0.002346, -0.167506, 0.008115, 0.985838, 0.188708, 0.000000, 0.000000, 0.000000, 1.000000, -0.167506, 0.008115, 0.985838, 0.210708, -0.985869, 0.000391, -0.167515, 0.006547, -0.001745, -0.999967, 0.007935, 0.197728, 0.000000, 0.000000, 0.000000, 1.000000, -0.989715, 0.141923, -0.017927, -0.025088, -0.025231, -0.049837, 0.998439, -0.091489, 0.140808, 0.988622, 0.052905, 0.017417, 0.000000, 0.000000, 0.000000, 1.000000
11.7822, -6.7725, 2.3341, 188.7018, 210.7018, 6.7725, 197.7393, -25.2774, -91.4145, 17.3724, 0.984911, 0.000115, 0.173062, -0.006773, 0.001459, 0.999959, -0.008965, 0.002334, -0.173056, 0.009082, 0.984870, 0.188702, 0.000000, 0.000000, 0.000000, 1.000000, -0.173056, 0.009082, 0.984870, 0.210702, -0.984911, -0.000115, -0.173062, 0.006773, -0.001459, -0.999959, 0.008965, 0.197739, 0.000000, 0.000000, 0.000000, 1.000000, -0.989773, 0.141352, -0.019197, -0.025277, -0.026425, -0.049439, 0.998428, -0.091415, 0.140181, 0.988724, 0.052669, 0.017372, 0.000000, 0.000000, 0.000000, 1.000000
12.0410, -7.0356, 2.3275, 188.7310, 210.7310, 7.0356, 197.7460, -25.4293, -91.3100, 17.3282, 0.983856, -0.000548, 0.178959, -0.007036, 0.001401, 0.999988, -0.004639, 0.002327, -0.178955, 0.004815, 0.983846, 0.188731, 0.000000, 0.000000, 0.000000, 1.000000, -0.178955, 0.004815, 0.983846, 0.210731, -0.983856, 0.000548, -0.178959, 0.007036, -0.001401, -0.999988, 0.004639, 0.197746, 0.000000, 0.000000, 0.000000, 1.000000, -0.989792, 0.141105, -0.020007, -0.025429, -0.027929, -0.054390, 0.998129, -0.091310, 0.139752, 0.988499, 0.057775, 0.017328, 0.000000, 0.000000, 0.000000, 1.000000
12.2594, -7.2781, 2.3213, 188.7360, 210.7360, 7.2781, 197.7522, -25.5403, -91.2446, 17.2866, 0.983285, -0.000126, 0.182073, -0.007278, 0.001408, 0.999975, -0.006911, 0.002321, -0.182067, 0.007051, 0.983261, 0.188736, 0.000000, 0.000000, 0.000000, 1.000000, -0.182067, 0.007051, 0.983261, 0.210736, -0.983285, 0.000126, -0.182073, 0.007278, -0.001408, -0.999975, 0.006911, 0.197752, 0.000000, 0.000000, 0.000000, 1.000000, -0.989837, 0.140844, -0.019656, -0.025540, -0.027315, -0.052656, 0.998239, -0.091245, 0.139561, 0.988631, 0.055968, 0.017287, 0.000000, 0.000000, 0.000000, 1.000000
12.5046, -7.4284, 2.3426, 188.6970, 210.6970, 7.4284, 197.7308, -25.7874, -91.1981, 17.2841, 0.982363, -0.000142, 0.186986, -0.007428, 0.001958, 0.999953, -0.009527, 0.002343, -0.186975, 0.009725, 0.982316, 0.188697, 0.000000, 0.000000, 0.000000, 1.000000, -0.186975, 0.009725, 0.982316, 0.210697, -0.982363, 0.000142, -0.186986, 0.007428, -0.001958, -0.999953, 0.009527, 0.197731, 0.000000, 0.000000, 0.000000, 1.000000, -0.989783, 0.141075, -0.020701, -0.025787, -0.028095, -0.050624, 0.998323, -0.091198, 0.139790, 0.988704, 0.054070, 0.017284, 0.000000, 0.000000, 0.000000, 1.000000
12.7516, -7.7065, 2.3649, 188.7173, 210.7173, 7.7065, 197.7086, -25.9023, -91.1129, 17.2658, 0.981178, 0.000273, 0.193104, -0.007707, 0.001803, 0.999942, -0.010577, 0.002365, -0.193095, 0.010726, 0.981121, 0.188717, 0.000000, 0.000000, 0.000000, 1.000000, -0.193095, 0.010726, 0.981121, 0.210717, -0.981178, -0.000273, -0.193104, 0.007707, -0.001803, -0.999942, 0.010577, 0.197709, 0.000000, 0.000000, 0.000000, 1.000000, -0.989803, 0.140619, -0.022715, -0.025902, -0.030038, -0.050178, 0.998289, -0.091113, 0.139238, 0.988791, 0.053890, 0.017266, 0.000000, 0.000000, 0.000000, 1.000000
12.9863, -7.9394, 2.3349, 188.7806, 210.7806, 7.9394, 197.7386, -26.0414, -90.9809, 17.2042, 0.980716, -0.000239, 0.195436, -0.007939, 0.001783, 0.999969, -0.007724, 0.002335, -0.195428, 0.007924, 0.980686, 0.188781, 0.000000, 0.000000, 0.000000, 1.000000, -0.195428, 0.007924, 0.980686, 0.210781, -0.980716, 0.000239, -0.195436, 0.007939, -0.001783, -0.999969, 0.007724, 0.197739, 0.000000, 0.000000, 0.000000, 1.000000, -0.989877, 0.140426, -0.020580, -0.026041, -0.028355, -0.053598, 0.998160, -0.090981, 0.139065, 0.988639, 0.057038, 0.017204, 0.000000, 0.000000, 0.000000, 1.000000
13.2104, -8.2154, 2.3383, 188.8031, 210.8031, 8.2154, 197.7351, -26.1237, -90.9036, 17.1678, 0.979502, -0.000196, 0.201434, -0.008215, 0.001934, 0.999963, -0.008431, 0.002338, -0.201425, 0.008647, 0.979466, 0.188803, 0.000000, 0.000000, 0.000000, 1.000000, -0.201425, 0.008647, 0.979466, 0.210803, -0.979502, 0.000196, -0.201434, 0.008215, -0.001934, -0.999963, 0.008431, 0.197735, 0.000000, 0.000000, 0.000000, 1.000000, -0.989845, 0.140302, -0.022834, -0.026124, -0.030597, -0.053428, 0.998103, -0.090904, 0.138816, 0.988666, 0.057178, 0.017168, 0.000000, 0.000000, 0.000000, 1.000000
13.4604, -8.3718, 2.3489, 188.9324, 210.9324, 8.3718, 197.7246, -26.3429, -90.6898, 17.1599, 0.979415, -0.000152, 0.201859, -0.008372, 0.002118, 0.999952, -0.009524, 0.002349, -0.201847, 0.009755, 0.979368, 0.188932, 0.000000, 0.000000, 0.000000, 1.000000, -0.201847, 0.009755, 0.979368, 0.210932, -0.979415, 0.000152, -0.201859, 0.008372, -0.002118, -0.999952, 0.009524, 0.197725, 0.000000, 0.000000, 0.000000, 1.000000, -0.989936, 0.140225, -0.019060, -0.026343, -0.026719, -0.052943, 0.998240, -0.090690, 0.138969, 0.988703, 0.056157, 0.017160, 0.000000, 0.000000, 0.000000, 1.000000
13.6881, -8.6150, 2.3444, 188.9671, 210.9671, 8.6150, 197.7291, -26.4605, -90.5936, 17.1209, 0.978164, -0.000824, 0.207834, -0.008615, 0.002835, 0.999952, -0.009381, 0.002344, -0.207816, 0.009765, 0.978119, 0.188967, 0.000000, 0.000000, 0.000000, 1.000000, -0.207816, 0.009765, 0.978119, 0.210967, -0.978164, 0.000824, -0.207834, 0.008615, -0.002835, -0.999952, 0.009381, 0.197729, 0.000000, 0.000000, 0.000000, 1.000000, -0.989831, 0.140669, -0.021119, -0.026461, -0.028915, -0.053610, 0.998143, -0.090594, 0.139276, 0.988604, 0.057132, 0.017121, 0.000000, 0.000000, 0.000000, 1.000000
13.9293, -8.7836, 2.3555, 188.9928, 210.9928, 8.7836, 197.7180, -26.6715, -90.4878, 17.1080, 0.977609, -0.000339, 0.210430, -0.008784, 0.002764, 0.999933, -0.011232, 0.002355, -0.210412, 0.011562, 0.977544, 0.188993, 0.000000, 0.000000, 0.000000, 1.000000, -0.210412, 0.011562, 0.977544, 0.210993, -0.977609, 0.000339, -0.210430, 0.008784, -0.002764, -0.999933, 0.011232, 0.197718, 0.000000, 0.000000, 0.000000, 1.000000, -0.989909, 0.140311, -0.019804, -0.026672, -0.027391, -0.052349, 0.998253, -0.090488, 0.139029, 0.988723, 0.055664, 0.017108, 0.000000, 0.000000, 0.000000, 1.000000
14.1829, -9.0243, 2.3567, 188.9836, 210.9836, 9.0243, 197.7167, -26.8396, -90.4231, 17.0734, 0.976222, -0.000073, 0.216773, -0.009024, 0.002414, 0.999942, -0.010535, 0.002357, -0.216759, 0.010807, 0.976165, 0.188984, 0.000000, 0.000000, 0.000000, 1.000000, -0.216759, 0.010807, 0.976165, 0.210984, -0.976222, 0.000073, -0.216773, 0.009024, -0.002414, -0.999942, 0.010535, 0.197717, 0.000000, 0.000000, 0.000000, 1.000000, -0.989959, 0.139673, -0.021718, -0.026840, -0.029468, -0.053660, 0.998124, -0.090423, 0.138246, 0.988743, 0.057237, 0.017073, 0.000000, 0.000000, 0.000000, 1.000000
14.4532, -9.2677, 2.3479, 189.1512, 211.1512, 9.2677, 197.7256, -26.9974, -90.1776, 17.0350, 0.975986, -0.000314, 0.217834, -0.009268, 0.002328, 0.999957, -0.008987, 0.002348, -0.217821, 0.009279, 0.975945, 0.189151, 0.000000, 0.000000, 0.000000, 1.000000, -0.217821, 0.009279, 0.975945, 0.211151, -0.975986, 0.000314, -0.217834, 0.009268, -0.002328, -0.999957, 0.008987, 0.197726, 0.000000, 0.000000, 0.000000, 1.000000, -0.990082, 0.139350, -0.017871, -0.026997, -0.025878, -0.055862, 0.998103, -0.090178, 0.138087, 0.988666, 0.058915, 0.017035, 0.000000, 0.000000, 0.000000, 1.000000
14.7217, -9.5068, 2.3531, 189.2026, 211.2026, 9.5068, 197.7204, -27.1768, -90.0472, 17.0068, 0.974907, 0.000177, 0.222612, -0.009507, 0.002193, 0.999944, -0.010398, 0.002353, -0.222601, 0.010625, 0.974852, 0.189203, 0.000000, 0.000000, 0.000000, 1.000000, -0.222601, 0.010625, 0.974852, 0.211203, -0.974907, -0.000177, -0.222612, 0.009507, -0.002193, -0.999944, 0.010398, 0.197720, 0.000000, 0.000000, 0.000000, 1.000000, -0.990141, 0.138884, -0.018241, -0.027177, -0.026117, -0.055100, 0.998139, -0.090047, 0.137620, 0.988775, 0.058184, 0.017007, 0.000000, 0.000000, 0.000000, 1.000000
14.9911, -9.7538, 2.3448, 189.2735, 211.2735, 9.7538, 197.7286, -27.3470, -89.8983, 16.9648, 0.973788, -0.000136, 0.227457, -0.009754, 0.002451, 0.999948, -0.009891, 0.002345, -0.227444, 0.010190, 0.973738, 0.189273, 0.000000, 0.000000, 0.000000, 1.000000, -0.227444, 0.010190, 0.973738, 0.211273, -0.973788, 0.000136, -0.227457, 0.009754, -0.002451, -0.999948, 0.009891, 0.197729, 0.000000, 0.000000, 0.000000, 1.000000, -0.990144, 0.138836, -0.018403, -0.027347, -0.026436, -0.056242, 0.998067, -0.089898, 0.137533, 0.988717, 0.059358, 0.016965, 0.000000, 0.000000, 0.000000, 1.000000
15.2503, -9.9953, 2.3395, 189.2795, 211.2795, 9.9953, 197.7339, -27.5193, -89.8171, 16.9242, 0.972561, -0.000203, 0.232649, -0.009995, 0.002194, 0.999963, -0.008300, 0.002340, -0.232638, 0.008583, 0.972525, 0.189280, 0.000000, 0.000000, 0.000000, 1.000000, -0.232638, 0.008583, 0.972525, 0.211280, -0.972561, 0.000203, -0.232649, 0.009995, -0.002194, -0.999963, 0.008300, 0.197734, 0.000000, 0.000000, 0.000000, 1.000000, -0.990209, 0.138304, -0.018951, -0.027519, -0.027263, -0.058453, 0.997918, -0.089817, 0.136908, 0.988663, 0.061651, 0.016924, 0.000000, 0.000000, 0.000000, 1.000000
15.4903, -10.2669, 2.3244, 189.3147, 211.3146, 10.2669, 197.7490, -27.6270, -89.7227, 16.8706, 0.971581, -0.000166, 0.236706, -0.010267, 0.002437, 0.999954, -0.009303, 0.002324, -0.236693, 0.009615, 0.971537, 0.189315, 0.000000, 0.000000, 0.000000, 1.000000, -0.236693, 0.009615, 0.971537, 0.211315, -0.971581, 0.000166, -0.236706, 0.010267, -0.002437, -0.999954, 0.009303, 0.197749, 0.000000, 0.000000, 0.000000, 1.000000, -0.990215, 0.138246, -0.019045, -0.027627, -0.027293, -0.058016, 0.997943, -0.089723, 0.136856, 0.988697, 0.061221, 0.016871, 0.000000, 0.000000, 0.000000, 1.000000
15.7267, -10.4900, 2.3238, 189.3964, 211.3964, 10.4900, 197.7497, -27.7636, -89.5759, 16.8401, 0.970633, -0.000597, 0.240566, -0.010490, 0.002911, 0.999953, -0.009264, 0.002324, -0.240549, 0.009692, 0.970589, 0.189396, 0.000000, 0.000000, 0.000000, 1.000000, -0.240549, 0.009692, 0.970589, 0.211396, -0.970633, 0.000597, -0.240566, 0.010490, -0.002911, -0.999953, 0.009264, 0.197750, 0.000000, 0.000000, 0.000000, 1.000000, -0.990191, 0.138438, -0.018859, -0.027764, -0.027199, -0.058603, 0.997911, -0.089576, 0.137044, 0.988636, 0.061794, 0.016840, 0.000000, 0.000000, 0.000000, 1.000000
15.9732, -10.6313, 2.3139, 189.4366, 211.4366, 10.6313, 197.7595, -28.0048, -89.4466, 16.8110, 0.970131, -0.000435, 0.242583, -0.010631, 0.002601, 0.999960, -0.008609, 0.002314, -0.242569, 0.008982, 0.970092, 0.189437, 0.000000, 0.000000, 0.000000, 1.000000, -0.242569, 0.008982, 0.970092, 0.211437, -0.970131, 0.000435, -0.242583, 0.010631, -0.002601, -0.999960, 0.008609, 0.197760, 0.000000, 0.000000, 0.000000, 1.000000, -0.990312, 0.137869, -0.016534, -0.028005, -0.024993, -0.059854, 0.997894, -0.089447, 0.136589, 0.988640, 0.062720, 0.016811, 0.000000, 0.000000, 0.000000, 1.000000
16.2185, -10.8887, 2.3082, 189.4767, 211.4767, 10.8887, 197.7652, -28.1307, -89.3436, 16.7689, 0.968463, -0.000897, 0.249155, -0.010889, 0.003100, 0.999960, -0.008449, 0.002308, -0.249137, 0.008955, 0.968427, 0.189477, 0.000000, 0.000000, 0.000000, 1.000000, -0.249137, 0.008955, 0.968427, 0.211477, -0.968463, 0.000897, -0.249155, 0.010889, -0.003100, -0.999960, 0.008449, 0.197765, 0.000000, 0.000000, 0.000000, 1.000000, -0.990244, 0.138051, -0.018958, -0.028131, -0.027547, -0.060573, 0.997784, -0.089344, 0.136596, 0.988571, 0.063785, 0.016769, 0.000000, 0.000000, 0.000000, 1.000000
16.4549, -11.1267, 2.3160, 189.4931, 211.4931, 11.1267, 197.7575, -28.2652, -89.2652, 16.7421, 0.967546, -0.000228, 0.252696, -0.011127, 0.002641, 0.999954, -0.009210, 0.002316, -0.252682, 0.009578, 0.967502, 0.189493, 0.000000, 0.000000, 0.000000, 1.000000, -0.252682, 0.009578, 0.967502, 0.211493, -0.967546, 0.000228, -0.252696, 0.011127, -0.002641, -0.999954, 0.009210, 0.197757, 0.000000, 0.000000, 0.000000, 1.000000, -0.990355, 0.137301, -0.018569, -0.028265, -0.027081, -0.060385, 0.997808, -0.089265, 0.135878, 0.988687, 0.063521, 0.016742, 0.000000, 0.000000, 0.000000, 1.000000
16.6874, -11.3909, 2.3224, 189.5517, 211.5517, 11.3909, 197.7510, -28.3581, -89.1541, 16.7117, 0.966143, -0.000326, 0.258007, -0.011391, 0.002351, 0.999969, -0.007539, 0.002322, -0.257996, 0.007890, 0.966114, 0.189552, 0.000000, 0.000000, 0.000000, 1.000000, -0.257996, 0.007890, 0.966114, 0.211552, -0.966143, 0.000326, -0.258007, 0.011391, -0.002351, -0.999969, 0.007539, 0.197751, 0.000000, 0.000000, 0.000000, 1.000000, -0.990409, 0.136750, -0.019735, -0.028358, -0.028523, -0.062604, 0.997631, -0.089154, 0.135190, 0.988625, 0.065904, 0.016712, 0.000000, 0.000000, 0.000000, 1.000000
16.9273, -11.5494, 2.3308, 189.6079, 211.6079, 11.5494, 197.7427, -28.5642, -89.0177, 16.6987, 0.965307, -0.000050, 0.261117, -0.011549, 0.002521, 0.999955, -0.009130, 0.002331, -0.261105, 0.009471, 0.965264, 0.189608, 0.000000, 0.000000, 0.000000, 1.000000, -0.261105, 0.009471, 0.965264, 0.211608, -0.965307, 0.000050, -0.261117, 0.011549, -0.002521, -0.999955, 0.009130, 0.197743, 0.000000, 0.000000, 0.000000, 1.000000, -0.990445, 0.136601, -0.018965, -0.028564, -0.027597, -0.061577, 0.997721, -0.089018, 0.135122, 0.988710, 0.064758, 0.016699, 0.000000, 0.000000, 0.000000, 1.000000
17.1470, -11.8068, 2.3291, 189.6535, 211.6535, 11.8068, 197.7443, -28.6473, -88.9243, 16.6608, 0.963972, -0.000300, 0.266003, -0.011807, 0.002461, 0.999967, -0.007790, 0.002329, -0.265992, 0.008164, 0.963941, 0.189654, 0.000000, 0.000000, 0.000000, 1.000000, -0.265992, 0.008164, 0.963941, 0.211654, -0.963972, 0.000300, -0.266003, 0.011807, -0.002461, -0.999967, 0.007790, 0.197744, 0.000000, 0.000000, 0.000000, 1.000000, -0.990468, 0.136285, -0.019975, -0.028647, -0.028846, -0.063427, 0.997570, -0.088924, 0.134686, 0.988637, 0.066754, 0.016661, 0.000000, 0.000000, 0.000000, 1.000000
17.3874, -11.9723, 2.3403, 189.7633, 211.7633, 11.9723, 197.7332, -28.8324, -88.7380, 16.6515, 0.963414, 0.000449, 0.268017, -0.011972, 0.002384, 0.999945, -0.010243, 0.002340, -0.268006, 0.010507, 0.963360, 0.189763, 0.000000, 0.000000, 0.000000, 1.000000, -0.268006, 0.010507, 0.963360, 0.211763, -0.963414, -0.000449, -0.268017, 0.011972, -0.002384, -0.999945, 0.010243, 0.197733, 0.000000, 0.000000, 0.000000, 1.000000, -0.990558, 0.135881, -0.018194, -0.028832, -0.026768, -0.061548, 0.997745, -0.088738, 0.134455, 0.988812, 0.064605, 0.016651, 0.000000, 0.000000, 0.000000, 1.000000
17.6106, -12.1958, 2.3121, 189.7938, 211.7938, 12.1958, 197.7614, -28.9599, -88.6482, 16.5918, 0.962459, -0.000573, 0.271427, -0.012196, 0.002653, 0.999970, -0.007298, 0.002312, -0.271414, 0.007744, 0.962431, 0.189794, 0.000000, 0.000000, 0.000000, 1.000000, -0.271414, 0.007744, 0.962431, 0.211794, -0.962459, 0.000573, -0.271427, 0.012196, -0.002653, -0.999970, 0.007298, 0.197761, 0.000000, 0.000000, 0.000000, 1.000000, -0.990566, 0.135922, -0.017416, -0.028960, -0.026457, -0.065001, 0.997534, -0.088648, 0.134455, 0.988585, 0.067984, 0.016592, 0.000000, 0.000000, 0.000000, 1.000000
17.8422, -12.4368, 2.3249, 189.9023, 211.9022, 12.4368, 197.7486, -29.0577, -88.4867, 16.5729, 0.961334, -0.000525, 0.275386, -0.012437, 0.003114, 0.999955, -0.008964, 0.002325, -0.275368, 0.009475, 0.961292, 0.189902, 0.000000, 0.000000, 0.000000, 1.000000, -0.275368, 0.009475, 0.961292, 0.211902, -0.961334, 0.000525, -0.275386, 0.012437, -0.003114, -0.999955, 0.008964, 0.197749, 0.000000, 0.000000, 0.000000, 1.000000, -0.990543, 0.136056, -0.017687, -0.029058, -0.026586, -0.063865, 0.997604, -0.088487, 0.134600, 0.988641, 0.066878, 0.016573, 0.000000, 0.000000, 0.000000, 1.000000
18.0817, -12.6057, 2.3145, 189.9695, 211.9695, 12.6057, 197.7590, -29.2497, -88.3416, 16.5402, 0.960536, -0.000746, 0.278156, -0.012606, 0.003192, 0.999960, -0.008339, 0.002314, -0.278139, 0.008898, 0.960500, 0.189970, 0.000000, 0.000000, 0.000000, 1.000000, -0.278139, 0.008898, 0.960500, 0.211970, -0.960536, 0.000746, -0.278156, 0.012606, -0.003192, -0.999960, 0.008339, 0.197759, 0.000000, 0.000000, 0.000000, 1.000000, -0.990596, 0.135849, -0.016290, -0.029250, -0.025325, -0.065046, 0.997561, -0.088342, 0.134458, 0.988592, 0.067875, 0.016540, 0.000000, 0.000000, 0.000000, 1.000000
18.3010, -12.8674, 2.3186, 189.9547, 211.9547, 12.8674, 197.7549, -29.3410, -88.3108, 16.5052, 0.958413, -0.000565, 0.285385, -0.012867, 0.003299, 0.999953, -0.009101, 0.002319, -0.285366, 0.009664, 0.958370, 0.189955, 0.000000, 0.000000, 0.000000, 1.000000, -0.285366, 0.009664, 0.958370, 0.211955, -0.958413, 0.000565, -0.285385, 0.012867, -0.003299, -0.999953, 0.009101, 0.197755, 0.000000, 0.000000, 0.000000, 1.000000, -0.990557, 0.135628, -0.020041, -0.029341, -0.029051, -0.064781, 0.997477, -0.088311, 0.133987, 0.988640, 0.068109, 0.016505, 0.000000, 0.000000, 0.000000, 1.000000
18.5313, -13.0078, 2.3192, 190.0367, 212.0367, 13.0078, 197.7543, -29.5396, -88.1498, 16.4881, 0.957975, 0.000110, 0.286851, -0.013008, 0.003043, 0.999940, -0.010546, 0.002319, -0.286835, 0.010976, 0.957917, 0.190037, 0.000000, 0.000000, 0.000000, 1.000000, -0.286835, 0.010976, 0.957917, 0.212037, -0.957975, -0.000110, -0.286851, 0.013008, -0.003043, -0.999940, 0.010546, 0.197754, 0.000000, 0.000000, 0.000000, 1.000000, -0.990677, 0.135073, -0.017744, -0.029540, -0.026578, -0.063885, 0.997603, -0.088150, 0.133616, 0.988774, 0.066880, 0.016488, 0.000000, 0.000000, 0.000000, 1.000000
18.7717, -13.2523, 2.3056, 190.1093, 212.1093, 13.2523, 197.7678, -29.6581, -88.0191, 16.4414, 0.956505, -0.000285, 0.291716, -0.013252, 0.003306, 0.999946, -0.009865, 0.002306, -0.291697, 0.010400, 0.956454, 0.190109, 0.000000, 0.000000, 0.000000, 1.000000, -0.291697, 0.010400, 0.956454, 0.212109, -0.956505, 0.000285, -0.291716, 0.013252, -0.003306, -0.999946, 0.009865, 0.197768, 0.000000, 0.000000, 0.000000, 1.000000, -0.990670, 0.135024, -0.018503, -0.029658, -0.027505, -0.065110, 0.997499, -0.088019, 0.133481, 0.988701, 0.068216, 0.016441, 0.000000, 0.000000, 0.000000, 1.000000
18.9958, -13.4854, 2.3053, 190.1876, 212.1876, 13.4854, 197.7681, -29.7587, -87.8897, 16.4096, 0.955104, -0.000136, 0.296270, -0.013485, 0.003332, 0.999942, -0.010283, 0.002305, -0.296251, 0.010809, 0.955049, 0.190188, 0.000000, 0.000000, 0.000000, 1.000000, -0.296251, 0.010809, 0.955049, 0.212188, -0.955104, 0.000136, -0.296270, 0.013485, -0.003332, -0.999942, 0.010283, 0.197768, 0.000000, 0.000000, 0.000000, 1.000000, -0.990692, 0.134739, -0.019381, -0.029759, -0.028382, -0.065205, 0.997468, -0.087890, 0.133134, 0.988733, 0.068422, 0.016410, 0.000000, 0.000000, 0.000000, 1.000000
19.2529, -13.6554, 2.3065, 190.1969, 212.1969, 13.6554, 197.7669, -29.9883, -87.7928, 16.3861, 0.954206, -0.000499, 0.299150, -0.013655, 0.003250, 0.999957, -0.008699, 0.002307, -0.299133, 0.009273, 0.954167, 0.190197, 0.000000, 0.000000, 0.000000, 1.000000, -0.299133, 0.009273, 0.954167, 0.212197, -0.954206, 0.000499, -0.299150, 0.013655, -0.003250, -0.999957, 0.008699, 0.197767, 0.000000, 0.000000, 0.000000, 1.000000, -0.990775, 0.134361, -0.017683, -0.029988, -0.026938, -0.067382, 0.997364, -0.087793, 0.132816, 0.988639, 0.070380, 0.016386, 0.000000, 0.000000, 0.000000, 1.000000
19.5038, -13.8947, 2.3294, 190.3238, 212.3238, 13.8947, 197.7440, -30.1062, -87.6071, 16.3781, 0.953118, -0.000509, 0.302599, -0.013895, 0.003416, 0.999953, -0.009079, 0.002329, -0.302581, 0.009687, 0.953075, 0.190324, 0.000000, 0.000000, 0.000000, 1.000000, -0.302581, 0.009687, 0.953075, 0.212324, -0.953118, 0.000509, -0.302599, 0.013895, -0.003416, -0.999953, 0.009079, 0.197744, 0.000000, 0.000000, 0.000000, 1.000000, -0.990810, 0.134192, -0.016951, -0.030106, -0.026215, -0.067575, 0.997370, -0.087607, 0.132693, 0.988649, 0.070472, 0.016378, 0.000000, 0.000000, 0.000000, 1.000000
19.7385, -14.1208, 2.3054, 190.3799, 212.3799, 14.1208, 197.7681, -30.2372, -87.4910, 16.3231, 0.952229, -0.000516, 0.305383, -0.014121, 0.003526, 0.999950, -0.009305, 0.002305, -0.305363, 0.009937, 0.952184, 0.190380, 0.000000, 0.000000, 0.000000, 1.000000, -0.305363, 0.009937, 0.952184, 0.212380, -0.952229, 0.000516, -0.305383, 0.014121, -0.003526, -0.999950, 0.009305, 0.197768, 0.000000, 0.000000, 0.000000, 1.000000, -0.990857, 0.133992, -0.015793, -0.030237, -0.025077, -0.067887, 0.997378, -0.087491, 0.132569, 0.988654, 0.070626, 0.016323, 0.000000, 0.000000, 0.000000, 1.000000
19.9586, -14.3668, 2.3264, 190.5426, 212.5427, 14.3668, 197.7470, -30.2898, -87.2903, 16.3136, 0.950841, -0.000498, 0.309678, -0.014367, 0.003659, 0.999947, -0.009627, 0.002326, -0.309656, 0.010287, 0.950793, 0.190543, 0.000000, 0.000000, 0.000000, 1.000000, -0.309656, 0.010287, 0.950793, 0.212543, -0.950841, 0.000498, -0.309678, 0.014367, -0.003659, -0.999947, 0.009627, 0.197747, 0.000000, 0.000000, 0.000000, 1.000000, -0.990869, 0.133816, -0.016478, -0.030290, -0.025777, -0.068062, 0.997348, -0.087290, 0.132339, 0.988666, 0.070890, 0.016314, 0.000000, 0.000000, 0.000000, 1.000000
19.9995, -14.5254, 2.3169, 190.5707, 212.5707, 14.5254, 197.7566, -30.1948, -87.2863, 16.2818, 0.949866, -0.000429, 0.312657, -0.014525, 0.003449, 0.999953, -0.009108, 0.002317, -0.312639, 0.009730, 0.949822, 0.190571, 0.000000, 0.000000, 0.000000, 1.000000, -0.312639, 0.009730, 0.949822, 0.212571, -0.949866, 0.000429, -0.312657, 0.014525, -0.003449, -0.999953, 0.009108, 0.197757, 0.000000, 0.000000, 0.000000, 1.000000, -0.990865, 0.133539, -0.018805, -0.030195, -0.028181, -0.068670, 0.997241, -0.087286, 0.131879, 0.988662, 0.071806, 0.016282, 0.000000, 0.000000, 0.000000, 1.000000
20.0017, -14.6206, 2.3162, 190.6178, 212.6178, 14.6206, 197.7573, -30.0943, -87.2673, 16.2688, 0.949139, -0.000661, 0.314857, -0.014621, 0.003617, 0.999955, -0.008804, 0.002316, -0.314837, 0.009495, 0.949098, 0.190618, 0.000000, 0.000000, 0.000000, 1.000000, -0.314837, 0.009495, 0.949098, 0.212618, -0.949139, 0.000661, -0.314857, 0.014621, -0.003617, -0.999955, 0.008804, 0.197757, 0.000000, 0.000000, 0.000000, 1.000000, -0.990801, 0.133687, -0.021023, -0.030094, -0.030463, -0.068967, 0.997154, -0.087267, 0.131857, 0.988621, 0.072405, 0.016269, 0.000000, 0.000000, 0.000000, 1.000000
20.0021, -14.6381, 2.3102, 190.5925, 212.5925, 14.6381, 197.7633, -30.0866, -87.2957, 16.2594, 0.949089, -0.000466, 0.315008, -0.014638, 0.003605, 0.999950, -0.009382, 0.002310, -0.314987, 0.010040, 0.949043, 0.190592, 0.000000, 0.000000, 0.000000, 1.000000, -0.314987, 0.010040, 0.949043, 0.212592, -0.949089, 0.000466, -0.315008, 0.014638, -0.003605, -0.999950, 0.009382, 0.197763, 0.000000, 0.000000, 0.000000, 1.000000, -0.990799, 0.133662, -0.021250, -0.030087, -0.030613, -0.068390, 0.997189, -0.087296, 0.131833, 0.988664, 0.071853, 0.016259, 0.000000, 0.000000, 0.000000, 1.000000
