# Joint_B_Angle(deg), Cam_X(mm), Cam_Y(mm), Cam_Z(mm), Torso_X(mm), Torso_Y(mm), Torso_Z(mm), EE_X(mm), EE_Y(mm), EE_Z(mm), T_cam2marker_flat(16), T_torso2marker_flat(16), T_ee2marker_flat(16)
-19.7407, -20.4666, 11.4315, 384.1953, 453.1952, 29.4666, 245.6419, 19.3534, -22.2825, -52.6455, 0.290194, 0.954130, -0.073643, -0.020467, -0.943322, 0.298157, 0.145762, 0.011432, 0.161033, 0.027170, 0.986575, 0.384195, 0.000000, 0.000000, 0.000000, 1.000000, 0.161033, 0.027170, 0.986575, 0.453195, -0.290194, -0.954130, 0.073643, 0.029467, 0.943322, -0.298157, -0.145762, 0.245642, 0.000000, 0.000000, 0.000000, 1.000000, -0.996207, 0.045607, 0.074104, 0.019353, 0.066793, -0.145020, 0.987172, -0.022283, 0.055769, 0.988377, 0.141424, -0.052646, 0.000000, 0.000000, 0.000000, 1.000000
-19.4146, -20.6898, 12.0789, 384.0931, 453.0931, 29.6898, 244.9946, 19.0644, -22.6175, -52.7741, 0.288189, 0.955644, -0.060764, -0.020690, -0.944238, 0.294156, 0.147942, 0.012079, 0.159254, 0.014740, 0.987128, 0.384093, 0.000000, 0.000000, 0.000000, 1.000000, 0.159254, 0.014740, 0.987128, 0.453093, -0.288189, -0.955644, 0.060764, 0.029690, 0.944238, -0.294156, -0.147942, 0.244995, 0.000000, 0.000000, 0.000000, 1.000000, -0.996114, 0.047766, 0.073999, 0.019064, 0.065733, -0.156023, 0.985564, -0.022618, 0.058622, 0.986598, 0.152276, -0.052774, 0.000000, 0.000000, 0.000000, 1.000000
-19.0936, -20.9320, 12.8174, 384.3648, 453.3648, 29.9320, 244.2561, 18.8537, -22.5719, -52.8337, 0.283911, 0.955196, -0.083634, -0.020932, -0.946319, 0.293188, 0.136088, 0.012817, 0.154512, 0.040507, 0.987160, 0.384365, 0.000000, 0.000000, 0.000000, 1.000000, 0.154512, 0.040507, 0.987160, 0.453365, -0.283911, -0.955196, 0.083634, 0.029932, 0.946319, -0.293188, -0.136088, 0.244256, 0.000000, 0.000000, 0.000000, 1.000000, -0.996364, 0.050042, 0.068959, 0.018854, 0.062014, -0.129080, 0.989693, -0.022572, 0.058428, 0.990371, 0.125507, -0.052834, 0.000000, 0.000000, 0.000000, 1.000000
-18.8057, -21.3229, 13.8194, 384.0084, 453.0083, 30.3229, 243.2541, 19.0837, -23.0753, -53.0749, 0.278878, 0.956427, -0.086460, -0.021323, -0.947529, 0.288693, 0.137280, 0.013819, 0.156259, 0.043639, 0.986752, 0.384008, 0.000000, 0.000000, 0.000000, 1.000000, 0.156259, 0.043639, 0.986752, 0.453008, -0.278878, -0.956427, 0.086460, 0.030323, 0.947529, -0.288693, -0.137280, 0.243254, 0.000000, 0.000000, 0.000000, 1.000000, -0.996190, 0.049877, 0.071542, 0.019084, 0.064844, -0.124961, 0.990040, -0.023075, 0.058320, 0.990907, 0.121251, -0.053075, 0.000000, 0.000000, 0.000000, 1.000000
-18.5093, -21.6488, 14.6592, 384.4091, 453.4092, 30.6489, 242.4142, 19.0481, -22.8653, -53.1710, 0.277324, 0.957904, -0.074243, -0.021649, -0.950789, 0.284734, 0.122174, 0.014659, 0.138170, 0.036708, 0.989728, 0.384409, 0.000000, 0.000000, 0.000000, 1.000000, 0.138170, 0.036708, 0.989728, 0.453409, -0.277324, -0.957904, 0.074243, 0.030649, 0.950789, -0.284734, -0.122174, 0.242414, 0.000000, 0.000000, 0.000000, 1.000000, -0.997193, 0.051125, 0.054708, 0.019048, 0.047627, -0.130711, 0.990276, -0.022865, 0.057779, 0.990101, 0.127909, -0.053171, 0.000000, 0.000000, 0.000000, 1.000000
-18.2188, -22.0115, 15.4137, 384.2361, 453.2362, 31.0115, 241.6597, 19.0041, -23.2084, -53.4238, 0.269964, 0.960465, -0.068017, -0.022012, -0.949097, 0.277343, 0.149317, 0.015414, 0.162278, 0.024245, 0.986447, 0.384236, 0.000000, 0.000000, 0.000000, 1.000000, 0.162278, 0.024245, 0.986447, 0.453236, -0.269964, -0.960465, 0.068017, 0.031012, 0.949097, -0.277343, -0.149317, 0.241660, 0.000000, 0.000000, 0.000000, 1.000000, -0.995525, 0.049143, 0.080717, 0.019004, 0.073014, -0.142254, 0.987134, -0.023208, 0.059993, 0.988609, 0.138030, -0.053424, 0.000000, 0.000000, 0.000000, 1.000000
-17.9462, -22.4270, 16.5208, 384.8100, 453.8100, 31.4270, 240.5527, 19.3063, -22.7783, -53.5185, 0.264161, 0.962179, -0.066558, -0.022427, -0.953123, 0.270987, 0.134620, 0.016521, 0.147565, 0.027876, 0.988659, 0.384810, 0.000000, 0.000000, 0.000000, 1.000000, 0.147565, 0.027876, 0.988659, 0.453810, -0.264161, -0.962179, 0.066558, 0.031427, 0.953123, -0.270987, -0.134620, 0.240553, 0.000000, 0.000000, 0.000000, 1.000000, -0.996675, 0.046768, 0.066716, 0.019306, 0.059708, -0.137880, 0.988648, -0.022778, 0.055436, 0.989344, 0.134629, -0.053519, 0.000000, 0.000000, 0.000000, 1.000000
-17.6838, -22.6790, 17.3112, 384.9320, 453.9320, 31.6790, 239.7622, 19.3277, -22.8281, -53.6107, 0.260252, 0.962724, -0.073703, -0.022679, -0.954278, 0.268091, 0.132216, 0.017311, 0.147046, 0.035923, 0.988477, 0.384932, 0.000000, 0.000000, 0.000000, 1.000000, 0.147046, 0.035923, 0.988477, 0.453932, -0.260252, -0.962724, 0.073703, 0.031679, 0.954278, -0.268091, -0.132216, 0.239762, 0.000000, 0.000000, 0.000000, 1.000000, -0.996633, 0.047486, 0.066839, 0.019328, 0.060243, -0.128875, 0.989829, -0.022828, 0.055617, 0.990523, 0.125581, -0.053611, 0.000000, 0.000000, 0.000000, 1.000000
-17.4089, -23.0376, 18.0908, 384.9364, 453.9364, 32.0376, 238.9827, 19.3368, -22.9828, -53.8336, 0.257781, 0.964359, -0.059669, -0.023038, -0.956172, 0.263493, 0.127696, 0.018091, 0.138867, 0.024137, 0.990017, 0.384936, 0.000000, 0.000000, 0.000000, 1.000000, 0.138867, 0.024137, 0.990017, 0.453936, -0.257781, -0.964359, 0.059669, 0.032038, 0.956172, -0.263493, -0.127696, 0.238983, 0.000000, 0.000000, 0.000000, 1.000000, -0.997039, 0.048104, 0.059989, 0.019337, 0.052761, -0.139551, 0.988808, -0.022983, 0.055937, 0.989046, 0.136600, -0.053834, 0.000000, 0.000000, 0.000000, 1.000000
-17.1349, -23.2544, 18.9421, 385.2483, 454.2483, 32.2544, 238.1314, 19.3581, -22.8619, -53.8572, 0.255147, 0.963889, -0.076278, -0.023254, -0.959945, 0.261969, 0.099387, 0.018942, 0.115781, 0.047865, 0.992121, 0.385248, 0.000000, 0.000000, 0.000000, 1.000000, 0.115781, 0.047865, 0.992121, 0.454248, -0.255147, -0.963889, 0.076278, 0.032254, 0.959945, -0.261969, -0.099387, 0.238131, 0.000000, 0.000000, 0.000000, 1.000000, -0.998107, 0.049366, 0.036673, 0.019358, 0.030802, -0.114834, 0.992907, -0.022862, 0.053228, 0.992157, 0.113096, -0.053857, 0.000000, 0.000000, 0.000000, 1.000000
-16.8741, -23.5824, 19.6721, 385.3080, 454.3081, 32.5824, 237.4014, 19.3486, -22.9572, -54.0574, 0.250732, 0.966344, -0.057553, -0.023582, -0.960503, 0.255748, 0.109672, 0.019672, 0.120700, 0.027782, 0.992300, 0.385308, 0.000000, 0.000000, 0.000000, 1.000000, 0.120700, 0.027782, 0.992300, 0.454308, -0.250732, -0.966344, 0.057553, 0.032582, 0.960503, -0.255748, -0.109672, 0.237401, 0.000000, 0.000000, 0.000000, 1.000000, -0.997873, 0.048625, 0.043410, 0.019349, 0.036554, -0.133947, 0.990314, -0.022957, 0.053969, 0.989795, 0.131885, -0.054057, 0.000000, 0.000000, 0.000000, 1.000000
-16.6030, -23.9211, 20.5106, 385.3607, 454.3607, 32.9211, 236.5628, 19.4127, -23.0656, -54.2517, 0.246148, 0.968131, -0.046183, -0.023921, -0.960044, 0.250083, 0.125591, 0.020511, 0.133138, 0.013424, 0.991007, 0.385361, 0.000000, 0.000000, 0.000000, 1.000000, 0.133138, 0.013424, 0.991007, 0.454361, -0.246148, -0.968131, 0.046183, 0.032921, 0.960044, -0.250083, -0.125591, 0.236563, 0.000000, 0.000000, 0.000000, 1.000000, -0.997176, 0.048261, 0.057544, 0.019413, 0.049879, -0.147248, 0.987841, -0.023066, 0.056148, 0.987921, 0.144425, -0.054252, 0.000000, 0.000000, 0.000000, 1.000000
-16.3375, -24.2262, 21.2750, 385.4651, 454.4651, 33.2262, 235.7985, 19.4076, -23.1291, -54.4236, 0.239176, 0.969808, -0.047623, -0.024226, -0.959089, 0.243615, 0.144224, 0.021275, 0.151471, 0.011180, 0.988398, 0.385465, 0.000000, 0.000000, 0.000000, 1.000000, 0.151471, 0.011180, 0.988398, 0.454465, -0.239176, -0.969808, 0.047623, 0.033226, 0.959089, -0.243615, -0.144224, 0.235798, 0.000000, 0.000000, 0.000000, 1.000000, -0.995952, 0.046099, 0.077166, 0.019408, 0.069547, -0.148682, 0.986436, -0.023129, 0.056947, 0.987810, 0.144874, -0.054424, 0.000000, 0.000000, 0.000000, 1.000000
-16.0761, -24.4701, 22.1275, 385.6868, 454.6868, 33.4701, 234.9460, 19.4813, -23.0790, -54.5024, 0.234565, 0.970731, -0.051577, -0.024470, -0.961082, 0.239545, 0.137619, 0.022127, 0.145946, 0.017289, 0.989141, 0.385687, 0.000000, 0.000000, 0.000000, 1.000000, 0.145946, 0.017289, 0.989141, 0.454687, -0.234565, -0.970731, 0.051577, 0.033470, 0.961082, -0.239545, -0.137619, 0.234946, 0.000000, 0.000000, 0.000000, 1.000000, -0.996338, 0.045773, 0.072211, 0.019481, 0.065081, -0.141682, 0.987771, -0.023079, 0.055445, 0.988853, 0.138185, -0.054502, 0.000000, 0.000000, 0.000000, 1.000000
-15.8177, -24.7353, 22.8909, 385.5075, 454.5075, 33.7353, 234.1825, 19.5116, -23.4192, -54.6880, 0.232185, 0.971728, -0.042834, -0.024735, -0.962614, 0.235878, 0.133175, 0.022891, 0.139513, 0.010312, 0.990166, 0.385507, 0.000000, 0.000000, 0.000000, 1.000000, 0.139513, 0.010312, 0.990166, 0.454507, -0.232185, -0.971728, 0.042834, 0.033735, 0.962614, -0.235878, -0.133175, 0.234183, 0.000000, 0.000000, 0.000000, 1.000000, -0.996670, 0.046748, 0.066811, 0.019512, 0.059259, -0.147569, 0.987275, -0.023419, 0.056012, 0.987946, 0.144307, -0.054688, 0.000000, 0.000000, 0.000000, 1.000000
-15.5564, -24.8493, 23.5464, 386.0667, 455.0667, 33.8493, 233.5270, 19.3402, -23.0700, -54.6337, 0.232395, 0.970067, -0.070444, -0.024849, -0.968190, 0.237634, 0.078350, 0.023546, 0.092745, 0.049995, 0.994434, 0.386067, 0.000000, 0.000000, 0.000000, 1.000000, 0.092745, 0.049995, 0.994434, 0.455067, -0.232395, -0.970067, 0.070444, 0.033849, 0.968190, -0.237634, -0.078350, 0.233527, 0.000000, 0.000000, 0.000000, 1.000000, -0.998562, 0.050201, 0.018798, 0.019340, 0.013345, -0.106845, 0.994186, -0.023070, 0.051918, 0.993008, 0.106022, -0.054634, 0.000000, 0.000000, 0.000000, 1.000000
-15.2873, -25.1483, 24.2108, 385.8991, 454.8991, 34.1483, 232.8626, 19.2449, -23.4073, -54.8772, 0.223758, 0.973276, -0.051641, -0.025148, -0.963618, 0.228863, 0.138067, 0.024211, 0.146196, 0.018868, 0.989076, 0.385899, 0.000000, 0.000000, 0.000000, 1.000000, 0.146196, 0.018868, 0.989076, 0.454899, -0.223758, -0.973276, 0.051641, 0.034148, 0.963618, -0.228863, -0.138067, 0.232863, 0.000000, 0.000000, 0.000000, 1.000000, -0.996051, 0.047666, 0.074907, 0.019245, 0.067763, -0.137031, 0.988246, -0.023407, 0.057370, 0.989419, 0.133259, -0.054877, 0.000000, 0.000000, 0.000000, 1.000000
-15.0148, -25.4476, 24.9635, 385.8381, 454.8381, 34.4476, 232.1100, 19.2126, -23.6434, -55.0907, 0.218503, 0.974844, -0.043996, -0.025448, -0.962562, 0.222723, 0.154498, 0.024963, 0.160410, 0.008590, 0.987013, 0.385838, 0.000000, 0.000000, 0.000000, 1.000000, 0.160410, 0.008590, 0.987013, 0.454838, -0.218503, -0.974844, 0.043996, 0.034448, 0.962562, -0.222723, -0.154498, 0.232110, 0.000000, 0.000000, 0.000000, 1.000000, -0.994791, 0.046539, 0.090689, 0.019213, 0.083020, -0.146300, 0.985750, -0.023643, 0.059143, 0.988145, 0.141674, -0.055091, 0.000000, 0.000000, 0.000000, 1.000000
-14.7586, -25.6718, 25.8016, 386.1118, 455.1118, 34.6718, 231.2718, 19.2780, -23.5426, -55.1633, 0.215525, 0.975418, -0.045919, -0.025672, -0.966022, 0.219846, 0.135899, 0.025802, 0.142653, 0.015069, 0.989658, 0.386112, 0.000000, 0.000000, 0.000000, 1.000000, 0.142653, 0.015069, 0.989658, 0.455112, -0.215525, -0.975418, 0.045919, 0.034672, 0.966022, -0.219846, -0.135899, 0.231272, 0.000000, 0.000000, 0.000000, 1.000000, -0.996184, 0.047366, 0.073313, 0.019278, 0.066117, -0.138844, 0.988105, -0.023543, 0.056982, 0.989181, 0.135182, -0.055163, 0.000000, 0.000000, 0.000000, 1.000000
-14.4870, -25.9299, 26.5760, 386.1700, 455.1700, 34.9299, 230.4975, 19.2530, -23.6665, -55.3213, 0.209876, 0.976103, -0.056344, -0.025930, -0.964848, 0.216090, 0.149579, 0.026576, 0.158180, 0.022970, 0.987143, 0.386170, 0.000000, 0.000000, 0.000000, 1.000000, 0.158180, 0.022970, 0.987143, 0.455170, -0.209876, -0.976103, 0.056344, 0.034930, 0.964848, -0.216090, -0.149579, 0.230497, 0.000000, 0.000000, 0.000000, 1.000000, -0.994855, 0.047472, 0.089494, 0.019253, 0.082682, -0.129961, 0.988066, -0.023666, 0.058536, 0.990382, 0.125368, -0.055321, 0.000000, 0.000000, 0.000000, 1.000000
-14.2308, -26.2503, 27.4565, 386.3566, 455.3566, 35.2503, 229.6169, 19.3801, -23.6352, -55.5022, 0.209043, 0.977537, -0.026890, -0.026250, -0.970090, 0.210763, 0.120435, 0.027457, 0.123397, 0.000910, 0.992357, 0.386357, 0.000000, 0.000000, 0.000000, 1.000000, 0.123397, 0.000910, 0.992357, 0.455357, -0.209043, -0.977537, 0.026890, 0.035250, 0.970090, -0.210763, -0.120435, 0.229617, 0.000000, 0.000000, 0.000000, 1.000000, -0.997272, 0.047684, 0.056354, 0.019380, 0.048580, -0.150868, 0.987359, -0.023635, 0.055583, 0.987403, 0.148140, -0.055502, 0.000000, 0.000000, 0.000000, 1.000000
-13.9471, -26.4900, 28.2354, 386.4172, 455.4172, 35.4900, 228.8380, 19.3185, -23.7711, -55.6512, 0.205264, 0.978245, -0.030044, -0.026490, -0.971648, 0.207368, 0.113575, 0.028235, 0.117334, 0.005880, 0.993075, 0.386417, 0.000000, 0.000000, 0.000000, 1.000000, 0.117334, 0.005880, 0.993075, 0.455417, -0.205264, -0.978245, 0.030044, 0.035490, 0.971648, -0.207368, -0.113575, 0.228838, 0.000000, 0.000000, 0.000000, 1.000000, -0.997523, 0.048544, 0.050902, 0.019318, 0.043395, -0.144800, 0.988509, -0.023771, 0.055357, 0.988269, 0.142334, -0.055651, 0.000000, 0.000000, 0.000000, 1.000000
-13.6857, -26.8045, 29.2829, 386.3350, 455.3350, 35.8045, 227.7906, 19.6041, -24.0086, -55.8502, 0.199990, 0.979634, -0.017939, -0.026804, -0.974468, 0.200776, 0.100505, 0.029283, 0.102060, -0.002619, 0.994775, 0.386335, 0.000000, 0.000000, 0.000000, 1.000000, 0.102060, -0.002619, 0.994775, 0.455335, -0.199990, -0.979634, 0.017939, 0.035804, 0.974468, -0.200776, -0.100505, 0.227791, 0.000000, 0.000000, 0.000000, 1.000000, -0.998226, 0.046644, 0.036998, 0.019604, 0.029495, -0.152368, 0.987884, -0.024009, 0.051716, 0.987223, 0.150722, -0.055850, 0.000000, 0.000000, 0.000000, 1.000000
-13.3991, -26.9224, 29.8323, 386.5316, 455.5317, 35.9224, 227.2411, 19.2782, -24.0423, -55.9049, 0.196156, 0.980070, -0.031387, -0.026922, -0.973292, 0.198493, 0.115342, 0.029832, 0.119274, 0.007923, 0.992830, 0.386532, 0.000000, 0.000000, 0.000000, 1.000000, 0.119274, 0.007923, 0.992830, 0.455532, -0.196156, -0.980070, 0.031387, 0.035922, 0.973292, -0.198493, -0.115342, 0.227241, 0.000000, 0.000000, 0.000000, 1.000000, -0.997335, 0.048343, 0.054638, 0.019278, 0.047357, -0.140695, 0.988920, -0.024042, 0.055495, 0.988872, 0.138031, -0.055905, 0.000000, 0.000000, 0.000000, 1.000000
-13.1269, -27.2715, 30.8275, 386.7249, 455.7249, 36.2715, 226.2460, 19.4694, -24.0118, -56.1160, 0.186460, 0.982189, -0.023173, -0.027272, -0.969239, 0.187756, 0.159131, 0.030827, 0.160647, -0.007211, 0.986986, 0.386725, 0.000000, 0.000000, 0.000000, 1.000000, 0.160647, -0.007211, 0.986986, 0.455725, -0.186460, -0.982189, 0.023173, 0.036272, 0.969239, -0.187756, -0.159131, 0.226246, 0.000000, 0.000000, 0.000000, 1.000000, -0.994282, 0.042864, 0.097810, 0.019469, 0.090095, -0.155027, 0.983793, -0.024012, 0.057333, 0.986980, 0.150279, -0.056116, 0.000000, 0.000000, 0.000000, 1.000000
-12.8430, -27.5592, 31.7874, 387.0258, 456.0258, 36.5592, 225.2860, 19.5724, -23.8985, -56.2645, 0.185158, 0.982613, -0.013722, -0.027559, -0.976979, 0.185567, 0.105244, 0.031787, 0.105961, -0.006081, 0.994352, 0.387026, 0.000000, 0.000000, 0.000000, 1.000000, 0.105961, -0.006081, 0.994352, 0.456026, -0.185158, -0.982613, 0.013722, 0.036559, 0.976979, -0.185567, -0.105244, 0.225286, 0.000000, 0.000000, 0.000000, 1.000000, -0.998023, 0.045215, 0.043661, 0.019572, 0.036290, -0.152646, 0.987614, -0.023899, 0.051320, 0.987246, 0.150703, -0.056264, 0.000000, 0.000000, 0.000000, 1.000000
-12.5343, -27.7239, 32.5820, 386.8966, 455.8966, 36.7239, 224.4915, 19.4412, -24.2622, -56.3910, 0.182824, 0.983119, -0.007256, -0.027724, -0.978237, 0.182643, 0.098455, 0.032582, 0.098118, -0.010902, 0.995115, 0.386897, 0.000000, 0.000000, 0.000000, 1.000000, 0.098118, -0.010902, 0.995115, 0.455897, -0.182824, -0.983119, 0.007256, 0.036724, 0.978237, -0.182643, -0.098455, 0.224491, 0.000000, 0.000000, 0.000000, 1.000000, -0.998177, 0.047584, 0.037126, 0.019441, 0.029282, -0.156063, 0.987313, -0.024262, 0.052774, 0.986600, 0.154385, -0.056391, 0.000000, 0.000000, 0.000000, 1.000000
-12.2144, -27.9454, 33.3505, 386.9498, 455.9498, 36.9454, 223.7229, 19.2496, -24.4457, -56.5551, 0.175467, 0.984395, -0.013312, -0.027945, -0.976012, 0.175711, 0.128558, 0.033351, 0.128891, -0.009565, 0.991613, 0.386950, 0.000000, 0.000000, 0.000000, 1.000000, 0.128891, -0.009565, 0.991613, 0.455950, -0.175467, -0.984395, 0.013312, 0.036945, 0.976012, -0.175711, -0.128558, 0.223723, 0.000000, 0.000000, 0.000000, 1.000000, -0.996575, 0.045713, 0.068905, 0.019250, 0.061144, -0.153616, 0.986237, -0.024446, 0.055669, 0.987073, 0.150295, -0.056555, 0.000000, 0.000000, 0.000000, 1.000000
-11.9010, -28.2419, 34.4026, 386.7327, 455.7327, 37.2419, 222.6709, 19.3825, -24.8684, -56.7959, 0.172107, 0.985078, 0.000284, -0.028242, -0.980158, 0.171219, 0.099876, 0.034403, 0.098337, -0.017468, 0.995000, 0.386733, 0.000000, 0.000000, 0.000000, 1.000000, 0.098337, -0.017468, 0.995000, 0.455733, -0.172107, -0.985078, -0.000284, 0.037242, 0.980158, -0.171219, -0.099876, 0.222671, 0.000000, 0.000000, 0.000000, 1.000000, -0.998121, 0.046772, 0.039579, 0.019383, 0.031617, -0.160139, 0.986588, -0.024868, 0.052483, 0.985986, 0.158359, -0.056796, 0.000000, 0.000000, 0.000000, 1.000000
-11.6198, -28.4841, 35.1884, 387.1766, 456.1766, 37.4841, 221.8850, 19.2988, -24.6302, -56.9215, 0.167783, 0.985823, -0.001093, -0.028484, -0.979873, 0.166891, 0.109531, 0.035188, 0.108161, -0.017307, 0.993983, 0.387177, 0.000000, 0.000000, 0.000000, 1.000000, 0.108161, -0.017307, 0.993983, 0.456177, -0.167783, -0.985823, 0.001093, 0.037484, 0.979873, -0.166891, -0.109531, 0.221885, 0.000000, 0.000000, 0.000000, 1.000000, -0.997624, 0.046959, 0.050417, 0.019299, 0.042371, -0.158867, 0.986390, -0.024630, 0.054330, 0.986183, 0.156500, -0.056922, 0.000000, 0.000000, 0.000000, 1.000000
-11.3313, -28.7261, 36.2417, 387.2145, 456.2145, 37.7261, 220.8318, 19.4839, -24.7872, -57.0778, 0.161329, 0.986883, -0.005902, -0.028726, -0.980226, 0.160930, 0.115146, 0.036242, 0.114586, -0.012791, 0.993331, 0.387214, 0.000000, 0.000000, 0.000000, 1.000000, 0.114586, -0.012791, 0.993331, 0.456214, -0.161329, -0.986883, 0.005902, 0.037726, 0.980226, -0.160930, -0.115146, 0.220832, 0.000000, 0.000000, 0.000000, 1.000000, -0.997313, 0.045380, 0.057514, 0.019484, 0.049935, -0.153361, 0.986908, -0.024787, 0.053606, 0.987128, 0.150683, -0.057078, 0.000000, 0.000000, 0.000000, 1.000000
-11.0112, -28.8975, 37.1441, 387.4002, 456.4002, 37.8975, 219.9294, 19.4038, -24.8456, -57.1739, 0.156971, 0.987434, -0.018299, -0.028897, -0.981746, 0.158028, 0.105839, 0.037144, 0.107401, 0.001351, 0.994215, 0.387400, 0.000000, 0.000000, 0.000000, 1.000000, 0.107401, 0.001351, 0.994215, 0.456400, -0.156971, -0.987434, 0.018299, 0.037897, 0.981746, -0.158028, -0.105839, 0.219929, 0.000000, 0.000000, 0.000000, 1.000000, -0.997617, 0.046872, 0.050635, 0.019404, 0.043739, -0.137982, 0.989468, -0.024846, 0.053365, 0.989325, 0.135603, -0.057174, 0.000000, 0.000000, 0.000000, 1.000000
-10.7238, -29.1785, 37.8558, 387.3891, 456.3891, 38.1785, 219.2177, 19.2578, -25.0592, -57.4254, 0.152346, 0.988185, 0.016773, -0.029179, -0.981824, 0.149378, 0.117083, 0.037856, 0.113194, -0.034305, 0.992980, 0.387389, 0.000000, 0.000000, 0.000000, 1.000000, 0.113194, -0.034305, 0.992980, 0.456389, -0.152346, -0.988185, -0.016773, 0.038179, 0.981824, -0.149378, -0.117083, 0.219218, 0.000000, 0.000000, 0.000000, 1.000000, -0.997250, 0.044913, 0.058957, 0.019258, 0.050403, -0.172243, 0.983764, -0.025059, 0.054339, 0.984030, 0.169505, -0.057425, 0.000000, 0.000000, 0.000000, 1.000000
-10.4535, -29.3963, 39.0199, 387.6693, 456.6693, 38.3963, 218.0535, 19.5910, -24.9589, -57.5240, 0.146873, 0.989152, -0.002513, -0.029396, -0.984167, 0.146387, 0.099929, 0.039020, 0.099213, -0.012204, 0.994991, 0.387669, 0.000000, 0.000000, 0.000000, 1.000000, 0.099213, -0.012204, 0.994991, 0.456669, -0.146873, -0.989152, 0.002513, 0.038396, 0.984167, -0.146387, -0.099929, 0.218054, 0.000000, 0.000000, 0.000000, 1.000000, -0.997987, 0.045043, 0.044640, 0.019591, 0.037458, -0.149300, 0.988082, -0.024959, 0.051171, 0.987765, 0.147312, -0.057524, 0.000000, 0.000000, 0.000000, 1.000000
-10.1659, -29.5925, 39.7601, 387.4575, 456.4575, 38.5925, 217.3133, 19.4707, -25.3843, -57.7244, 0.144059, 0.989474, 0.013723, -0.029592, -0.984525, 0.141913, 0.102815, 0.039760, 0.099785, -0.028322, 0.994606, 0.387458, 0.000000, 0.000000, 0.000000, 1.000000, 0.099785, -0.028322, 0.994606, 0.456458, -0.144059, -0.989474, -0.013723, 0.038592, 0.984525, -0.141913, -0.102815, 0.217313, 0.000000, 0.000000, 0.000000, 1.000000, -0.997835, 0.046144, 0.046869, 0.019471, 0.038714, -0.164026, 0.985696, -0.025384, 0.053172, 0.985376, 0.161885, -0.057724, 0.000000, 0.000000, 0.000000, 1.000000
-9.8903, -29.8075, 40.5827, 387.8033, 456.8033, 38.8075, 216.4907, 19.4404, -25.2408, -57.8587, 0.138128, 0.990377, 0.008653, -0.029808, -0.984511, 0.136347, 0.110213, 0.040583, 0.107972, -0.023743, 0.993870, 0.387803, 0.000000, 0.000000, 0.000000, 1.000000, 0.107972, -0.023743, 0.993870, 0.456803, -0.138128, -0.990377, -0.008653, 0.038808, 0.984511, -0.136347, -0.110213, 0.216491, 0.000000, 0.000000, 0.000000, 1.000000, -0.997445, 0.044778, 0.055663, 0.019440, 0.047921, -0.158472, 0.986200, -0.025241, 0.052981, 0.986348, 0.155921, -0.057859, 0.000000, 0.000000, 0.000000, 1.000000
-9.5985, -29.9639, 41.3892, 387.9550, 456.9550, 38.9639, 215.6843, 19.3484, -25.3140, -57.9706, 0.133695, 0.990982, 0.008969, -0.029964, -0.983994, 0.131666, 0.120086, 0.041389, 0.117822, -0.024880, 0.992723, 0.387955, 0.000000, 0.000000, 0.000000, 1.000000, 0.117822, -0.024880, 0.992723, 0.456955, -0.133695, -0.990982, -0.008969, 0.038964, 0.983994, -0.131666, -0.120086, 0.215684, 0.000000, 0.000000, 0.000000, 1.000000, -0.996779, 0.044899, 0.066456, 0.019348, 0.058578, -0.158409, 0.985634, -0.025314, 0.054781, 0.986352, 0.155269, -0.057971, 0.000000, 0.000000, 0.000000, 1.000000
-9.3083, -30.1572, 42.2272, 388.0493, 457.0493, 39.1572, 214.8463, 19.2981, -25.4362, -58.1273, 0.129630, 0.991499, 0.011196, -0.030157, -0.986651, 0.127857, 0.100856, 0.042227, 0.098567, -0.024121, 0.994838, 0.388049, 0.000000, 0.000000, 0.000000, 1.000000, 0.098567, -0.024121, 0.994838, 0.457049, -0.129630, -0.991499, -0.011196, 0.039157, 0.986651, -0.127857, -0.100856, 0.214846, 0.000000, 0.000000, 0.000000, 1.000000, -0.997801, 0.045773, 0.047939, 0.019298, 0.040238, -0.156430, 0.986869, -0.025436, 0.052671, 0.986628, 0.154244, -0.058127, 0.000000, 0.000000, 0.000000, 1.000000
-9.0433, -30.3670, 43.3380, 388.1184, 457.1184, 39.3670, 213.7355, 19.5935, -25.5509, -58.2793, 0.123909, 0.992238, 0.010489, -0.030367, -0.986812, 0.122108, 0.106261, 0.043338, 0.104155, -0.023517, 0.994283, 0.388118, 0.000000, 0.000000, 0.000000, 1.000000, 0.104155, -0.023517, 0.994283, 0.457118, -0.123909, -0.992238, -0.010489, 0.039367, 0.986812, -0.122108, -0.106261, 0.213735, 0.000000, 0.000000, 0.000000, 1.000000, -0.997535, 0.044263, 0.054445, 0.019593, 0.046989, -0.154846, 0.986821, -0.025551, 0.052111, 0.986947, 0.152385, -0.058279, 0.000000, 0.000000, 0.000000, 1.000000
-8.7884, -30.5135, 43.7942, 387.8808, 456.8808, 39.5135, 213.2793, 19.2839, -25.9899, -58.4669, 0.120344, 0.992304, 0.029166, -0.030513, -0.986086, 0.116093, 0.118983, 0.043794, 0.114681, -0.043079, 0.992468, 0.387881, 0.000000, 0.000000, 0.000000, 1.000000, 0.114681, -0.043079, 0.992468, 0.456881, -0.120344, -0.992304, -0.029166, 0.039513, 0.986086, -0.116093, -0.118983, 0.213279, 0.000000, 0.000000, 0.000000, 1.000000, -0.996837, 0.043426, 0.066564, 0.019284, 0.058108, -0.173180, 0.983174, -0.025990, 0.054223, 0.983932, 0.170109, -0.058467, 0.000000, 0.000000, 0.000000, 1.000000
-8.5230, -30.6672, 44.6831, 388.2375, 457.2375, 39.6672, 212.3903, 19.3373, -25.8356, -58.5504, 0.116192, 0.993102, 0.015750, -0.030667, -0.987924, 0.113921, 0.105019, 0.044683, 0.102500, -0.027762, 0.994346, 0.388238, 0.000000, 0.000000, 0.000000, 1.000000, 0.102500, -0.027762, 0.994346, 0.457238, -0.116192, -0.993102, -0.015750, 0.039667, 0.987924, -0.113921, -0.105019, 0.212390, 0.000000, 0.000000, 0.000000, 1.000000, -0.997508, 0.044759, 0.054534, 0.019337, 0.046892, -0.156893, 0.986502, -0.025836, 0.052710, 0.986601, 0.154403, -0.058550, 0.000000, 0.000000, 0.000000, 1.000000
-8.2457, -30.8186, 45.3971, 387.9668, 456.9668, 39.8186, 211.6764, 19.2154, -26.3183, -58.7348, 0.111669, 0.993324, 0.028952, -0.030819, -0.988109, 0.107890, 0.109545, 0.045397, 0.105690, -0.040841, 0.993560, 0.387967, 0.000000, 0.000000, 0.000000, 1.000000, 0.105690, -0.040841, 0.993560, 0.456967, -0.111669, -0.993324, -0.028952, 0.039819, 0.988109, -0.107890, -0.109545, 0.211676, 0.000000, 0.000000, 0.000000, 1.000000, -0.997290, 0.043915, 0.059020, 0.019215, 0.050825, -0.168722, 0.984352, -0.026318, 0.053186, 0.984685, 0.166033, -0.058735, 0.000000, 0.000000, 0.000000, 1.000000
-7.9462, -31.0133, 46.5844, 388.8564, 457.8564, 40.0133, 210.4891, 19.4379, -25.6525, -58.7864, 0.105930, 0.994373, 0.001205, -0.031013, -0.988071, 0.105123, 0.112536, 0.046584, 0.111776, -0.013111, 0.993647, 0.388856, 0.000000, 0.000000, 0.000000, 1.000000, 0.111776, -0.013111, 0.993647, 0.457856, -0.105930, -0.994373, -0.001205, 0.040013, 0.988071, -0.105123, -0.112536, 0.210489, 0.000000, 0.000000, 0.000000, 1.000000, -0.996899, 0.044642, 0.064799, 0.019438, 0.057980, -0.140013, 0.988451, -0.025653, 0.053199, 0.989143, 0.136990, -0.058786, 0.000000, 0.000000, 0.000000, 1.000000
-7.6368, -31.2351, 47.3641, 388.5341, 457.5341, 40.2351, 209.7093, 19.2871, -26.2054, -59.0562, 0.101296, 0.994090, 0.039036, -0.031235, -0.988389, 0.096093, 0.117701, 0.047364, 0.113254, -0.050506, 0.992282, 0.388534, 0.000000, 0.000000, 0.000000, 1.000000, 0.113254, -0.050506, 0.992282, 0.457534, -0.101296, -0.994090, -0.039036, 0.040235, 0.988389, -0.096093, -0.117701, 0.209709, 0.000000, 0.000000, 0.000000, 1.000000, -0.996734, 0.042498, 0.068673, 0.019287, 0.060201, -0.175820, 0.982580, -0.026205, 0.053832, 0.983505, 0.172687, -0.059056, 0.000000, 0.000000, 0.000000, 1.000000
-7.3477, -31.4000, 48.2135, 388.9507, 457.9507, 40.4000, 208.8599, 19.2247, -26.0156, -59.1706, 0.095701, 0.994981, 0.029210, -0.031400, -0.988501, 0.091544, 0.120359, 0.048214, 0.117081, -0.040392, 0.992301, 0.388951, 0.000000, 0.000000, 0.000000, 1.000000, 0.117081, -0.040392, 0.992301, 0.457951, -0.095701, -0.994981, -0.029210, 0.040400, 0.988501, -0.091544, -0.120359, 0.208860, 0.000000, 0.000000, 0.000000, 1.000000, -0.996449, 0.042151, 0.072883, 0.019225, 0.065023, -0.164652, 0.984206, -0.026016, 0.053485, 0.985451, 0.161326, -0.059171, 0.000000, 0.000000, 0.000000, 1.000000
-7.0802, -31.5433, 49.3242, 389.1041, 458.1041, 40.5433, 207.7493, 19.4980, -26.0609, -59.2835, 0.091114, 0.995596, 0.022063, -0.031543, -0.990163, 0.088210, 0.108614, 0.049324, 0.106190, -0.031742, 0.993839, 0.389104, 0.000000, 0.000000, 0.000000, 1.000000, 0.106190, -0.031742, 0.993839, 0.458104, -0.091114, -0.995596, -0.022063, 0.040543, 0.990163, -0.088210, -0.108614, 0.207749, 0.000000, 0.000000, 0.000000, 1.000000, -0.997131, 0.042746, 0.062464, 0.019498, 0.055147, -0.154958, 0.986381, -0.026061, 0.051843, 0.986996, 0.152156, -0.059284, 0.000000, 0.000000, 0.000000, 1.000000
-6.7917, -31.6538, 50.1352, 389.3461, 458.3461, 40.6538, 206.9382, 19.4045, -26.0518, -59.3777, 0.086076, 0.996261, 0.007450, -0.031654, -0.989163, 0.084566, 0.120026, 0.050135, 0.118947, -0.017700, 0.992743, 0.389346, 0.000000, 0.000000, 0.000000, 1.000000, 0.118947, -0.017700, 0.992743, 0.458346, -0.086076, -0.996261, -0.007450, 0.040654, 0.989163, -0.084566, -0.120026, 0.206938, 0.000000, 0.000000, 0.000000, 1.000000, -0.996216, 0.043177, 0.075429, 0.019405, 0.068731, -0.139820, 0.987789, -0.026052, 0.053196, 0.989235, 0.136323, -0.059378, 0.000000, 0.000000, 0.000000, 1.000000
-6.5041, -31.8067, 50.9423, 389.5667, 458.5667, 40.8067, 206.1312, 19.3118, -26.0583, -59.5204, 0.082166, 0.996551, 0.011629, -0.031807, -0.989820, 0.080240, 0.117546, 0.050942, 0.116208, -0.021169, 0.992999, 0.389567, 0.000000, 0.000000, 0.000000, 1.000000, 0.116208, -0.021169, 0.992999, 0.458567, -0.082166, -0.996551, -0.011629, 0.040807, 0.989820, -0.080240, -0.117546, 0.206131, 0.000000, 0.000000, 0.000000, 1.000000, -0.996328, 0.043718, 0.073618, 0.019312, 0.066742, -0.142021, 0.987611, -0.026058, 0.053632, 0.988898, 0.138582, -0.059520, 0.000000, 0.000000, 0.000000, 1.000000
-6.2077, -31.9648, 51.7294, 389.3956, 458.3956, 40.9648, 205.3440, 19.1896, -26.4609, -59.7220, 0.076884, 0.996600, 0.029622, -0.031965, -0.990361, 0.072902, 0.117773, 0.051729, 0.115213, -0.038391, 0.992599, 0.389396, 0.000000, 0.000000, 0.000000, 1.000000, 0.115213, -0.038391, 0.992599, 0.458396, -0.076884, -0.996600, -0.029622, 0.040965, 0.990361, -0.072902, -0.117773, 0.205344, 0.000000, 0.000000, 0.000000, 1.000000, -0.996368, 0.042000, 0.074068, 0.019190, 0.066583, -0.157899, 0.985208, -0.026461, 0.053074, 0.986562, 0.154529, -0.059722, 0.000000, 0.000000, 0.000000, 1.000000
-5.9251, -32.1137, 52.5863, 389.7985, 458.7985, 41.1137, 204.4871, 19.1482, -26.2842, -59.8432, 0.073062, 0.997082, 0.022140, -0.032114, -0.990068, 0.069838, 0.122018, 0.052586, 0.120116, -0.030835, 0.992281, 0.389799, 0.000000, 0.000000, 0.000000, 1.000000, 0.120116, -0.030835, 0.992281, 0.458799, -0.073062, -0.997082, -0.022140, 0.041114, 0.990068, -0.069838, -0.122018, 0.204487, 0.000000, 0.000000, 0.000000, 1.000000, -0.995892, 0.043207, 0.079576, 0.019148, 0.072326, -0.149173, 0.986162, -0.026284, 0.054480, 0.987867, 0.145435, -0.059843, 0.000000, 0.000000, 0.000000, 1.000000
-5.6637, -32.2735, 53.6657, 389.5573, 458.5572, 41.2735, 203.4078, 19.4254, -26.7137, -60.0464, 0.067237, 0.997278, 0.030258, -0.032273, -0.991984, 0.063566, 0.109207, 0.053666, 0.106986, -0.037358, 0.993558, 0.389557, 0.000000, 0.000000, 0.000000, 1.000000, 0.106986, -0.037358, 0.993558, 0.458557, -0.067237, -0.997278, -0.030258, 0.041273, 0.991984, -0.063566, -0.109207, 0.203408, 0.000000, 0.000000, 0.000000, 1.000000, -0.996869, 0.041494, 0.067305, 0.019425, 0.060146, -0.154597, 0.986145, -0.026714, 0.051324, 0.987106, 0.151618, -0.060046, 0.000000, 0.000000, 0.000000, 1.000000
-5.4044, -32.3846, 54.5322, 389.8215, 458.8215, 41.3846, 202.5413, 19.4722, -26.6550, -60.1514, 0.062212, 0.997454, 0.034871, -0.032385, -0.992356, 0.058088, 0.108882, 0.054532, 0.106579, -0.041378, 0.993443, 0.389822, 0.000000, 0.000000, 0.000000, 1.000000, 0.106579, -0.041378, 0.993443, 0.458822, -0.062212, -0.997454, -0.034871, 0.041385, 0.992356, -0.058088, -0.108882, 0.202541, 0.000000, 0.000000, 0.000000, 1.000000, -0.996884, 0.040419, 0.067741, 0.019472, 0.060591, -0.157519, 0.985655, -0.026655, 0.050509, 0.986688, 0.154579, -0.060151, 0.000000, 0.000000, 0.000000, 1.000000
-5.1313, -32.5066, 55.3392, 390.1143, 459.1143, 41.5066, 201.7343, 19.4135, -26.5838, -60.2721, 0.057998, 0.997954, 0.026895, -0.032507, -0.991493, 0.054436, 0.118232, 0.055339, 0.116526, -0.033524, 0.992622, 0.390114, 0.000000, 0.000000, 0.000000, 1.000000, 0.116526, -0.033524, 0.992622, 0.459114, -0.057998, -0.997954, -0.026895, 0.041507, 0.991493, -0.054436, -0.118232, 0.201734, 0.000000, 0.000000, 0.000000, 1.000000, -0.996100, 0.040905, 0.078180, 0.019414, 0.071313, -0.148558, 0.986329, -0.026584, 0.051960, 0.988057, 0.145062, -0.060272, 0.000000, 0.000000, 0.000000, 1.000000
-4.8766, -32.6456, 56.1710, 390.2115, 459.2116, 41.6456, 200.9024, 19.4477, -26.6839, -60.4324, 0.053613, 0.997912, 0.036007, -0.032646, -0.992106, 0.049138, 0.115373, 0.056171, 0.113363, -0.041908, 0.992669, 0.390212, 0.000000, 0.000000, 0.000000, 1.000000, 0.113363, -0.041908, 0.992669, 0.459212, -0.053613, -0.997912, -0.036007, 0.041646, 0.992106, -0.049138, -0.115373, 0.200902, 0.000000, 0.000000, 0.000000, 1.000000, -0.996304, 0.040120, 0.075951, 0.019448, 0.068845, -0.155797, 0.985387, -0.026684, 0.051367, 0.986974, 0.152459, -0.060432, 0.000000, 0.000000, 0.000000, 1.000000
-4.6046, -32.7323, 56.7356, 390.4557, 459.4558, 41.7323, 200.3379, 19.1485, -26.6748, -60.5337, 0.050488, 0.997910, 0.040332, -0.032732, -0.992904, 0.045799, 0.109744, 0.056736, 0.107667, -0.045587, 0.993141, 0.390456, 0.000000, 0.000000, 0.000000, 1.000000, 0.107667, -0.045587, 0.993141, 0.459456, -0.050488, -0.997910, -0.040332, 0.041732, 0.992904, -0.045799, -0.109744, 0.200338, 0.000000, 0.000000, 0.000000, 1.000000, -0.996600, 0.041355, 0.071268, 0.019149, 0.063897, -0.158218, 0.985335, -0.026675, 0.052024, 0.986538, 0.155037, -0.060534, 0.000000, 0.000000, 0.000000, 1.000000
-4.3392, -32.8148, 57.5319, 390.2226, 459.2226, 41.8148, 199.5416, 19.1264, -27.1201, -60.6839, 0.045745, 0.997818, 0.047605, -0.032815, -0.993252, 0.040349, 0.108730, 0.057532, 0.106572, -0.052257, 0.992931, 0.390223, 0.000000, 0.000000, 0.000000, 1.000000, 0.106572, -0.052257, 0.992931, 0.459223, -0.045745, -0.997818, -0.047605, 0.041815, 0.993252, -0.040349, -0.108730, 0.199542, 0.000000, 0.000000, 0.000000, 1.000000, -0.996656, 0.040525, 0.070955, 0.019126, 0.063431, -0.163700, 0.984469, -0.027120, 0.051510, 0.985678, 0.160582, -0.060684, 0.000000, 0.000000, 0.000000, 1.000000
-4.0757, -32.9081, 58.3906, 390.5933, 459.5933, 41.9081, 198.6829, 19.1412, -26.9664, -60.7793, 0.041284, 0.998508, 0.035744, -0.032908, -0.993021, 0.037049, 0.111970, 0.058391, 0.110479, -0.040117, 0.993069, 0.390593, 0.000000, 0.000000, 0.000000, 1.000000, 0.110479, -0.040117, 0.993069, 0.459593, -0.041284, -0.998508, -0.035744, 0.041908, 0.993021, -0.037049, -0.111970, 0.198683, 0.000000, 0.000000, 0.000000, 1.000000, -0.996325, 0.041059, 0.075167, 0.019141, 0.068203, -0.150534, 0.986249, -0.026966, 0.051809, 0.987752, 0.147181, -0.060779, 0.000000, 0.000000, 0.000000, 1.000000
-3.8123, -33.0276, 59.1630, 390.5298, 459.5298, 42.0276, 197.9105, 19.0923, -27.2394, -60.9532, 0.036970, 0.998503, 0.040307, -0.033028, -0.993551, 0.032400, 0.108656, 0.059163, 0.107187, -0.044064, 0.993262, 0.390530, 0.000000, 0.000000, 0.000000, 1.000000, 0.107187, -0.044064, 0.993262, 0.459530, -0.036970, -0.998503, -0.040307, 0.042028, 0.993551, -0.032400, -0.108656, 0.197910, 0.000000, 0.000000, 0.000000, 1.000000, -0.996525, 0.040890, 0.072566, 0.019092, 0.065510, -0.153300, 0.986006, -0.027239, 0.051442, 0.987333, 0.150089, -0.060953, 0.000000, 0.000000, 0.000000, 1.000000
-3.5413, -33.1349, 60.0240, 391.0694, 460.0694, 42.1349, 197.0495, 19.0772, -26.9252, -61.0534, 0.032889, 0.998782, 0.036791, -0.033135, -0.993099, 0.028511, 0.113764, 0.060024, 0.112576, -0.040279, 0.992826, 0.391069, 0.000000, 0.000000, 0.000000, 1.000000, 0.112576, -0.040279, 0.992826, 0.460069, -0.032889, -0.998782, -0.036791, 0.042135, 0.993099, -0.028511, -0.113764, 0.197049, 0.000000, 0.000000, 0.000000, 1.000000, -0.996046, 0.041278, 0.078672, 0.019077, 0.071755, -0.148366, 0.986326, -0.026925, 0.052386, 0.988071, 0.144817, -0.061053, 0.000000, 0.000000, 0.000000, 1.000000
-3.2656, -33.2157, 60.8747, 390.8777, 459.8778, 42.2157, 196.1987, 19.0668, -27.3424, -61.2124, 0.028442, 0.998564, 0.045390, -0.033216, -0.993945, 0.023431, 0.107353, 0.060875, 0.106135, -0.048169, 0.993184, 0.390878, 0.000000, 0.000000, 0.000000, 1.000000, 0.106135, -0.048169, 0.993184, 0.459878, -0.028442, -0.998564, -0.045390, 0.042216, 0.993945, -0.023431, -0.107353, 0.196199, 0.000000, 0.000000, 0.000000, 1.000000, -0.996472, 0.040990, 0.073240, 0.019067, 0.066073, -0.154986, 0.985705, -0.027342, 0.051755, 0.987066, 0.151730, -0.061212, 0.000000, 0.000000, 0.000000, 1.000000
-2.9979, -33.3162, 62.0072, 391.4623, 460.4624, 42.3163, 195.0662, 19.3392, -26.9658, -61.3140, 0.022570, 0.999071, 0.036698, -0.033316, -0.993676, 0.018380, 0.110773, 0.062007, 0.109996, -0.038966, 0.993168, 0.391462, 0.000000, 0.000000, 0.000000, 1.000000, 0.109996, -0.038966, 0.993168, 0.460462, -0.022570, -0.999071, -0.036698, 0.042316, 0.993676, -0.018380, -0.110773, 0.195066, 0.000000, 0.000000, 0.000000, 1.000000, -0.996213, 0.040036, 0.077186, 0.019339, 0.070652, -0.144735, 0.986945, -0.026966, 0.050685, 0.988660, 0.141358, -0.061314, 0.000000, 0.000000, 0.000000, 1.000000
-2.7461, -33.3938, 62.8299, 391.5081, 460.5080, 42.3938, 194.2435, 19.3639, -27.1278, -61.4481, 0.017757, 0.999027, 0.040369, -0.033394, -0.993430, 0.013063, 0.113697, 0.062830, 0.113059, -0.042123, 0.992695, 0.391508, 0.000000, 0.000000, 0.000000, 1.000000, 0.113059, -0.042123, 0.992695, 0.460508, -0.017757, -0.999027, -0.040369, 0.042394, 0.993430, -0.013063, -0.113697, 0.194244, 0.000000, 0.000000, 0.000000, 1.000000, -0.995949, 0.038945, 0.081051, 0.019364, 0.074530, -0.146800, 0.986354, -0.027128, 0.050312, 0.988399, 0.143303, -0.061448, 0.000000, 0.000000, 0.000000, 1.000000
-2.4809, -33.4559, 63.2900, 391.2154, 460.2154, 42.4559, 193.7835, 18.9960, -27.6534, -61.5991, 0.015686, 0.998783, 0.046751, -0.033456, -0.995017, 0.010988, 0.099103, 0.063290, 0.098468, -0.048073, 0.993978, 0.391215, 0.000000, 0.000000, 0.000000, 1.000000, 0.098468, -0.048073, 0.993978, 0.460215, -0.015686, -0.998783, -0.046751, 0.042456, 0.995017, -0.010988, -0.099103, 0.193783, 0.000000, 0.000000, 0.000000, 1.000000, -0.996863, 0.041403, 0.067454, 0.018996, 0.060471, -0.151435, 0.986616, -0.027653, 0.051064, 0.987600, 0.148457, -0.061599, 0.000000, 0.000000, 0.000000, 1.000000
-2.1997, -33.5746, 64.1778, 391.6449, 460.6449, 42.5746, 192.8956, 18.9780, -27.4561, -61.7464, 0.010667, 0.998743, 0.048983, -0.033575, -0.994073, 0.005292, 0.108589, 0.064178, 0.108193, -0.049851, 0.992879, 0.391645, 0.000000, 0.000000, 0.000000, 1.000000, 0.108193, -0.049851, 0.992879, 0.460645, -0.010667, -0.998743, -0.048983, 0.042575, 0.994073, -0.005292, -0.108589, 0.192896, 0.000000, 0.000000, 0.000000, 1.000000, -0.996139, 0.040366, 0.077963, 0.018978, 0.070997, -0.151997, 0.985828, -0.027456, 0.051644, 0.987556, 0.148544, -0.061746, 0.000000, 0.000000, 0.000000, 1.000000
-1.9463, -33.6382, 64.9858, 391.6559, 460.6559, 42.6382, 192.0877, 18.9852, -27.6549, -61.8790, 0.006021, 0.998875, 0.047037, -0.033638, -0.994216, 0.000935, 0.107394, 0.064986, 0.107230, -0.047412, 0.993103, 0.391656, 0.000000, 0.000000, 0.000000, 1.000000, 0.107230, -0.047412, 0.993103, 0.460656, -0.006021, -0.998875, -0.047037, 0.042638, 0.994216, -0.000935, -0.107394, 0.192088, 0.000000, 0.000000, 0.000000, 1.000000, -0.996191, 0.040096, 0.077433, 0.018985, 0.070695, -0.148469, 0.986387, -0.027655, 0.051047, 0.988104, 0.145069, -0.061879, 0.000000, 0.000000, 0.000000, 1.000000
-1.6809, -33.7280, 65.8506, 391.9667, 460.9667, 42.7280, 191.2229, 18.9949, -27.5664, -62.0148, 0.001528, 0.998731, 0.050330, -0.033728, -0.994567, -0.003720, 0.104030, 0.065851, 0.104085, -0.050215, 0.993300, 0.391967, 0.000000, 0.000000, 0.000000, 1.000000, 0.104085, -0.050215, 0.993300, 0.460967, -0.001528, -0.998731, -0.050330, 0.042728, 0.994567, 0.003720, -0.104030, 0.191223, 0.000000, 0.000000, 0.000000, 1.000000, -0.996376, 0.039857, 0.075139, 0.018995, 0.068376, -0.150081, 0.986306, -0.027566, 0.050589, 0.987870, 0.146812, -0.062015, 0.000000, 0.000000, 0.000000, 1.000000
-1.4082, -33.7628, 66.6305, 391.9450, 460.9450, 42.7628, 190.4430, 18.9142, -27.8207, -62.1312, -0.002242, 0.998575, 0.053314, -0.033763, -0.993811, -0.008146, 0.110781, 0.066630, 0.111058, -0.052735, 0.992414, 0.391945, 0.000000, 0.000000, 0.000000, 1.000000, 0.111058, -0.052735, 0.992414, 0.460945, 0.002242, -0.998575, -0.053314, 0.042763, 0.993811, 0.008146, -0.110781, 0.190443, 0.000000, 0.000000, 0.000000, 1.000000, -0.995763, 0.039985, 0.082812, 0.018914, 0.075886, -0.151358, 0.985562, -0.027821, 0.051942, 0.987670, 0.147683, -0.062131, 0.000000, 0.000000, 0.000000, 1.000000
-1.1476, -33.8211, 67.5637, 392.6333, 461.6333, 42.8211, 189.5097, 18.9970, -27.3529, -62.2088, -0.006810, 0.999006, 0.044062, -0.033821, -0.994167, -0.011506, 0.107239, 0.067564, 0.107639, -0.043074, 0.993256, 0.392633, 0.000000, 0.000000, 0.000000, 1.000000, 0.107639, -0.043074, 0.993256, 0.461633, 0.006810, -0.999006, -0.044062, 0.042821, 0.994167, 0.011506, -0.107239, 0.189510, 0.000000, 0.000000, 0.000000, 1.000000, -0.995993, 0.040618, 0.079672, 0.018997, 0.073246, -0.140606, 0.987352, -0.027353, 0.051306, 0.989232, 0.137068, -0.062209, 0.000000, 0.000000, 0.000000, 1.000000
-0.8787, -33.8840, 68.2922, 392.3912, 461.3912, 42.8840, 188.7812, 18.8785, -27.8239, -62.3786, -0.011863, 0.998669, 0.050189, -0.033884, -0.993232, -0.017568, 0.114813, 0.068292, 0.115542, -0.048487, 0.992119, 0.392391, 0.000000, 0.000000, 0.000000, 1.000000, 0.115542, -0.048487, 0.992119, 0.461391, 0.011863, -0.998669, -0.050189, 0.042884, 0.993232, 0.017568, -0.114813, 0.188781, 0.000000, 0.000000, 0.000000, 1.000000, -0.995319, 0.039122, 0.088375, 0.018879, 0.081861, -0.144818, 0.986066, -0.027824, 0.051375, 0.988685, 0.140937, -0.062379, 0.000000, 0.000000, 0.000000, 1.000000
-0.6124, -33.9255, 69.1811, 392.7594, 461.7594, 42.9255, 187.8924, 18.9123, -27.6810, -62.4787, -0.015891, 0.998848, 0.045271, -0.033926, -0.994526, -0.020466, 0.102464, 0.069181, 0.103272, -0.043395, 0.993706, 0.392759, 0.000000, 0.000000, 0.000000, 1.000000, 0.103272, -0.043395, 0.993706, 0.461759, 0.015891, -0.998848, -0.045271, 0.042926, 0.994526, 0.020466, -0.102464, 0.187892, 0.000000, 0.000000, 0.000000, 1.000000, -0.996252, 0.040470, 0.076442, 0.018912, 0.070171, -0.138530, 0.987869, -0.027681, 0.050569, 0.989531, 0.135171, -0.062479, 0.000000, 0.000000, 0.000000, 1.000000
-0.3448, -34.0052, 70.0225, 392.7880, 461.7880, 43.0052, 187.0510, 18.8962, -27.8791, -62.6513, -0.020084, 0.998719, 0.046445, -0.034005, -0.993888, -0.024987, 0.107528, 0.070023, 0.108551, -0.044002, 0.993117, 0.392788, 0.000000, 0.000000, 0.000000, 1.000000, 0.108551, -0.044002, 0.993117, 0.461788, 0.020084, -0.998719, -0.046445, 0.043005, 0.993888, 0.024987, -0.107528, 0.187051, 0.000000, 0.000000, 0.000000, 1.000000, -0.995777, 0.040347, 0.082459, 0.018896, 0.076185, -0.137936, 0.987507, -0.027879, 0.051217, 0.989619, 0.134280, -0.062651, 0.000000, 0.000000, 0.000000, 1.000000
-0.0683, -34.0257, 70.8058, 392.5336, 461.5336, 43.0257, 186.2677, 18.8076, -28.3735, -62.7927, -0.024266, 0.998180, 0.055205, -0.034026, -0.994855, -0.029545, 0.096905, 0.070806, 0.098360, -0.052570, 0.993761, 0.392534, 0.000000, 0.000000, 0.000000, 1.000000, 0.098360, -0.052570, 0.993761, 0.461534, 0.024266, -0.998180, -0.055205, 0.043026, 0.994855, 0.029545, -0.096905, 0.186268, 0.000000, 0.000000, 0.000000, 1.000000, -0.996490, 0.040536, 0.073246, 0.018808, 0.066654, -0.145180, 0.987157, -0.028374, 0.050649, 0.988574, 0.141969, -0.062793, 0.000000, 0.000000, 0.000000, 1.000000
0.1916, -34.1016, 71.7105, 392.9689, 461.9689, 43.1016, 185.3630, 18.8675, -28.1574, -62.9331, -0.029304, 0.997802, 0.059432, -0.034102, -0.994492, -0.035090, 0.098768, 0.071710, 0.100636, -0.056210, 0.993334, 0.392969, 0.000000, 0.000000, 0.000000, 1.000000, 0.100636, -0.056210, 0.993334, 0.461969, 0.029304, -0.997802, -0.059432, 0.043102, 0.994492, 0.035090, -0.098768, 0.185363, 0.000000, 0.000000, 0.000000, 1.000000, -0.996313, 0.039332, 0.076242, 0.018867, 0.069669, -0.147653, 0.986582, -0.028157, 0.050061, 0.988257, 0.144369, -0.062933, 0.000000, 0.000000, 0.000000, 1.000000
0.4573, -34.1398, 72.5248, 393.1855, 462.1855, 43.1398, 184.5487, 18.8283, -28.1704, -63.0554, -0.032716, 0.997966, 0.054719, -0.034140, -0.994888, -0.037751, 0.093664, 0.072525, 0.095539, -0.051375, 0.994099, 0.393185, 0.000000, 0.000000, 0.000000, 1.000000, 0.095539, -0.051375, 0.994099, 0.462185, 0.032716, -0.997966, -0.054719, 0.043140, 0.994888, 0.037751, -0.093664, 0.184549, 0.000000, 0.000000, 0.000000, 1.000000, -0.996596, 0.040920, 0.071565, 0.018828, 0.065118, -0.141611, 0.987778, -0.028170, 0.050555, 0.989076, 0.138465, -0.063055, 0.000000, 0.000000, 0.000000, 1.000000
0.7247, -34.1753, 73.4049, 393.7974, 462.7974, 43.1753, 183.6685, 18.8389, -27.7898, -63.1485, -0.037287, 0.998031, 0.050438, -0.034175, -0.993003, -0.042664, 0.110114, 0.073405, 0.112049, -0.045979, 0.992638, 0.393797, 0.000000, 0.000000, 0.000000, 1.000000, 0.112049, -0.045979, 0.992638, 0.462797, 0.037287, -0.998031, -0.050438, 0.043175, 0.993003, 0.042664, -0.110114, 0.183669, 0.000000, 0.000000, 0.000000, 1.000000, -0.995270, 0.040282, 0.088401, 0.018839, 0.082237, -0.135064, 0.987418, -0.027790, 0.051715, 0.990018, 0.131112, -0.063149, 0.000000, 0.000000, 0.000000, 1.000000
0.9949, -34.2018, 74.0690, 393.2707, 462.2707, 43.2018, 183.0044, 18.6492, -28.5571, -63.3219, -0.041922, 0.996924, 0.066222, -0.034202, -0.993276, -0.048744, 0.105005, 0.074069, 0.107910, -0.061375, 0.992264, 0.393271, 0.000000, 0.000000, 0.000000, 1.000000, 0.107910, -0.061375, 0.992264, 0.462271, 0.041922, -0.996924, -0.066222, 0.043202, 0.993276, 0.048744, -0.105005, 0.183004, 0.000000, 0.000000, 0.000000, 1.000000, -0.995570, 0.038935, 0.085583, 0.018649, 0.078899, -0.149143, 0.985663, -0.028557, 0.051140, 0.988049, 0.145411, -0.063322, 0.000000, 0.000000, 0.000000, 1.000000
1.2500, -34.2183, 74.9889, 393.6646, 462.6646, 43.2183, 182.0845, 18.7434, -28.3831, -63.4248, -0.047273, 0.997300, 0.056204, -0.034218, -0.993310, -0.052870, 0.102664, 0.074989, 0.105358, -0.050975, 0.993127, 0.393665, 0.000000, 0.000000, 0.000000, 1.000000, 0.105358, -0.050975, 0.993127, 0.462665, 0.047273, -0.997300, -0.056204, 0.043218, 0.993310, 0.052870, -0.102664, 0.182085, 0.000000, 0.000000, 0.000000, 1.000000, -0.995786, 0.038787, 0.083099, 0.018743, 0.077043, -0.137673, 0.987477, -0.028383, 0.049742, 0.989718, 0.134105, -0.063425, 0.000000, 0.000000, 0.000000, 1.000000
1.5275, -34.2422, 75.8677, 394.0033, 463.0033, 43.2422, 181.2058, 18.7236, -28.2884, -63.5449, -0.051656, 0.997391, 0.050426, -0.034242, -0.993606, -0.056405, 0.097807, 0.075868, 0.100396, -0.045051, 0.993927, 0.394003, 0.000000, 0.000000, 0.000000, 1.000000, 0.100396, -0.045051, 0.993927, 0.463003, 0.051656, -0.997391, -0.050426, 0.043242, 0.993606, 0.056405, -0.097807, 0.181206, 0.000000, 0.000000, 0.000000, 1.000000, -0.996120, 0.039685, 0.078550, 0.018724, 0.072772, -0.130504, 0.988774, -0.028288, 0.049490, 0.990653, 0.127109, -0.063545, 0.000000, 0.000000, 0.000000, 1.000000
1.7769, -34.2447, 76.6712, 393.9474, 462.9474, 43.2447, 180.4022, 18.7338, -28.5605, -63.6701, -0.055469, 0.996780, 0.057909, -0.034245, -0.993818, -0.060705, 0.092952, 0.076671, 0.096168, -0.052395, 0.993985, 0.393947, 0.000000, 0.000000, 0.000000, 1.000000, 0.096168, -0.052395, 0.993985, 0.462947, 0.055469, -0.996780, -0.057909, 0.043245, 0.993818, 0.060705, -0.092952, 0.180402, 0.000000, 0.000000, 0.000000, 1.000000, -0.996393, 0.039631, 0.075034, 0.018734, 0.068983, -0.136646, 0.988215, -0.028561, 0.049417, 0.989827, 0.133420, -0.063670, 0.000000, 0.000000, 0.000000, 1.000000
2.0599, -34.2672, 77.4962, 394.0477, 463.0477, 43.2672, 179.5772, 18.6458, -28.7120, -63.8125, -0.060231, 0.996364, 0.060264, -0.034267, -0.993469, -0.065699, 0.093291, 0.077496, 0.096911, -0.054251, 0.993813, 0.394048, 0.000000, 0.000000, 0.000000, 1.000000, 0.096911, -0.054251, 0.993813, 0.463048, 0.060231, -0.996364, -0.060264, 0.043267, 0.993469, 0.065699, -0.093291, 0.179577, 0.000000, 0.000000, 0.000000, 1.000000, -0.996293, 0.039298, 0.076523, 0.018646, 0.070477, -0.137201, 0.988033, -0.028712, 0.049327, 0.989763, 0.133923, -0.063813, 0.000000, 0.000000, 0.000000, 1.000000
2.3201, -34.2697, 78.3681, 394.3267, 463.3267, 43.2697, 178.7053, 18.6800, -28.6601, -63.9250, -0.064820, 0.995891, 0.063238, -0.034270, -0.993114, -0.070576, 0.093503, 0.078368, 0.097582, -0.056741, 0.993609, 0.394327, 0.000000, 0.000000, 0.000000, 1.000000, 0.097582, -0.056741, 0.993609, 0.463327, 0.064820, -0.995891, -0.063238, 0.043270, 0.993114, 0.070576, -0.093503, 0.178705, 0.000000, 0.000000, 0.000000, 1.000000, -0.996224, 0.038740, 0.077701, 0.018680, 0.071656, -0.138485, 0.987769, -0.028660, 0.049026, 0.989607, 0.135186, -0.063925, 0.000000, 0.000000, 0.000000, 1.000000
2.5926, -34.2614, 79.2003, 394.5864, 463.5864, 43.2614, 177.8731, 18.6316, -28.6449, -64.0305, -0.068674, 0.996127, 0.054905, -0.034261, -0.993009, -0.073548, 0.092323, 0.079200, 0.096004, -0.048181, 0.994214, 0.394586, 0.000000, 0.000000, 0.000000, 1.000000, 0.096004, -0.048181, 0.994214, 0.463586, 0.068674, -0.996127, -0.054905, 0.043261, 0.993009, 0.073548, -0.092323, 0.177873, 0.000000, 0.000000, 0.000000, 1.000000, -0.996269, 0.040092, 0.076428, 0.018632, 0.070703, -0.128699, 0.989160, -0.028645, 0.049494, 0.990873, 0.125384, -0.064030, 0.000000, 0.000000, 0.000000, 1.000000
2.8637, -34.2996, 79.9898, 394.6378, 463.6379, 43.2996, 177.0836, 18.5410, -28.8356, -64.1974, -0.073325, 0.995651, 0.057473, -0.034300, -0.992279, -0.078614, 0.095926, 0.079990, 0.100027, -0.049995, 0.993728, 0.394638, 0.000000, 0.000000, 0.000000, 1.000000, 0.100027, -0.049995, 0.993728, 0.463638, 0.073325, -0.995651, -0.057473, 0.043300, 0.992279, 0.078614, -0.095926, 0.177084, 0.000000, 0.000000, 0.000000, 1.000000, -0.995916, 0.039484, 0.081193, 0.018541, 0.075483, -0.129267, 0.988733, -0.028836, 0.049535, 0.990823, 0.125759, -0.064197, 0.000000, 0.000000, 0.000000, 1.000000
3.1269, -34.3120, 80.8558, 394.9491, 463.9491, 43.3120, 176.2177, 18.5561, -28.7544, -64.3291, -0.077986, 0.994909, 0.063826, -0.034312, -0.992020, -0.083802, 0.094197, 0.080856, 0.099067, -0.055971, 0.993505, 0.394949, 0.000000, 0.000000, 0.000000, 1.000000, 0.099067, -0.055971, 0.993505, 0.463949, 0.077986, -0.994909, -0.063826, 0.043312, 0.992020, 0.083802, -0.094197, 0.176218, 0.000000, 0.000000, 0.000000, 1.000000, -0.995976, 0.038713, 0.080830, 0.018556, 0.074986, -0.133992, 0.988141, -0.028754, 0.049085, 0.990226, 0.130550, -0.064329, 0.000000, 0.000000, 0.000000, 1.000000
3.3952, -34.3176, 81.6850, 395.0691, 464.0691, 43.3176, 175.3884, 18.5126, -28.8774, -64.4696, -0.083029, 0.994290, 0.067030, -0.034318, -0.991574, -0.089139, 0.093997, 0.081685, 0.099435, -0.058661, 0.993313, 0.395069, 0.000000, 0.000000, 0.000000, 1.000000, 0.099435, -0.058661, 0.993313, 0.464069, 0.083029, -0.994290, -0.067030, 0.043318, 0.991574, 0.089139, -0.093997, 0.175388, 0.000000, 0.000000, 0.000000, 1.000000, -0.995917, 0.037775, 0.081991, 0.018513, 0.076190, -0.135445, 0.987851, -0.028877, 0.048422, 0.990064, 0.132014, -0.064470, 0.000000, 0.000000, 0.000000, 1.000000
3.6554, -34.3072, 82.5383, 395.1745, 464.1745, 43.3072, 174.5352, 18.5292, -29.0020, -64.6007, -0.086537, 0.993751, 0.070497, -0.034307, -0.991379, -0.092886, 0.092410, 0.082538, 0.098381, -0.061892, 0.993222, 0.395174, 0.000000, 0.000000, 0.000000, 1.000000, 0.098381, -0.061892, 0.993222, 0.464174, 0.086537, -0.993751, -0.070497, 0.043307, 0.991379, 0.092886, -0.092410, 0.174535, 0.000000, 0.000000, 0.000000, 1.000000, -0.995936, 0.038341, 0.081496, 0.018529, 0.075526, -0.137426, 0.987629, -0.029002, 0.049067, 0.989770, 0.133971, -0.064601, 0.000000, 0.000000, 0.000000, 1.000000
3.9307, -34.3287, 83.3814, 395.4584, 464.4584, 43.3287, 173.6921, 18.4732, -28.9654, -64.7546, -0.090802, 0.993707, 0.065585, -0.034329, -0.991358, -0.096455, 0.088915, 0.083381, 0.094681, -0.056944, 0.993878, 0.395458, 0.000000, 0.000000, 0.000000, 1.000000, 0.094681, -0.056944, 0.993878, 0.464458, 0.090802, -0.993707, -0.065585, 0.043329, 0.991358, 0.096455, -0.088915, 0.173692, 0.000000, 0.000000, 0.000000, 1.000000, -0.996164, 0.039216, 0.078221, 0.018473, 0.072469, -0.131213, 0.988702, -0.028965, 0.049037, 0.990578, 0.127868, -0.064755, 0.000000, 0.000000, 0.000000, 1.000000
4.1939, -34.2623, 84.1216, 395.3800, 464.3800, 43.2623, 172.9519, 18.3756, -29.2855, -64.8366, -0.095566, 0.993042, 0.068811, -0.034262, -0.991101, -0.101358, 0.086287, 0.084122, 0.092661, -0.059953, 0.993891, 0.395380, 0.000000, 0.000000, 0.000000, 1.000000, 0.092661, -0.059953, 0.993891, 0.464380, 0.095566, -0.993042, -0.068811, 0.043262, 0.991101, 0.101358, -0.086287, 0.172952, 0.000000, 0.000000, 0.000000, 1.000000, -0.996302, 0.038659, 0.076736, 0.018376, 0.070981, -0.132980, 0.988574, -0.029285, 0.048421, 0.990364, 0.129745, -0.064837, 0.000000, 0.000000, 0.000000, 1.000000
4.4681, -34.2694, 84.9704, 395.7283, 464.7283, 43.2694, 172.1030, 18.3266, -29.1861, -64.9794, -0.100323, 0.992432, 0.070805, -0.034269, -0.990179, -0.106553, 0.090508, 0.084970, 0.097367, -0.061030, 0.993376, 0.395728, 0.000000, 0.000000, 0.000000, 1.000000, 0.097367, -0.061030, 0.993376, 0.464728, 0.100323, -0.992432, -0.070805, 0.043269, 0.990179, 0.106553, -0.090508, 0.172103, 0.000000, 0.000000, 0.000000, 1.000000, -0.995903, 0.037941, 0.082083, 0.018327, 0.076389, -0.132784, 0.988197, -0.029186, 0.048392, 0.990418, 0.129342, -0.064979, 0.000000, 0.000000, 0.000000, 1.000000
4.7274, -34.2339, 85.7592, 395.5174, 464.5174, 43.2339, 171.3142, 18.2842, -29.6327, -65.1135, -0.104029, 0.991728, 0.075183, -0.034234, -0.990433, -0.110191, 0.083071, 0.085759, 0.090669, -0.065822, 0.993703, 0.395517, 0.000000, 0.000000, 0.000000, 1.000000, 0.090669, -0.065822, 0.993703, 0.464517, 0.104029, -0.991728, -0.075183, 0.043234, 0.990433, 0.110191, -0.083071, 0.171314, 0.000000, 0.000000, 0.000000, 1.000000, -0.996354, 0.038581, 0.076095, 0.018284, 0.070192, -0.136314, 0.988176, -0.029633, 0.048498, 0.989914, 0.133109, -0.065113, 0.000000, 0.000000, 0.000000, 1.000000
4.9977, -34.2357, 86.7224, 396.2737, 465.2737, 43.2357, 170.3510, 18.3590, -29.1169, -65.2466, -0.108571, 0.991797, 0.067463, -0.034236, -0.989986, -0.114033, 0.083214, 0.086722, 0.090224, -0.057753, 0.994246, 0.396274, 0.000000, 0.000000, 0.000000, 1.000000, 0.090224, -0.057753, 0.994246, 0.465274, 0.108571, -0.991797, -0.067463, 0.043236, 0.989986, 0.114033, -0.083214, 0.170351, 0.000000, 0.000000, 0.000000, 1.000000, -0.996362, 0.039111, 0.075720, 0.018359, 0.070206, -0.127014, 0.989413, -0.029117, 0.048314, 0.991130, 0.123806, -0.065247, 0.000000, 0.000000, 0.000000, 1.000000
5.2506, -34.2161, 87.4677, 396.0679, 465.0679, 43.2161, 169.6057, 18.2879, -29.5541, -65.3947, -0.113138, 0.990598, 0.076916, -0.034216, -0.988941, -0.119743, 0.087503, 0.087468, 0.095890, -0.066166, 0.993190, 0.396068, 0.000000, 0.000000, 0.000000, 1.000000, 0.095890, -0.066166, 0.993190, 0.465068, 0.113138, -0.990598, -0.076916, 0.043216, 0.988941, 0.119743, -0.087503, 0.169606, 0.000000, 0.000000, 0.000000, 1.000000, -0.995908, 0.037574, 0.082187, 0.018288, 0.076471, -0.134211, 0.987998, -0.029554, 0.048153, 0.990240, 0.130789, -0.065395, 0.000000, 0.000000, 0.000000, 1.000000
5.5266, -34.1907, 88.3935, 396.5100, 465.5100, 43.1907, 168.6799, 18.3109, -29.3636, -65.5276, -0.117684, 0.990283, 0.074092, -0.034191, -0.988598, -0.123887, 0.085591, 0.088394, 0.093939, -0.063175, 0.993572, 0.396510, 0.000000, 0.000000, 0.000000, 1.000000, 0.093939, -0.063175, 0.993572, 0.465510, 0.117684, -0.990283, -0.074092, 0.043191, 0.988598, 0.123887, -0.085591, 0.168680, 0.000000, 0.000000, 0.000000, 1.000000, -0.996021, 0.037915, 0.080650, 0.018311, 0.075109, -0.129932, 0.988674, -0.029364, 0.047964, 0.990798, 0.126567, -0.065528, 0.000000, 0.000000, 0.000000, 1.000000
5.7942, -34.1215, 89.1542, 396.3780, 465.3780, 43.1215, 167.9193, 18.2093, -29.7473, -65.6324, -0.122067, 0.989560, 0.076623, -0.034121, -0.988473, -0.128172, 0.080578, 0.089154, 0.089558, -0.065904, 0.993799, 0.396378, 0.000000, 0.000000, 0.000000, 1.000000, 0.089558, -0.065904, 0.993799, 0.465378, 0.122067, -0.989560, -0.076623, 0.043121, 0.988473, 0.128172, -0.080578, 0.167919, 0.000000, 0.000000, 0.000000, 1.000000, -0.996306, 0.037990, 0.077009, 0.018209, 0.071416, -0.131381, 0.988756, -0.029747, 0.047681, 0.990604, 0.128183, -0.065632, 0.000000, 0.000000, 0.000000, 1.000000
6.0559, -34.0499, 90.2748, 396.6559, 465.6559, 43.0499, 166.7986, 18.4840, -29.7020, -65.7701, -0.127042, 0.989413, 0.070164, -0.034050, -0.988308, -0.132277, 0.075824, 0.090275, 0.084303, -0.059711, 0.994650, 0.396656, 0.000000, 0.000000, 0.000000, 1.000000, 0.084303, -0.059711, 0.994650, 0.465656, 0.127042, -0.989413, -0.070164, 0.043050, 0.988308, 0.132277, -0.075824, 0.166799, 0.000000, 0.000000, 0.000000, 1.000000, -0.996689, 0.038148, 0.071801, 0.018484, 0.066577, -0.123978, 0.990049, -0.029702, 0.046670, 0.991551, 0.121028, -0.065770, 0.000000, 0.000000, 0.000000, 1.000000
6.3136, -34.0131, 90.8607, 396.8210, 465.8210, 43.0131, 166.2128, 18.2318, -29.7819, -65.8628, -0.130518, 0.988583, 0.075285, -0.034013, -0.987727, -0.136224, 0.076404, 0.090861, 0.085787, -0.064389, 0.994231, 0.396821, 0.000000, 0.000000, 0.000000, 1.000000, 0.085787, -0.064389, 0.994231, 0.465821, 0.130518, -0.988583, -0.075285, 0.043013, 0.987727, 0.136224, -0.076404, 0.166213, 0.000000, 0.000000, 0.000000, 1.000000, -0.996514, 0.038412, 0.074058, 0.018232, 0.068624, -0.127404, 0.989474, -0.029782, 0.047443, 0.991107, 0.124324, -0.065863, 0.000000, 0.000000, 0.000000, 1.000000
6.5909, -34.0072, 91.6632, 397.2874, 466.2874, 43.0072, 165.4102, 18.1246, -29.5705, -66.0099, -0.135310, 0.987603, 0.079574, -0.034007, -0.986235, -0.141955, 0.084793, 0.091663, 0.095038, -0.067005, 0.993216, 0.397287, 0.000000, 0.000000, 0.000000, 1.000000, 0.095038, -0.067005, 0.993216, 0.466287, 0.135310, -0.987603, -0.079574, 0.043007, 0.986235, 0.141955, -0.084793, 0.165410, 0.000000, 0.000000, 0.000000, 1.000000, -0.995789, 0.037203, 0.083783, 0.018125, 0.078369, -0.128703, 0.988582, -0.029570, 0.047561, 0.990985, 0.125245, -0.066010, 0.000000, 0.000000, 0.000000, 1.000000
6.8572, -33.9399, 92.5065, 397.1443, 466.1443, 42.9399, 164.5670, 18.1065, -29.9623, -66.1437, -0.139597, 0.986810, 0.081968, -0.033940, -0.986085, -0.146085, 0.079345, 0.092506, 0.090273, -0.069751, 0.993472, 0.397144, 0.000000, 0.000000, 0.000000, 1.000000, 0.090273, -0.069751, 0.993472, 0.466144, 0.139597, -0.986810, -0.081968, 0.042940, 0.986085, 0.146085, -0.079345, 0.164567, 0.000000, 0.000000, 0.000000, 1.000000, -0.996119, 0.037400, 0.079680, 0.018107, 0.074200, -0.130163, 0.988712, -0.029962, 0.047349, 0.990787, 0.126882, -0.066144, 0.000000, 0.000000, 0.000000, 1.000000
7.1163, -33.8591, 93.3314, 397.4496, 466.4496, 42.8591, 163.7421, 18.0940, -29.8984, -66.2360, -0.143959, 0.986156, 0.082289, -0.033859, -0.985261, -0.150597, 0.081119, 0.093331, 0.092389, -0.069398, 0.993302, 0.397450, 0.000000, 0.000000, 0.000000, 1.000000, 0.092389, -0.069398, 0.993302, 0.466450, 0.143959, -0.986156, -0.082289, 0.042859, 0.985261, 0.150597, -0.081119, 0.163742, 0.000000, 0.000000, 0.000000, 1.000000, -0.995930, 0.037108, 0.082137, 0.018094, 0.076753, -0.128577, 0.988725, -0.029898, 0.047250, 0.991005, 0.125206, -0.066236, 0.000000, 0.000000, 0.000000, 1.000000
7.3927, -33.8228, 94.3029, 397.8536, 466.8536, 42.8228, 162.7706, 18.1581, -29.7480, -66.4005, -0.147084, 0.986058, 0.077822, -0.033823, -0.985541, -0.152788, 0.073243, 0.094303, 0.084112, -0.065924, 0.994273, 0.397854, 0.000000, 0.000000, 0.000000, 1.000000, 0.084112, -0.065924, 0.994273, 0.466854, 0.147084, -0.986058, -0.077822, 0.042823, 0.985541, 0.152788, -0.073243, 0.162771, 0.000000, 0.000000, 0.000000, 1.000000, -0.996458, 0.039444, 0.074265, 0.018158, 0.068879, -0.123764, 0.989918, -0.029748, 0.048238, 0.991527, 0.120609, -0.066401, 0.000000, 0.000000, 0.000000, 1.000000
7.6485, -33.7740, 94.9774, 397.8594, 466.8594, 42.7740, 162.0960, 18.0009, -29.9847, -66.5203, -0.153376, 0.984367, 0.086590, -0.033774, -0.983882, -0.160276, 0.079297, 0.094977, 0.091936, -0.073032, 0.993083, 0.397859, 0.000000, 0.000000, 0.000000, 1.000000, 0.091936, -0.073032, 0.993083, 0.466859, 0.153376, -0.984367, -0.086590, 0.042774, 0.983882, 0.160276, -0.079297, 0.162096, 0.000000, 0.000000, 0.000000, 1.000000, -0.995924, 0.036056, 0.082677, 0.018001, 0.077369, -0.129659, 0.988536, -0.029985, 0.046362, 0.990903, 0.126341, -0.066520, 0.000000, 0.000000, 0.000000, 1.000000
7.9163, -33.6214, 95.9027, 397.9783, 466.9783, 42.6214, 161.1708, 18.0684, -30.1207, -66.5856, -0.155103, 0.985040, 0.075094, -0.033621, -0.984982, -0.160034, 0.064798, 0.095903, 0.075846, -0.063916, 0.995069, 0.397978, 0.000000, 0.000000, 0.000000, 1.000000, 0.075846, -0.063916, 0.995069, 0.466978, 0.155103, -0.985040, -0.075094, 0.042621, 0.984982, 0.160034, -0.064798, 0.161171, 0.000000, 0.000000, 0.000000, 1.000000, -0.996924, 0.040715, 0.066963, 0.018068, 0.061691, -0.119244, 0.990947, -0.030121, 0.048331, 0.992030, 0.116365, -0.066586, 0.000000, 0.000000, 0.000000, 1.000000
8.1918, -33.6074, 96.6077, 397.9828, 466.9828, 42.6074, 160.4657, 17.8675, -30.3769, -66.7536, -0.161652, 0.983323, 0.083340, -0.033607, -0.983068, -0.167842, 0.073533, 0.096608, 0.086295, -0.070042, 0.993804, 0.397983, 0.000000, 0.000000, 0.000000, 1.000000, 0.086295, -0.070042, 0.993804, 0.466983, 0.161652, -0.983323, -0.083340, 0.042607, 0.983068, 0.167842, -0.073533, 0.160466, 0.000000, 0.000000, 0.000000, 1.000000, -0.996254, 0.037314, 0.078016, 0.017867, 0.072848, -0.124062, 0.989597, -0.030377, 0.046605, 0.991573, 0.120879, -0.066754, 0.000000, 0.000000, 0.000000, 1.000000
8.4582, -33.5110, 97.5547, 398.3199, 467.3198, 42.5110, 159.5187, 17.9526, -30.2871, -66.8741, -0.164849, 0.983021, 0.080592, -0.033511, -0.983369, -0.170122, 0.063598, 0.097555, 0.076228, -0.068768, 0.994716, 0.398320, 0.000000, 0.000000, 0.000000, 1.000000, 0.076228, -0.068768, 0.994716, 0.467320, 0.164849, -0.983021, -0.080592, 0.042511, 0.983369, 0.170122, -0.063598, 0.159519, 0.000000, 0.000000, 0.000000, 1.000000, -0.996888, 0.039408, 0.068280, 0.017953, 0.063046, -0.121479, 0.990590, -0.030287, 0.047332, 0.991811, 0.118617, -0.066874, 0.000000, 0.000000, 0.000000, 1.000000
8.7253, -33.4204, 98.2946, 398.4492, 467.4492, 42.4204, 158.7788, 17.8244, -30.4149, -66.9725, -0.171249, 0.981212, 0.088868, -0.033420, -0.981113, -0.178074, 0.075540, 0.098295, 0.089945, -0.074253, 0.993175, 0.398449, 0.000000, 0.000000, 0.000000, 1.000000, 0.089945, -0.074253, 0.993175, 0.467449, 0.171249, -0.981212, -0.088868, 0.042420, 0.981113, 0.178074, -0.075540, 0.158779, 0.000000, 0.000000, 0.000000, 1.000000, -0.995948, 0.035693, 0.082547, 0.017824, 0.077470, -0.125698, 0.989039, -0.030415, 0.045678, 0.991426, 0.122423, -0.066973, 0.000000, 0.000000, 0.000000, 1.000000
8.9848, -33.3665, 99.1445, 398.6310, 467.6310, 42.3665, 157.9290, 17.8270, -30.4744, -67.1295, -0.174325, 0.980705, 0.088479, -0.033366, -0.981055, -0.180691, 0.069866, 0.099144, 0.084505, -0.074624, 0.993625, 0.398631, 0.000000, 0.000000, 0.000000, 1.000000, 0.084505, -0.074624, 0.993625, 0.467631, 0.174325, -0.980705, -0.088479, 0.042366, 0.981055, 0.180691, -0.069866, 0.157929, 0.000000, 0.000000, 0.000000, 1.000000, -0.996295, 0.037318, 0.077487, 0.017827, 0.072288, -0.124788, 0.989547, -0.030474, 0.046597, 0.991481, 0.121628, -0.067129, 0.000000, 0.000000, 0.000000, 1.000000
9.2624, -33.3202, 99.9832, 398.8330, 467.8330, 42.3202, 157.0903, 17.7510, -30.5358, -67.2968, -0.179585, 0.979688, 0.089223, -0.033320, -0.979913, -0.186144, 0.071566, 0.099983, 0.086721, -0.074578, 0.993437, 0.398833, 0.000000, 0.000000, 0.000000, 1.000000, 0.086721, -0.074578, 0.993437, 0.467833, 0.179585, -0.979688, -0.089223, 0.042320, 0.979913, 0.186144, -0.071566, 0.157090, 0.000000, 0.000000, 0.000000, 1.000000, -0.996123, 0.036331, 0.080122, 0.017751, 0.075089, -0.123413, 0.989510, -0.030536, 0.045838, 0.991690, 0.120207, -0.067297, 0.000000, 0.000000, 0.000000, 1.000000
9.5227, -33.1638, 100.9128, 399.3484, 468.3484, 42.1638, 156.1606, 17.8398, -30.2708, -67.3637, -0.182968, 0.979334, 0.086184, -0.033164, -0.979514, -0.189096, 0.069245, 0.100913, 0.084111, -0.071748, 0.993870, 0.399348, 0.000000, 0.000000, 0.000000, 1.000000, 0.084111, -0.071748, 0.993870, 0.468348, 0.182968, -0.979334, -0.086184, 0.042164, 0.979514, 0.189096, -0.069245, 0.156161, 0.000000, 0.000000, 0.000000, 1.000000, -0.996248, 0.037626, 0.077936, 0.017840, 0.072954, -0.119322, 0.990172, -0.030271, 0.046555, 0.992142, 0.116129, -0.067364, 0.000000, 0.000000, 0.000000, 1.000000
9.7897, -33.1343, 101.6326, 399.2833, 468.2833, 42.1343, 155.4409, 17.6829, -30.5885, -67.5394, -0.188198, 0.978099, 0.088899, -0.033134, -0.978376, -0.194617, 0.070036, 0.101633, 0.085804, -0.073796, 0.993575, 0.399283, 0.000000, 0.000000, 0.000000, 1.000000, 0.085804, -0.073796, 0.993575, 0.468283, 0.188198, -0.978099, -0.088899, 0.042134, 0.978376, 0.194617, -0.070036, 0.155441, 0.000000, 0.000000, 0.000000, 1.000000, -0.996134, 0.036391, 0.079953, 0.017683, 0.075068, -0.120073, 0.989923, -0.030588, 0.045625, 0.992098, 0.116877, -0.067539, 0.000000, 0.000000, 0.000000, 1.000000
10.0448, -32.9722, 102.4613, 399.4067, 468.4067, 41.9722, 154.6121, 17.6932, -30.7133, -67.6035, -0.191785, 0.977295, 0.090074, -0.032972, -0.978208, -0.197786, 0.063161, 0.102461, 0.079542, -0.075998, 0.993930, 0.399407, 0.000000, 0.000000, 0.000000, 1.000000, 0.079542, -0.075998, 0.993930, 0.468407, 0.191785, -0.977295, -0.090074, 0.041972, 0.978208, 0.197786, -0.063161, 0.154612, 0.000000, 0.000000, 0.000000, 1.000000, -0.996536, 0.037328, 0.074309, 0.017693, 0.069305, -0.121018, 0.990228, -0.030713, 0.045956, 0.991948, 0.118012, -0.067603, 0.000000, 0.000000, 0.000000, 1.000000
10.3096, -32.9079, 103.3356, 399.7220, 468.7220, 41.9079, 153.7378, 17.6952, -30.6491, -67.7698, -0.196387, 0.976671, 0.086872, -0.032908, -0.977112, -0.202321, 0.065714, 0.103336, 0.081757, -0.071978, 0.994050, 0.399722, 0.000000, 0.000000, 0.000000, 1.000000, 0.081757, -0.071978, 0.994050, 0.468722, 0.196387, -0.976671, -0.086872, 0.041908, 0.977112, 0.202321, -0.065714, 0.153738, 0.000000, 0.000000, 0.000000, 1.000000, -0.996365, 0.037105, 0.076684, 0.017695, 0.071936, -0.115726, 0.990673, -0.030649, 0.045633, 0.992588, 0.112637, -0.067770, 0.000000, 0.000000, 0.000000, 1.000000
10.5926, -32.7599, 104.2228, 399.7823, 468.7823, 41.7599, 152.8506, 17.6666, -30.8642, -67.8759, -0.200383, 0.975329, 0.092630, -0.032760, -0.976835, -0.206146, 0.057427, 0.104223, 0.075105, -0.078977, 0.994043, 0.399782, 0.000000, 0.000000, 0.000000, 1.000000, 0.075105, -0.078977, 0.994043, 0.468782, 0.200383, -0.975329, -0.092630, 0.041760, 0.976835, 0.206146, -0.057427, 0.152851, 0.000000, 0.000000, 0.000000, 1.000000, -0.996769, 0.037770, 0.070882, 0.017667, 0.065834, -0.121313, 0.990429, -0.030864, 0.046007, 0.991896, 0.118434, -0.067876, 0.000000, 0.000000, 0.000000, 1.000000
10.8633, -32.6924, 104.9841, 400.2286, 469.2286, 41.6924, 152.0894, 17.5371, -30.6782, -68.0151, -0.205315, 0.974333, 0.092310, -0.032692, -0.974908, -0.211899, 0.068215, 0.104984, 0.086024, -0.075988, 0.993391, 0.400229, 0.000000, 0.000000, 0.000000, 1.000000, 0.086024, -0.075988, 0.993391, 0.469229, 0.205315, -0.974333, -0.092310, 0.041692, 0.974908, 0.211899, -0.068215, 0.152089, 0.000000, 0.000000, 0.000000, 1.000000, -0.995972, 0.036387, 0.081945, 0.017537, 0.077188, -0.117024, 0.990125, -0.030678, 0.045617, 0.992462, 0.113744, -0.068015, 0.000000, 0.000000, 0.000000, 1.000000
11.1226, -32.5348, 105.8139, 400.1180, 469.1180, 41.5348, 151.2596, 17.5378, -31.0393, -68.1088, -0.208653, 0.973694, 0.091567, -0.032535, -0.974943, -0.214474, 0.059058, 0.105814, 0.077143, -0.076950, 0.994046, 0.400118, 0.000000, 0.000000, 0.000000, 1.000000, 0.077143, -0.076950, 0.994046, 0.469118, 0.208653, -0.973694, -0.091567, 0.041535, 0.974943, 0.214474, -0.059058, 0.151260, 0.000000, 0.000000, 0.000000, 1.000000, -0.996571, 0.038019, 0.073489, 0.017538, 0.068611, -0.116696, 0.990795, -0.031039, 0.046245, 0.992440, 0.113688, -0.068109, 0.000000, 0.000000, 0.000000, 1.000000
11.3810, -32.4437, 106.5622, 400.3166, 469.3166, 41.4437, 150.5113, 17.4395, -31.0917, -68.2370, -0.214859, 0.971945, 0.095704, -0.032444, -0.973061, -0.221428, 0.064203, 0.106562, 0.083593, -0.079332, 0.993337, 0.400317, 0.000000, 0.000000, 0.000000, 1.000000, 0.083593, -0.079332, 0.993337, 0.469317, 0.214859, -0.971945, -0.095704, 0.041444, 0.973061, 0.221428, -0.064203, 0.150511, 0.000000, 0.000000, 0.000000, 1.000000, -0.996158, 0.035116, 0.080227, 0.017440, 0.075590, -0.117826, 0.990153, -0.031092, 0.044223, 0.992413, 0.114719, -0.068237, 0.000000, 0.000000, 0.000000, 1.000000
11.6589, -32.3099, 107.4291, 400.4247, 469.4247, 41.3099, 149.6443, 17.4053, -31.2527, -68.3636, -0.217087, 0.971437, 0.095835, -0.032310, -0.973202, -0.223012, 0.056063, 0.107429, 0.075834, -0.081096, 0.993817, 0.400425, 0.000000, 0.000000, 0.000000, 1.000000, 0.075834, -0.081096, 0.993817, 0.469425, 0.217087, -0.971437, -0.095835, 0.041310, 0.973202, 0.223012, -0.056063, 0.149644, 0.000000, 0.000000, 0.000000, 1.000000, -0.996601, 0.038047, 0.073072, 0.017405, 0.068123, -0.118195, 0.990651, -0.031253, 0.046328, 0.992261, 0.115202, -0.068364, 0.000000, 0.000000, 0.000000, 1.000000
11.9243, -32.1926, 108.1645, 400.6313, 469.6313, 41.1926, 148.9090, 17.2729, -31.3081, -68.4699, -0.223448, 0.969741, 0.098352, -0.032193, -0.971199, -0.230069, 0.061968, 0.108164, 0.082721, -0.081673, 0.993220, 0.400631, 0.000000, 0.000000, 0.000000, 1.000000, 0.082721, -0.081673, 0.993220, 0.469631, 0.223448, -0.969741, -0.098352, 0.041193, 0.971199, 0.230069, -0.061968, 0.148909, 0.000000, 0.000000, 0.000000, 1.000000, -0.996153, 0.035150, 0.080276, 0.017273, 0.075650, -0.117491, 0.990188, -0.031308, 0.044237, 0.992452, 0.114380, -0.068470, 0.000000, 0.000000, 0.000000, 1.000000
12.1948, -32.0465, 109.0863, 400.8519, 469.8519, 41.0465, 147.9871, 17.3169, -31.3495, -68.6018, -0.226535, 0.968770, 0.100831, -0.032047, -0.970635, -0.233141, 0.059274, 0.109086, 0.080931, -0.084442, 0.993136, 0.400852, 0.000000, 0.000000, 0.000000, 1.000000, 0.080931, -0.084442, 0.993136, 0.469852, 0.226535, -0.968770, -0.100831, 0.041047, 0.970635, 0.233141, -0.059274, 0.147987, 0.000000, 0.000000, 0.000000, 1.000000, -0.996210, 0.036405, 0.078992, 0.017317, 0.074165, -0.118909, 0.990131, -0.031350, 0.045439, 0.992238, 0.115758, -0.068602, 0.000000, 0.000000, 0.000000, 1.000000
12.4631, -31.8449, 109.8788, 400.9265, 469.9265, 40.8449, 147.1946, 17.2579, -31.5392, -68.6542, -0.230479, 0.968404, 0.095258, -0.031845, -0.970378, -0.236022, 0.051572, 0.109879, 0.072426, -0.080550, 0.994116, 0.400927, 0.000000, 0.000000, 0.000000, 1.000000, 0.072426, -0.080550, 0.994116, 0.469927, 0.230479, -0.968404, -0.095258, 0.040845, 0.970378, 0.236022, -0.051572, 0.147195, 0.000000, 0.000000, 0.000000, 1.000000, -0.996774, 0.037936, 0.070724, 0.017258, 0.066010, -0.113697, 0.991320, -0.031539, 0.045647, 0.992791, 0.110826, -0.068654, 0.000000, 0.000000, 0.000000, 1.000000
12.7178, -31.7262, 110.6237, 400.8974, 469.8974, 40.7262, 146.4497, 17.1749, -31.8172, -68.7779, -0.235712, 0.966619, 0.100438, -0.031726, -0.968490, -0.242197, 0.058023, 0.110624, 0.080412, -0.083596, 0.993250, 0.400897, 0.000000, 0.000000, 0.000000, 1.000000, 0.080412, -0.083596, 0.993250, 0.469897, 0.235712, -0.966619, -0.100438, 0.040726, 0.968490, 0.242197, -0.058023, 0.146450, 0.000000, 0.000000, 0.000000, 1.000000, -0.996236, 0.035721, 0.078974, 0.017175, 0.074380, -0.115488, 0.990520, -0.031817, 0.044503, 0.992666, 0.112396, -0.068778, 0.000000, 0.000000, 0.000000, 1.000000
12.9911, -31.5878, 111.6249, 401.5507, 470.5507, 40.5878, 145.4485, 17.2780, -31.4297, -68.9384, -0.238601, 0.966558, 0.093993, -0.031588, -0.968435, -0.244014, 0.050905, 0.111625, 0.072138, -0.078880, 0.994271, 0.401551, 0.000000, 0.000000, 0.000000, 1.000000, 0.072138, -0.078880, 0.994271, 0.470551, 0.238601, -0.966558, -0.093993, 0.040588, 0.968435, 0.244014, -0.050905, 0.145449, 0.000000, 0.000000, 0.000000, 1.000000, -0.996735, 0.038446, 0.070997, 0.017278, 0.066423, -0.109418, 0.991774, -0.031430, 0.045898, 0.993252, 0.106507, -0.068938, 0.000000, 0.000000, 0.000000, 1.000000
13.2686, -31.4739, 112.1869, 401.2396, 470.2396, 40.4739, 144.8866, 16.9372, -32.0185, -69.0323, -0.244210, 0.964033, 0.104894, -0.031474, -0.966545, -0.250731, 0.054079, 0.112187, 0.078434, -0.088178, 0.993012, 0.401240, 0.000000, 0.000000, 0.000000, 1.000000, 0.078434, -0.088178, 0.993012, 0.470240, 0.244210, -0.964033, -0.104894, 0.040474, 0.966545, 0.250731, -0.054079, 0.144887, 0.000000, 0.000000, 0.000000, 1.000000, -0.996309, 0.035885, 0.077979, 0.016937, 0.073289, -0.117333, 0.990385, -0.032018, 0.044689, 0.992444, 0.114270, -0.069032, 0.000000, 0.000000, 0.000000, 1.000000
13.5319, -31.2673, 113.4679, 401.8797, 470.8797, 40.2673, 143.6055, 17.3609, -31.6325, -69.2175, -0.248668, 0.963243, 0.101625, -0.031267, -0.965831, -0.254503, 0.048975, 0.113468, 0.073039, -0.085975, 0.993616, 0.401880, 0.000000, 0.000000, 0.000000, 1.000000, 0.073039, -0.085975, 0.993616, 0.470880, 0.248668, -0.963243, -0.101625, 0.040267, 0.965831, 0.254503, -0.048975, 0.143606, 0.000000, 0.000000, 0.000000, 1.000000, -0.996687, 0.036383, 0.072738, 0.017361, 0.068180, -0.113826, 0.991159, -0.031632, 0.044341, 0.992834, 0.110968, -0.069218, 0.000000, 0.000000, 0.000000, 1.000000
13.7929, -31.1079, 114.2935, 402.0440, 471.0440, 40.1079, 142.7800, 17.3353, -31.7287, -69.3353, -0.253326, 0.962122, 0.100734, -0.031108, -0.964830, -0.258841, 0.045862, 0.114293, 0.070199, -0.085573, 0.993856, 0.402044, 0.000000, 0.000000, 0.000000, 1.000000, 0.070199, -0.085573, 0.993856, 0.471044, 0.253326, -0.962122, -0.100734, 0.040108, 0.964830, 0.258841, -0.045862, 0.142780, 0.000000, 0.000000, 0.000000, 1.000000, -0.996868, 0.036189, 0.070311, 0.017335, 0.065862, -0.112136, 0.991508, -0.031729, 0.043766, 0.993034, 0.109401, -0.069335, 0.000000, 0.000000, 0.000000, 1.000000
14.0594, -30.9648, 114.9208, 402.3888, 471.3888, 39.9648, 142.1526, 17.1057, -31.6471, -69.4090, -0.255055, 0.962070, 0.096785, -0.030965, -0.964683, -0.260000, 0.042270, 0.114921, 0.065831, -0.082586, 0.994407, 0.402389, 0.000000, 0.000000, 0.000000, 1.000000, 0.065831, -0.082586, 0.994407, 0.471389, 0.255055, -0.962070, -0.096785, 0.039965, 0.964683, 0.260000, -0.042270, 0.142153, 0.000000, 0.000000, 0.000000, 1.000000, -0.997024, 0.039468, 0.066223, 0.017106, 0.061638, -0.107813, 0.992259, -0.031647, 0.046302, 0.993387, 0.105059, -0.069409, 0.000000, 0.000000, 0.000000, 1.000000
14.3242, -30.8376, 115.4938, 401.9688, 470.9688, 39.8376, 141.5796, 16.8184, -32.3332, -69.5022, -0.261807, 0.958901, 0.109391, -0.030838, -0.962189, -0.268157, 0.047791, 0.115494, 0.075161, -0.092742, 0.992849, 0.401969, 0.000000, 0.000000, 0.000000, 1.000000, 0.075161, -0.092742, 0.992849, 0.470969, 0.261807, -0.958901, -0.109391, 0.039838, 0.962189, 0.268157, -0.047791, 0.141580, 0.000000, 0.000000, 0.000000, 1.000000, -0.996484, 0.035115, 0.076070, 0.016818, 0.071510, -0.116648, 0.990596, -0.032333, 0.043658, 0.992552, 0.113727, -0.069502, 0.000000, 0.000000, 0.000000, 1.000000
14.5830, -30.6153, 116.5382, 402.5777, 471.5777, 39.6153, 140.5353, 17.0321, -31.9788, -69.6251, -0.263891, 0.959644, 0.097185, -0.030615, -0.962473, -0.268594, 0.038760, 0.116538, 0.063299, -0.083310, 0.994511, 0.402578, 0.000000, 0.000000, 0.000000, 1.000000, 0.063299, -0.083310, 0.994511, 0.471578, 0.263891, -0.959644, -0.097185, 0.039615, 0.962473, 0.268594, -0.038760, 0.140535, 0.000000, 0.000000, 0.000000, 1.000000, -0.997162, 0.039179, 0.064289, 0.017032, 0.059831, -0.105931, 0.992572, -0.031979, 0.045698, 0.993601, 0.103286, -0.069625, 0.000000, 0.000000, 0.000000, 1.000000
14.9043, -30.5330, 117.2312, 402.6802, 471.6802, 39.5330, 139.8423, 16.6574, -32.1976, -69.7967, -0.269222, 0.956934, 0.108615, -0.030533, -0.960323, -0.275263, 0.044824, 0.117231, 0.072792, -0.092238, 0.993073, 0.402680, 0.000000, 0.000000, 0.000000, 1.000000, 0.072792, -0.092238, 0.993073, 0.471680, 0.269222, -0.956934, -0.108615, 0.039533, 0.960323, 0.275263, -0.044824, 0.139842, 0.000000, 0.000000, 0.000000, 1.000000, -0.996525, 0.037306, 0.074475, 0.016657, 0.069831, -0.113246, 0.991110, -0.032198, 0.045408, 0.992866, 0.110247, -0.069797, 0.000000, 0.000000, 0.000000, 1.000000
15.2049, -30.3046, 118.2703, 402.9495, 471.9495, 39.3046, 138.8032, 16.7293, -32.2263, -69.9354, -0.276402, 0.954745, 0.109832, -0.030305, -0.957989, -0.282822, 0.047638, 0.118270, 0.076545, -0.092051, 0.992808, 0.402949, 0.000000, 0.000000, 0.000000, 1.000000, 0.076545, -0.092051, 0.992808, 0.471949, 0.276402, -0.954745, -0.109832, 0.039305, 0.957989, 0.282822, -0.047638, 0.138803, 0.000000, 0.000000, 0.000000, 1.000000, -0.996345, 0.034407, 0.078186, 0.016729, 0.073915, -0.111563, 0.991005, -0.032226, 0.042821, 0.993162, 0.108612, -0.069935, 0.000000, 0.000000, 0.000000, 1.000000
15.4984, -30.1034, 119.2240, 403.1761, 472.1761, 39.1034, 137.8494, 16.7311, -32.2926, -70.0784, -0.278195, 0.954398, 0.108316, -0.030103, -0.958287, -0.283470, 0.036488, 0.119224, 0.065528, -0.093647, 0.993447, 0.403176, 0.000000, 0.000000, 0.000000, 1.000000, 0.065528, -0.093647, 0.993447, 0.472176, 0.278195, -0.954398, -0.108316, 0.039103, 0.958287, 0.283470, -0.036488, 0.137849, 0.000000, 0.000000, 0.000000, 1.000000, -0.996952, 0.038526, 0.067846, 0.016731, 0.063175, -0.111677, 0.991734, -0.032293, 0.045785, 0.992997, 0.108902, -0.070078, 0.000000, 0.000000, 0.000000, 1.000000
15.7643, -29.8927, 120.0596, 403.1368, 472.1368, 38.8927, 137.0139, 16.7090, -32.6011, -70.1801, -0.286342, 0.951560, 0.111990, -0.029893, -0.955230, -0.292603, 0.043815, 0.120060, 0.074462, -0.094430, 0.992743, 0.403137, 0.000000, 0.000000, 0.000000, 1.000000, 0.074462, -0.094430, 0.992743, 0.472137, 0.286342, -0.951560, -0.111990, 0.038893, 0.955230, 0.292603, -0.043815, 0.137014, 0.000000, 0.000000, 0.000000, 1.000000, -0.996490, 0.033333, 0.076785, 0.016709, 0.072655, -0.111143, 0.991145, -0.032601, 0.041572, 0.993245, 0.108331, -0.070180, 0.000000, 0.000000, 0.000000, 1.000000
16.0124, -29.6905, 121.0131, 403.4300, 472.4300, 38.6905, 136.0604, 16.8609, -32.5547, -70.3250, -0.289518, 0.950475, 0.113032, -0.029691, -0.954672, -0.295272, 0.037637, 0.121013, 0.069148, -0.097011, 0.992878, 0.403430, 0.000000, 0.000000, 0.000000, 1.000000, 0.069148, -0.097011, 0.992878, 0.472430, 0.289518, -0.950475, -0.113032, 0.038691, 0.954672, 0.295272, -0.037637, 0.136060, 0.000000, 0.000000, 0.000000, 1.000000, -0.996819, 0.034558, 0.071819, 0.016861, 0.067526, -0.112471, 0.991358, -0.032555, 0.042337, 0.993054, 0.109780, -0.070325, 0.000000, 0.000000, 0.000000, 1.000000
16.2782, -29.5743, 121.4314, 403.4683, 472.4683, 38.5743, 135.6421, 16.4120, -32.7875, -70.3830, -0.293211, 0.948808, 0.117434, -0.029574, -0.953197, -0.299601, 0.040674, 0.121431, 0.073775, -0.100012, 0.992247, 0.403468, 0.000000, 0.000000, 0.000000, 1.000000, 0.073775, -0.100012, 0.992247, 0.472468, 0.293211, -0.948808, -0.117434, 0.038574, 0.953197, 0.299601, -0.040674, 0.135642, 0.000000, 0.000000, 0.000000, 1.000000, -0.996444, 0.034288, 0.076968, 0.016412, 0.072605, -0.114139, 0.990808, -0.032788, 0.042758, 0.992873, 0.111243, -0.070383, 0.000000, 0.000000, 0.000000, 1.000000
16.5485, -29.3737, 122.3839, 403.9428, 472.9428, 38.3737, 134.6895, 16.4879, -32.5829, -70.5366, -0.296048, 0.947865, 0.117929, -0.029374, -0.952508, -0.302180, 0.037625, 0.122384, 0.071299, -0.101189, 0.992309, 0.403943, 0.000000, 0.000000, 0.000000, 1.000000, 0.071299, -0.101189, 0.992309, 0.472943, 0.296048, -0.947865, -0.117929, 0.038374, 0.952508, 0.302180, -0.037625, 0.134690, 0.000000, 0.000000, 0.000000, 1.000000, -0.996545, 0.036009, 0.074843, 0.016488, 0.070309, -0.113952, 0.990995, -0.032583, 0.044213, 0.992833, 0.111026, -0.070537, 0.000000, 0.000000, 0.000000, 1.000000
16.8317, -29.1498, 123.0985, 403.8423, 472.8424, 38.1498, 133.9750, 16.3014, -32.9696, -70.6005, -0.301298, 0.946424, 0.116194, -0.029150, -0.950941, -0.307214, 0.036471, 0.123098, 0.070214, -0.099504, 0.992557, 0.403842, 0.000000, 0.000000, 0.000000, 1.000000, 0.070214, -0.099504, 0.992557, 0.472842, 0.301298, -0.946424, -0.116194, 0.038150, 0.950941, 0.307214, -0.036471, 0.133975, 0.000000, 0.000000, 0.000000, 1.000000, -0.996638, 0.035455, 0.073856, 0.016301, 0.069525, -0.110845, 0.991403, -0.032970, 0.043336, 0.993205, 0.108008, -0.070600, 0.000000, 0.000000, 0.000000, 1.000000
17.0952, -28.9296, 124.1288, 404.0151, 473.0151, 37.9296, 132.9447, 16.4691, -33.0650, -70.7744, -0.307184, 0.944595, 0.115661, -0.028930, -0.949061, -0.313037, 0.035942, 0.124129, 0.070157, -0.098729, 0.992638, 0.404015, 0.000000, 0.000000, 0.000000, 1.000000, 0.070157, -0.098729, 0.992638, 0.473015, 0.307184, -0.944595, -0.115661, 0.037930, 0.949061, 0.313037, -0.035942, 0.132945, 0.000000, 0.000000, 0.000000, 1.000000, -0.996691, 0.033687, 0.073972, 0.016469, 0.069919, -0.108750, 0.991607, -0.033065, 0.041448, 0.993498, 0.106035, -0.070774, 0.000000, 0.000000, 0.000000, 1.000000
17.3729, -28.6950, 125.0712, 404.5211, 473.5211, 37.6950, 132.0022, 16.5173, -32.8394, -70.9082, -0.310400, 0.943101, 0.119216, -0.028695, -0.948198, -0.316090, 0.031740, 0.125071, 0.067617, -0.103189, 0.992361, 0.404521, 0.000000, 0.000000, 0.000000, 1.000000, 0.067617, -0.103189, 0.992361, 0.473521, 0.310400, -0.943101, -0.119216, 0.037695, 0.948198, 0.316090, -0.031740, 0.132002, 0.000000, 0.000000, 0.000000, 1.000000, -0.996800, 0.034888, 0.071917, 0.016517, 0.067616, -0.111804, 0.991427, -0.032839, 0.042629, 0.993118, 0.109088, -0.070908, 0.000000, 0.000000, 0.000000, 1.000000
17.6324, -28.4760, 125.6946, 404.2983, 473.2983, 37.4760, 131.3789, 16.3217, -33.3248, -70.9523, -0.315435, 0.941256, 0.120574, -0.028476, -0.946242, -0.321574, 0.034879, 0.125695, 0.071604, -0.103090, 0.992091, 0.404298, 0.000000, 0.000000, 0.000000, 1.000000, 0.071604, -0.103090, 0.992091, 0.473298, 0.315435, -0.941256, -0.120574, 0.037476, 0.946242, 0.321574, -0.034879, 0.131379, 0.000000, 0.000000, 0.000000, 1.000000, -0.996556, 0.033392, 0.075903, 0.016322, 0.071803, -0.110394, 0.991291, -0.033325, 0.041480, 0.993327, 0.107616, -0.070952, 0.000000, 0.000000, 0.000000, 1.000000
17.8976, -28.2126, 126.5529, 404.4957, 473.4957, 37.2126, 130.5206, 16.3357, -33.3991, -71.0385, -0.318342, 0.940744, 0.116871, -0.028213, -0.945756, -0.323606, 0.028716, 0.126553, 0.064835, -0.101390, 0.992732, 0.404496, 0.000000, 0.000000, 0.000000, 1.000000, 0.064835, -0.101390, 0.992732, 0.473496, 0.318342, -0.940744, -0.116871, 0.037213, 0.945756, 0.323606, -0.028716, 0.130521, 0.000000, 0.000000, 0.000000, 1.000000, -0.996937, 0.035673, 0.069598, 0.016336, 0.065416, -0.107362, 0.992066, -0.033399, 0.042862, 0.993580, 0.104700, -0.071038, 0.000000, 0.000000, 0.000000, 1.000000
18.1679, -28.0566, 127.4847, 404.9503, 473.9504, 37.0566, 129.5888, 16.3692, -33.2176, -71.2550, -0.322689, 0.939438, 0.115448, -0.028057, -0.944789, -0.327040, 0.020445, 0.127485, 0.056963, -0.102477, 0.993103, 0.404950, 0.000000, 0.000000, 0.000000, 1.000000, 0.056963, -0.102477, 0.993103, 0.473950, 0.322689, -0.939438, -0.115448, 0.037057, 0.944789, 0.327040, -0.020445, 0.129589, 0.000000, 0.000000, 0.000000, 1.000000, -0.997414, 0.036466, 0.061937, 0.016369, 0.057722, -0.107080, 0.992573, -0.033218, 0.042827, 0.993581, 0.104698, -0.071255, 0.000000, 0.000000, 0.000000, 1.000000
18.4412, -27.7950, 128.1059, 404.7187, 473.7187, 36.7950, 128.9676, 16.1350, -33.7290, -71.2668, -0.327369, 0.936822, 0.123266, -0.027795, -0.942598, -0.332875, 0.026504, 0.128106, 0.065862, -0.107514, 0.992020, 0.404719, 0.000000, 0.000000, 0.000000, 1.000000, 0.065862, -0.107514, 0.992020, 0.473719, 0.327369, -0.936822, -0.123266, 0.036795, 0.942598, 0.332875, -0.026504, 0.128968, 0.000000, 0.000000, 0.000000, 1.000000, -0.996866, 0.034574, 0.071160, 0.016135, 0.066943, -0.110733, 0.991593, -0.033729, 0.042163, 0.993249, 0.108071, -0.071267, 0.000000, 0.000000, 0.000000, 1.000000
18.7095, -27.5835, 129.0529, 405.2598, 474.2598, 36.5835, 128.0206, 16.2031, -33.4624, -71.4453, -0.330437, 0.936716, 0.115652, -0.027584, -0.942253, -0.334477, 0.016902, 0.129053, 0.054515, -0.103388, 0.993146, 0.405260, 0.000000, 0.000000, 0.000000, 1.000000, 0.054515, -0.103388, 0.993146, 0.474260, 0.330437, -0.936716, -0.115652, 0.036584, 0.942253, 0.334477, -0.016902, 0.128021, 0.000000, 0.000000, 0.000000, 1.000000, -0.997488, 0.037474, 0.060111, 0.016203, 0.055879, -0.105255, 0.992874, -0.033462, 0.043534, 0.993739, 0.102897, -0.071445, 0.000000, 0.000000, 0.000000, 1.000000
18.9998, -27.3728, 129.7220, 405.3616, 474.3616, 36.3728, 127.3514, 15.9387, -33.6577, -71.5281, -0.335843, 0.934240, 0.120020, -0.027373, -0.939675, -0.341101, 0.025716, 0.129722, 0.064964, -0.104144, 0.992438, 0.405362, 0.000000, 0.000000, 0.000000, 1.000000, 0.064964, -0.104144, 0.992438, 0.474362, 0.335843, -0.934240, -0.120020, 0.036373, 0.939675, 0.341101, -0.025716, 0.127351, 0.000000, 0.000000, 0.000000, 1.000000, -0.996881, 0.035191, 0.070637, 0.015939, 0.066621, -0.104538, 0.992287, -0.033658, 0.042303, 0.993898, 0.101867, -0.071528, 0.000000, 0.000000, 0.000000, 1.000000
19.2988, -27.1208, 130.5705, 405.4906, 474.4906, 36.1208, 126.5029, 15.8250, -33.8358, -71.6438, -0.339071, 0.933101, 0.119807, -0.027121, -0.939091, -0.343297, 0.015963, 0.130571, 0.056024, -0.107097, 0.992669, 0.405491, 0.000000, 0.000000, 0.000000, 1.000000, 0.056024, -0.107097, 0.992669, 0.474491, 0.339071, -0.933101, -0.119807, 0.036121, 0.939091, 0.343297, -0.015963, 0.126503, 0.000000, 0.000000, 0.000000, 1.000000, -0.997347, 0.037650, 0.062300, 0.015825, 0.058008, -0.105982, 0.992675, -0.033836, 0.043977, 0.993655, 0.103517, -0.071644, 0.000000, 0.000000, 0.000000, 1.000000
19.5976, -26.9241, 131.4481, 405.8731, 474.8731, 35.9241, 125.6254, 15.7211, -33.7588, -71.8261, -0.344124, 0.930831, 0.123010, -0.026924, -0.936879, -0.349057, 0.020412, 0.131448, 0.061938, -0.108221, 0.992195, 0.405873, 0.000000, 0.000000, 0.000000, 1.000000, 0.061938, -0.108221, 0.992195, 0.474873, 0.344124, -0.930831, -0.123010, 0.035924, 0.936879, 0.349057, -0.020412, 0.125625, 0.000000, 0.000000, 0.000000, 1.000000, -0.997002, 0.036395, 0.068289, 0.015721, 0.064115, -0.105585, 0.992341, -0.033759, 0.043326, 0.993744, 0.102935, -0.071826, 0.000000, 0.000000, 0.000000, 1.000000
19.8842, -26.5887, 132.3481, 405.9407, 474.9407, 35.5887, 124.7253, 15.7297, -33.9852, -71.8916, -0.350182, 0.928454, 0.123877, -0.026589, -0.934413, -0.355465, 0.022753, 0.132348, 0.065159, -0.107784, 0.992037, 0.405941, 0.000000, 0.000000, 0.000000, 1.000000, 0.065159, -0.107784, 0.992037, 0.474941, 0.350182, -0.928454, -0.123877, 0.035589, 0.934413, 0.355465, -0.022753, 0.124725, 0.000000, 0.000000, 0.000000, 1.000000, -0.996856, 0.034300, 0.071429, 0.015730, 0.067536, -0.103685, 0.992315, -0.033985, 0.041442, 0.994019, 0.101043, -0.071892, 0.000000, 0.000000, 0.000000, 1.000000
20.0006, -26.2678, 133.1449, 405.7895, 474.7895, 35.2678, 123.9285, 16.1973, -34.2589, -71.9176, -0.352245, 0.928193, 0.119922, -0.026268, -0.934401, -0.356046, 0.011183, 0.133145, 0.053078, -0.108116, 0.992720, 0.405789, 0.000000, 0.000000, 0.000000, 1.000000, 0.053078, -0.108116, 0.992720, 0.474789, 0.352245, -0.928193, -0.119922, 0.035268, 0.934401, 0.356046, -0.011183, 0.123929, 0.000000, 0.000000, 0.000000, 1.000000, -0.997587, 0.035573, 0.059614, 0.016197, 0.055656, -0.103432, 0.993078, -0.034259, 0.041493, 0.994000, 0.101203, -0.071918, 0.000000, 0.000000, 0.000000, 1.000000
20.0048, -26.2017, 133.6218, 406.1320, 475.1320, 35.2017, 123.4516, 16.6521, -33.9209, -72.0456, -0.357338, 0.924721, 0.131151, -0.026202, -0.931581, -0.362938, 0.020793, 0.133622, 0.066827, -0.114748, 0.991144, 0.406132, 0.000000, 0.000000, 0.000000, 1.000000, 0.066827, -0.114748, 0.991144, 0.475132, 0.357338, -0.924721, -0.131151, 0.035202, 0.931581, 0.362938, -0.020793, 0.123452, 0.000000, 0.000000, 0.000000, 1.000000, -0.996958, 0.027935, 0.072768, 0.016652, 0.069287, -0.110024, 0.991511, -0.033921, 0.035704, 0.993536, 0.107754, -0.072046, 0.000000, 0.000000, 0.000000, 1.000000
20.0052, -26.1662, 133.7124, 406.3091, 475.3092, 35.1662, 123.3611, 16.7498, -33.7436, -72.0492, -0.356759, 0.925082, 0.130174, -0.026166, -0.931817, -0.362318, 0.021045, 0.133712, 0.066633, -0.113790, 0.991268, 0.406309, 0.000000, 0.000000, 0.000000, 1.000000, 0.066633, -0.113790, 0.991268, 0.475309, 0.356759, -0.925082, -0.130174, 0.035166, 0.931817, 0.362318, -0.021045, 0.123361, 0.000000, 0.000000, 0.000000, 1.000000, -0.996951, 0.028662, 0.072574, 0.016750, 0.069051, -0.109064, 0.991633, -0.033744, 0.036337, 0.993621, 0.106753, -0.072049, 0.000000, 0.000000, 0.000000, 1.000000
