# Joint_B_Angle(deg), Cam_X(mm), Cam_Y(mm), Cam_Z(mm), Torso_X(mm), Torso_Y(mm), Torso_Z(mm), EE_X(mm), EE_Y(mm), EE_Z(mm)
-19.9081, 1.8197, -10.3668, 171.3180, 240.3180, 7.1803, 267.4403, -2.4025, -59.2027, -71.2766
-19.7424, 1.7590, -10.2808, 171.2451, 240.2451, 7.2410, 267.3543, -2.4525, -59.2370, -71.2787
-19.5746, 1.6939, -10.1285, 171.3511, 240.3511, 7.3061, 267.2019, -2.4975, -59.0811, -71.2676
-19.4216, 1.5681, -9.9489, 171.2072, 240.2072, 7.4319, 267.0223, -2.4055, -59.1543, -71.2720
-19.2498, 1.4508, -9.8060, 171.0741, 240.0741, 7.5492, 266.8795, -2.3707, -59.2279, -71.2887
-19.0881, 1.3513, -9.6128, 171.1873, 240.1873, 7.6487, 266.6862, -2.3589, -59.0536, -71.2871
-18.9163, 1.2405, -9.4688, 170.9993, 239.9993, 7.7595, 266.5422, -2.3123, -59.1813, -71.2926
-18.7427, 1.1206, -9.2971, 170.9739, 239.9739, 7.8794, 266.3705, -2.2829, -59.1456, -71.3068
-18.5678, 0.9976, -9.0869, 170.9609, 239.9609, 8.0024, 266.1603, -2.2247, -59.0881, -71.3054
-18.3806, 0.8521, -8.9009, 170.8215, 239.8215, 8.1479, 265.9743, -2.1554, -59.1580, -71.3240
-18.2079, 0.7486, -8.7180, 170.8132, 239.8132, 8.2514, 265.7915, -2.1284, -59.1062, -71.3200
-18.0417, 0.6165, -8.5293, 170.6730, 239.6730, 8.3835, 265.6028, -2.0422, -59.1796, -71.3257
-17.8528, 0.5149, -8.3719, 170.5868, 239.5868, 8.4851, 265.4454, -2.0347, -59.2106, -71.3258
-17.6858, 0.3841, -8.1742, 170.6274, 239.6274, 8.6159, 265.2476, -1.9869, -59.1088, -71.3423
-17.5087, 0.2586, -8.0072, 170.4945, 239.4945, 8.7414, 265.0807, -1.9359, -59.1833, -71.3537
-17.3228, 0.1438, -7.8087, 170.4936, 239.4936, 8.8562, 264.8821, -1.9048, -59.1233, -71.3524
-17.1374, 0.0098, -7.5999, 170.4493, 239.4493, 8.9902, 264.6733, -1.8446, -59.1028, -71.3582
-16.9532, -0.1085, -7.4170, 170.3069, 239.3069, 9.1085, 264.4905, -1.7900, -59.1853, -71.3547
-16.7880, -0.2177, -7.2293, 170.2326, 239.2326, 9.2177, 264.3028, -1.7324, -59.2026, -71.3472
-16.6104, -0.3577, -7.0387, 170.1805, 239.1805, 9.3577, 264.1122, -1.6745, -59.1968, -71.3667
-16.4399, -0.4669, -6.8554, 170.1890, 239.1890, 9.4669, 263.9289, -1.6444, -59.1363, -71.3689
-16.2901, -0.5741, -6.7129, 170.0578, 239.0578, 9.5741, 263.7863, -1.5972, -59.2223, -71.3772
-16.1433, -0.6944, -6.5226, 170.0116, 239.0116, 9.6944, 263.5960, -1.5191, -59.2150, -71.3805
-15.9596, -0.7584, -6.4006, 169.9811, 238.9811, 9.7584, 263.4740, -1.5682, -59.2095, -71.3712
-15.7988, -0.9373, -6.1756, 169.8914, 238.8914, 9.9373, 263.2490, -1.4363, -59.2359, -71.4034
-15.6375, -1.0138, -6.0287, 169.8689, 238.8689, 10.0138, 263.1021, -1.4368, -59.2184, -71.3931
-15.4705, -1.1432, -5.8341, 169.7658, 238.7658, 10.1432, 262.9075, -1.3597, -59.2679, -71.3967
-15.3062, -1.2459, -5.6755, 169.7989, 238.7989, 10.2459, 262.7490, -1.3514, -59.1941, -71.4082
-15.1422, -1.3713, -5.4768, 169.7521, 238.7521, 10.3713, 262.5503, -1.2812, -59.1896, -71.4115
-14.9950, -1.5010, -5.2875, 169.6172, 238.6172, 10.5010, 262.3610, -1.1821, -59.2741, -71.4152
-14.8408, -1.5814, -5.1617, 169.6641, 238.6641, 10.5814, 262.2351, -1.2043, -59.1965, -71.4252
-14.6602, -1.6866, -5.0078, 169.5526, 238.5526, 10.6866, 262.0813, -1.1869, -59.2671, -71.4279
-14.5055, -1.8039, -4.8185, 169.5253, 238.5253, 10.8039, 261.8920, -1.1230, -59.2489, -71.4308
-14.3477, -1.9246, -4.6382, 169.4391, 238.4391, 10.9246, 261.7116, -1.0572, -59.2909, -71.4358
-14.1939, -2.0042, -4.4833, 169.4249, 238.4249, 11.0042, 261.5568, -1.0430, -59.2691, -71.4248
-14.0300, -2.1211, -4.3008, 169.3888, 238.3888, 11.1211, 261.3743, -0.9929, -59.2629, -71.4301
-13.8656, -2.2536, -4.1277, 169.3250, 238.3250, 11.2536, 261.2011, -0.9383, -59.2864, -71.4509
-13.7092, -2.3636, -3.9236, 169.3156, 238.3156, 11.3636, 260.9970, -0.8705, -59.2517, -71.4417
-13.5347, -2.4838, -3.7850, 169.2171, 238.2171, 11.4838, 260.8585, -0.8559, -59.3175, -71.4661
-13.3673, -2.5811, -3.5718, 169.1856, 238.1856, 11.5811, 260.6453, -0.7938, -59.3039, -71.4395
-13.1994, -2.7015, -3.4200, 169.2129, 238.2129, 11.7015, 260.4934, -0.7822, -59.2450, -71.4689
-13.0289, -2.8178, -3.2450, 169.0983, 238.0983, 11.8178, 260.3184, -0.7327, -59.3219, -71.4703
-12.8588, -2.9398, -3.0557, 169.0839, 238.0839, 11.9398, 260.1291, -0.6843, -59.2985, -71.4783
-12.7033, -3.0631, -2.8606, 169.0132, 238.0132, 12.0631, 259.9340, -0.6063, -59.3304, -71.4796
-12.5473, -3.1451, -2.7130, 169.0256, 238.0256, 12.1451, 259.7864, -0.6030, -59.2899, -71.4768
-12.3930, -3.2746, -2.5185, 169.0087, 238.0087, 12.2746, 259.5920, -0.5294, -59.2704, -71.4886
-12.2199, -3.3872, -2.3538, 168.8761, 237.8761, 12.3872, 259.4272, -0.4918, -59.3706, -71.4902
-12.0480, -3.4816, -2.2039, 168.8704, 237.8704, 12.4816, 259.2774, -0.4938, -59.3492, -71.4952
-11.8758, -3.6250, -1.9961, 168.8273, 237.8273, 12.6250, 259.0695, -0.4166, -59.3556, -71.5098
-11.6934, -3.7445, -1.8100, 168.8161, 237.8161, 12.7445, 258.8835, -0.3851, -59.3349, -71.5177
-11.5115, -3.8865, -1.5779, 168.7886, 237.7886, 12.8865, 258.6514, -0.3002, -59.3238, -71.5203
-11.3208, -4.0200, -1.3920, 168.7045, 237.7045, 13.0200, 258.4654, -0.2603, -59.3770, -71.5336
-11.1274, -4.1063, -1.2014, 168.6657, 237.6657, 13.1063, 258.2748, -0.2496, -59.3850, -71.5082
-10.9371, -4.2671, -0.9575, 168.6002, 237.6002, 13.2671, 258.0310, -0.1491, -59.4129, -71.5175
-10.7477, -4.3907, -0.7713, 168.6177, 237.6177, 13.3907, 257.8448, -0.1261, -59.3683, -71.5315
-10.5829, -4.5008, -0.5965, 168.5436, 237.5436, 13.5008, 257.6700, -0.0829, -59.4167, -71.5312
-10.3838, -4.6288, -0.3954, 168.5585, 237.5585, 13.6288, 257.4689, -0.0544, -59.3741, -71.5413
-10.1707, -4.7915, -0.1607, 168.4366, 237.4366, 13.7915, 257.2341, 0.0217, -59.4638, -71.5517
-9.9532, -4.9135, 0.0407, 168.4495, 237.4495, 13.9135, 257.0328, 0.0285, -59.4251, -71.5562
-9.7743, -5.0605, 0.3008, 168.3610, 237.3610, 14.0605, 256.7726, 0.1495, -59.4802, -71.5434
-9.5656, -5.1929, 0.5186, 168.3799, 237.3799, 14.1929, 256.5549, 0.1843, -59.4358, -71.5491
-9.3990, -5.3641, 0.7321, 168.3073, 237.3073, 14.3641, 256.3414, 0.2886, -59.4845, -71.5820
-9.2483, -5.4740, 0.9366, 168.2735, 237.2735, 14.4740, 256.1369, 0.3662, -59.4952, -71.5704
-9.0984, -5.5674, 1.0816, 168.2433, 237.2433, 14.5674, 255.9919, 0.3850, -59.5101, -71.5748
-8.9385, -5.6714, 1.2414, 168.2902, 237.2902, 14.6714, 255.8321, 0.4043, -59.4478, -71.5880
-8.7838, -5.7776, 1.4167, 168.2267, 237.2267, 14.7776, 255.6568, 0.4536, -59.4935, -71.5851
-8.6159, -5.8816, 1.6263, 168.1978, 237.1978, 14.8816, 255.4471, 0.5142, -59.5016, -71.5662
-8.4458, -6.0039, 1.7535, 168.0951, 237.0951, 15.0039, 255.3200, 0.5176, -59.5941, -71.5978
-8.2600, -6.1183, 1.9582, 168.1202, 237.1202, 15.1183, 255.1153, 0.5559, -59.5513, -71.5953
-8.0776, -6.2511, 2.1670, 168.1123, 237.1123, 15.2511, 254.9065, 0.6136, -59.5423, -71.6035
-7.8913, -6.3994, 2.4004, 168.0895, 237.0895, 15.3994, 254.6730, 0.6974, -59.5471, -71.6112
-7.7291, -6.5316, 2.5843, 167.9779, 236.9779, 15.5316, 254.4891, 0.7618, -59.6456, -71.6219
-7.5647, -6.6571, 2.7709, 167.9961, 236.9961, 15.6571, 254.3025, 0.8135, -59.6154, -71.6374
-7.4153, -6.7448, 2.9811, 168.0229, 237.0229, 15.7448, 254.0923, 0.8813, -59.5730, -71.6093
-7.2642, -6.8493, 3.1135, 167.9344, 236.9344, 15.8493, 253.9600, 0.8965, -59.6547, -71.6244
-7.1165, -6.9771, 3.3056, 167.9094, 236.9094, 15.9771, 253.7679, 0.9742, -59.6689, -71.6351
-6.9570, -7.0598, 3.4359, 167.8634, 236.8634, 16.0598, 253.6375, 0.9648, -59.7087, -71.6363
-6.7975, -7.2092, 3.6405, 167.8162, 236.8162, 16.2092, 253.4329, 1.0530, -59.7466, -71.6573
-6.6265, -7.2668, 3.7830, 167.8487, 236.8487, 16.2668, 253.2904, 1.0248, -59.7072, -71.6379
-6.4389, -7.4204, 3.9430, 167.7405, 236.7405, 16.4204, 253.1304, 1.0501, -59.8121, -71.6794
-6.2411, -7.5512, 4.1897, 167.7656, 236.7656, 16.5512, 252.8838, 1.1212, -59.7766, -71.6698
-6.0706, -7.7216, 4.4523, 167.7709, 236.7709, 16.7216, 252.6212, 1.2555, -59.7626, -71.6844
-5.9115, -7.8298, 4.5788, 167.6607, 236.6607, 16.8298, 252.4947, 1.2578, -59.8717, -71.7035
-5.7511, -7.9132, 4.7996, 167.7670, 236.7670, 16.9132, 252.2738, 1.3187, -59.7570, -71.6737
-5.5934, -8.0673, 4.9509, 167.5912, 236.5912, 17.0673, 252.1225, 1.3686, -59.9335, -71.7138
-5.4105, -8.1164, 5.1482, 167.7393, 236.7393, 17.1164, 251.9252, 1.3676, -59.7789, -71.6701
-5.2541, -8.3056, 5.3066, 167.5247, 236.5247, 17.3056, 251.7669, 1.4428, -59.9971, -71.7333
-5.0897, -8.3778, 5.5388, 167.6765, 236.6765, 17.3778, 251.5347, 1.5035, -59.8389, -71.6922
-4.9003, -8.5218, 5.6935, 167.5281, 236.5281, 17.5218, 251.3799, 1.5153, -59.9911, -71.7244
-4.7254, -8.6543, 5.9246, 167.5832, 236.5832, 17.6543, 251.1488, 1.5974, -59.9352, -71.7269
-4.5558, -8.7926, 6.0746, 167.4448, 236.4448, 17.7926, 250.9988, 1.6215, -60.0783, -71.7574
-4.3910, -8.9619, 6.2588, 167.2559, 236.2559, 17.9619, 250.8147, 1.6957, -60.2726, -71.7929
-4.2069, -9.0197, 6.4131, 167.3360, 236.3360, 18.0197, 250.6604, 1.6635, -60.1938, -71.7721
-4.0337, -9.1355, 6.6613, 167.4049, 236.4049, 18.1355, 250.4122, 1.7538, -60.1257, -71.7529
-3.8602, -9.2691, 6.8581, 167.3483, 236.3483, 18.2691, 250.2154, 1.8092, -60.1877, -71.7633
-3.6708, -9.4016, 7.0051, 167.2364, 236.2364, 18.4016, 250.0683, 1.8042, -60.3084, -71.7928
-3.4906, -9.5141, 7.2061, 167.3374, 236.3374, 18.5141, 249.8673, 1.8451, -60.2134, -71.7975
-3.3016, -9.6627, 7.4095, 167.2318, 236.2318, 18.6627, 249.6640, 1.8964, -60.3281, -71.8131
-3.0929, -9.7979, 7.6359, 167.2597, 236.2597, 18.7979, 249.4376, 1.9405, -60.3097, -71.8177
-2.9008, -9.9413, 7.9019, 167.2692, 236.2692, 18.9413, 249.1716, 2.0405, -60.3093, -71.8078
-2.6745, -10.0627, 8.1136, 167.2300, 236.2300, 19.0627, 248.9598, 2.0456, -60.3599, -71.8019
-2.4904, -10.2202, 8.3423, 167.2337, 236.2337, 19.2202, 248.7312, 2.1286, -60.3699, -71.8224
-2.3142, -10.3838, 8.5150, 167.1171, 236.1171, 19.3838, 248.5585, 2.1717, -60.5026, -71.8652
-2.1349, -10.4821, 8.7131, 167.1461, 236.1461, 19.4821, 248.3604, 2.2037, -60.4846, -71.8525
-1.9600, -10.6102, 8.8971, 167.0994, 236.0994, 19.6102, 248.1764, 2.2411, -60.5457, -71.8656
-1.7903, -10.7089, 9.0715, 167.1416, 236.1416, 19.7089, 248.0019, 2.2635, -60.5163, -71.8664
-1.6308, -10.8456, 9.2740, 167.0785, 236.0785, 19.8456, 247.7994, 2.3364, -60.5953, -71.8761
-1.4476, -10.9063, 9.4193, 167.1733, 236.1733, 19.9063, 247.6541, 2.3022, -60.5122, -71.8637
-1.2705, -11.0508, 9.6412, 167.1171, 236.1171, 20.0508, 247.4323, 2.3770, -60.5870, -71.8710
-1.1052, -11.1968, 9.9325, 167.2084, 236.2084, 20.1968, 247.1409, 2.5313, -60.5152, -71.8580
-0.9211, -11.2985, 9.9733, 167.0698, 236.0698, 20.2985, 247.1001, 2.4164, -60.6712, -71.9121
-0.7528, -11.4088, 10.2632, 167.1614, 236.1614, 20.4088, 246.8103, 2.5485, -60.5977, -71.8692
-0.5810, -11.5327, 10.3907, 167.0597, 236.0597, 20.5327, 246.6827, 2.5336, -60.7193, -71.9022
-0.4052, -11.6526, 10.6562, 167.1755, 236.1755, 20.6526, 246.4173, 2.6431, -60.6252, -71.8820
-0.2364, -11.7799, 10.8097, 167.1081, 236.1081, 20.7799, 246.2638, 2.6568, -60.7144, -71.9079
-0.0615, -11.9017, 10.9615, 166.9887, 235.9887, 20.9017, 246.1119, 2.6561, -60.8556, -71.9252
0.1318, -12.0243, 11.1987, 167.1011, 236.1011, 21.0243, 245.8748, 2.7242, -60.7688, -71.9213
0.3129, -12.1477, 11.3404, 167.0057, 236.0057, 21.1477, 245.7330, 2.7096, -60.8878, -71.9471
0.5168, -12.2348, 11.6132, 167.1885, 236.1885, 21.2348, 245.4603, 2.7852, -60.7301, -71.9013
0.6930, -12.4166, 11.8491, 167.1256, 236.1256, 21.4166, 245.2243, 2.8881, -60.8266, -71.9330
0.8934, -12.5403, 12.0038, 166.9726, 235.9726, 21.5403, 245.0697, 2.8584, -61.0064, -71.9473
1.0850, -12.6745, 12.2133, 167.0212, 236.0212, 21.6745, 244.8601, 2.9060, -60.9888, -71.9614
1.2652, -12.7737, 12.4162, 167.1372, 236.1372, 21.7737, 244.6573, 2.9486, -60.9002, -71.9552
1.4511, -12.9015, 12.5830, 167.1044, 236.1044, 21.9015, 244.4904, 2.9557, -60.9629, -71.9779
1.6167, -13.0490, 12.8543, 167.0916, 236.0916, 22.0490, 244.2191, 3.0856, -61.0114, -71.9668
1.7833, -13.1218, 12.9905, 167.1771, 236.1771, 22.1218, 244.0829, 3.0700, -60.9493, -71.9686
1.9701, -13.2378, 13.1649, 167.0514, 236.0514, 22.2378, 243.9085, 3.0671, -61.1051, -71.9688
2.1665, -13.3908, 13.4659, 167.2535, 236.2535, 22.3908, 243.6076, 3.2134, -60.9474, -71.9671
2.3418, -13.4930, 13.5937, 167.2074, 236.2074, 22.4930, 243.4798, 3.1829, -61.0216, -71.9864
2.5225, -13.6438, 13.8448, 167.2036, 236.2036, 22.6438, 243.2286, 3.2813, -61.0669, -71.9890
2.7294, -13.7608, 14.0740, 167.2889, 236.2889, 22.7608, 242.9995, 3.3255, -61.0211, -71.9820
2.9149, -13.8753, 14.2215, 167.1567, 236.1567, 22.8753, 242.8520, 3.2966, -61.1858, -71.9939
3.0863, -14.0261, 14.4577, 167.1947, 236.1948, 23.0261, 242.6158, 3.3961, -61.1915, -72.0080
3.2678, -14.1228, 14.6259, 167.2244, 236.2244, 23.1228, 242.4475, 3.3984, -61.1959, -72.0091
3.4414, -14.2536, 14.8386, 167.2700, 236.2700, 23.2536, 242.2349, 3.4662, -61.1922, -72.0185
3.5934, -14.4053, 15.0841, 167.1533, 236.1533, 23.4053, 241.9893, 3.5753, -61.3534, -72.0144
3.7586, -14.4507, 15.2423, 167.3430, 236.3430, 23.4507, 241.8312, 3.5813, -61.1929, -71.9912
3.9208, -14.5653, 15.4082, 167.4068, 236.4068, 23.5653, 241.6652, 3.6157, -61.1677, -72.0119
4.1014, -14.6756, 15.5692, 167.3257, 236.3257, 23.6756, 241.5043, 3.6046, -61.2863, -72.0181
4.2917, -14.8144, 15.7947, 167.3800, 236.3800, 23.8144, 241.2787, 3.6707, -61.2815, -72.0287
4.4684, -14.9725, 16.0303, 167.4363, 236.4363, 23.9725, 241.0432, 3.7698, -61.2786, -72.0510
4.6516, -15.0774, 16.2468, 167.4728, 236.4728, 24.0774, 240.8266, 3.8166, -61.2873, -72.0354
4.8261, -15.1939, 16.3864, 167.3464, 236.3464, 24.1939, 240.6870, 3.7884, -61.4523, -72.0536
5.0115, -15.2907, 16.5845, 167.4638, 236.4638, 24.2907, 240.4889, 3.8246, -61.3802, -72.0477
5.1935, -15.4304, 16.8091, 167.5004, 236.5004, 24.4304, 240.2644, 3.8965, -61.3973, -72.0580
5.3490, -15.5577, 17.0038, 167.5468, 236.5468, 24.5577, 240.0697, 3.9677, -61.3996, -72.0735
5.5182, -15.6644, 17.1994, 167.4989, 236.4989, 24.6644, 239.8740, 3.9988, -61.4930, -72.0623
5.7146, -15.7436, 17.3249, 167.5276, 236.5276, 24.7436, 239.7486, 3.9388, -61.5027, -72.0698
5.8878, -15.8643, 17.5978, 167.6565, 236.6565, 24.8643, 239.4756, 4.0671, -61.4339, -72.0478
6.0456, -16.0138, 17.7946, 167.5681, 236.5681, 25.0138, 239.2788, 4.1245, -61.5756, -72.0690
6.2108, -16.0721, 17.9504, 167.7299, 236.7299, 25.0721, 239.1230, 4.1365, -61.4540, -72.0555
6.3804, -16.2275, 18.1312, 167.6821, 236.6821, 25.2275, 238.9423, 4.1765, -61.5575, -72.0935
6.5522, -16.3151, 18.2914, 167.7013, 236.7013, 25.3151, 238.7821, 4.1749, -61.5828, -72.0898
6.7184, -16.4344, 18.4658, 167.6931, 236.6931, 25.4344, 238.6076, 4.2020, -61.6419, -72.1037
6.8893, -16.5609, 18.7060, 167.7892, 236.7892, 25.5609, 238.3675, 4.3024, -61.6086, -72.1002
7.0479, -16.6460, 18.8908, 167.8081, 236.8081, 25.6460, 238.1826, 4.3346, -61.6376, -72.0820
7.2185, -16.7818, 19.0807, 167.8015, 236.8015, 25.7818, 237.9927, 4.3779, -61.7024, -72.1024
7.3885, -16.8885, 19.2669, 167.8123, 236.8123, 25.8885, 237.8066, 4.4074, -61.7454, -72.1013
7.5674, -17.0079, 19.4536, 167.9141, 236.9141, 26.0079, 237.6199, 4.4514, -61.7033, -72.1191
7.7396, -17.1015, 19.6025, 167.8828, 236.8828, 26.1015, 237.4710, 4.4320, -61.7821, -72.1216
7.9141, -17.2084, 19.8324, 167.9906, 236.9906, 26.2084, 237.2410, 4.5131, -61.7387, -72.1075
8.1404, -17.3013, 20.0389, 168.0753, 237.0753, 26.3013, 237.0345, 4.5073, -61.7173, -72.0910
8.3593, -17.4873, 20.2583, 168.0163, 237.0163, 26.4873, 236.8152, 4.5355, -61.8549, -72.1349
8.5355, -17.6337, 20.5554, 168.1154, 237.1155, 26.6337, 236.5180, 4.6894, -61.8396, -72.1201
8.7091, -17.7356, 20.6997, 168.1687, 237.1687, 26.7356, 236.3738, 4.6850, -61.8407, -72.1399
8.8761, -17.8630, 20.9278, 168.1212, 237.1212, 26.8630, 236.1456, 4.7496, -61.9565, -72.1301
9.0527, -17.9787, 21.1297, 168.1709, 237.1709, 26.9787, 235.9438, 4.7965, -61.9736, -72.1323
9.2285, -18.0811, 21.2882, 168.2608, 237.2608, 27.0811, 235.7853, 4.8099, -61.9434, -72.1487
9.4390, -18.2073, 21.4683, 168.2254, 237.2254, 27.2073, 235.6051, 4.7875, -62.0462, -72.1631
9.6368, -18.3486, 21.7216, 168.3271, 237.3271, 27.3486, 235.3519, 4.8789, -62.0299, -72.1663
9.8354, -18.4802, 22.0065, 168.4315, 237.4315, 27.4802, 235.0669, 4.9925, -62.0155, -72.1454
10.0731, -18.5720, 22.1645, 168.4917, 237.4917, 27.5720, 234.9090, 4.9268, -62.0207, -72.1501
10.2551, -18.7189, 22.3749, 168.3947, 237.3947, 27.7189, 234.6986, 4.9545, -62.1931, -72.1616
10.4313, -18.8877, 22.6759, 168.5588, 237.5588, 27.8877, 234.3976, 5.1378, -62.1329, -72.1700
10.5943, -18.9604, 22.8010, 168.5712, 237.5711, 27.9604, 234.2725, 5.1042, -62.1709, -72.1705
10.7539, -19.0769, 22.9847, 168.6792, 237.6792, 28.0769, 234.0888, 5.1683, -62.1354, -72.1879
10.9230, -19.1927, 23.1717, 168.6463, 237.6463, 28.1927, 233.9017, 5.1893, -62.2379, -72.1902
11.1076, -19.2992, 23.3743, 168.6975, 237.6975, 28.2992, 233.6991, 5.2230, -62.2624, -72.1844
11.2970, -19.4006, 23.5644, 168.8132, 237.8132, 28.4006, 233.5091, 5.2551, -62.2227, -72.1863
11.4627, -19.5549, 23.7890, 168.8118, 237.8118, 28.5549, 233.2844, 5.3370, -62.3115, -72.2056
11.6341, -19.6465, 23.9725, 168.9261, 237.9261, 28.6465, 233.1010, 5.3783, -62.2701, -72.2024
11.7998, -19.7638, 24.1373, 168.9170, 237.9170, 28.7638, 232.9362, 5.3896, -62.3493, -72.2193
11.9791, -19.8717, 24.3357, 168.9356, 237.9356, 28.8717, 232.7378, 5.4169, -62.4083, -72.2137
12.1263, -19.9577, 24.4663, 168.9219, 237.9219, 28.9577, 232.6071, 5.4030, -62.4783, -72.2206
12.2827, -20.0736, 24.7181, 169.0823, 238.0823, 29.0736, 232.3553, 5.5422, -62.4125, -72.2080
12.4563, -20.1762, 24.8652, 169.1135, 238.1135, 29.1762, 232.2083, 5.5330, -62.4500, -72.2249
12.6180, -20.2374, 25.0452, 169.2358, 238.2358, 29.2374, 232.0282, 5.5707, -62.3973, -72.1980
12.7604, -20.3731, 25.2090, 169.1887, 238.1887, 29.3731, 231.8644, 5.6029, -62.5182, -72.2277
12.9480, -20.4583, 25.3734, 169.2442, 238.2442, 29.4583, 231.7001, 5.5913, -62.5353, -72.2232
13.1234, -20.5781, 25.5433, 169.2403, 238.2403, 29.5781, 231.5301, 5.5967, -62.6171, -72.2402
13.2926, -20.7075, 25.7995, 169.3064, 238.3064, 29.7075, 231.2739, 5.7054, -62.6523, -72.2283
13.4833, -20.8084, 26.0059, 169.4090, 238.4090, 29.8084, 231.0676, 5.7463, -62.6393, -72.2205
13.6542, -20.9317, 26.1830, 169.4790, 238.4790, 29.9317, 230.8904, 5.7851, -62.6551, -72.2436
13.8125, -21.0600, 26.3729, 169.5352, 238.5352, 30.0600, 230.7005, 5.8466, -62.6874, -72.2633
13.9953, -21.1626, 26.5884, 169.5467, 238.5467, 30.1626, 230.4850, 5.8773, -62.7651, -72.2440
14.1552, -21.2731, 26.7848, 169.7470, 238.7470, 30.2731, 230.2886, 5.9776, -62.6599, -72.2583
14.3108, -21.3896, 26.9847, 169.7311, 238.7311, 30.3896, 230.0887, 6.0227, -62.7622, -72.2563
14.4980, -21.4520, 27.0891, 169.7586, 238.7586, 30.4520, 229.9844, 5.9416, -62.7935, -72.2598
14.6747, -21.5729, 27.2917, 169.7776, 238.7776, 30.5729, 229.7818, 5.9778, -62.8679, -72.2634
14.8482, -21.6972, 27.4717, 169.8971, 238.8971, 30.6972, 229.6017, 6.0316, -62.8435, -72.2904
15.0315, -21.7929, 27.6393, 169.8525, 238.8525, 30.7929, 229.4342, 5.9991, -62.9661, -72.2841
15.2125, -21.9101, 27.8880, 170.0358, 239.0358, 30.9101, 229.1854, 6.1190, -62.8985, -72.2763
15.4037, -22.0152, 28.0599, 170.0265, 239.0265, 31.0152, 229.0135, 6.0964, -62.9934, -72.2791
15.5931, -22.1310, 28.2983, 170.1823, 239.1823, 31.1310, 228.7751, 6.1894, -62.9520, -72.2728
15.7478, -22.2625, 28.4954, 170.2287, 239.2287, 31.2625, 228.5780, 6.2574, -63.0046, -72.2907
15.9192, -22.3530, 28.6554, 170.2172, 239.2172, 31.3530, 228.4180, 6.2384, -63.0952, -72.2869
16.0827, -22.4664, 28.8547, 170.3498, 239.3498, 31.4664, 228.2187, 6.3188, -63.0656, -72.2960
16.2422, -22.5599, 29.0260, 170.3505, 239.3505, 31.5599, 228.0475, 6.3270, -63.1482, -72.2901
16.4057, -22.6787, 29.2285, 170.4016, 239.4016, 31.6787, 227.8449, 6.3849, -63.1986, -72.2948
16.5885, -22.7597, 29.3728, 170.5176, 239.5176, 31.7597, 227.7007, 6.3784, -63.1673, -72.3024
16.7739, -22.8711, 29.5710, 170.6823, 239.6823, 31.8711, 227.5024, 6.4444, -63.1129, -72.3133
16.9541, -22.9891, 29.7444, 170.6118, 239.6118, 31.9891, 227.3291, 6.4166, -63.2735, -72.3209
17.1360, -23.0969, 29.9825, 170.7529, 239.7529, 32.0969, 227.0910, 6.5094, -63.2521, -72.3065
17.2995, -23.1876, 30.1615, 170.8526, 239.8526, 32.1876, 226.9119, 6.5519, -63.2482, -72.3034
17.4788, -23.3378, 30.3693, 170.8704, 239.8704, 32.3378, 226.7042, 6.5975, -63.3459, -72.3293
17.6251, -23.4206, 30.5444, 170.9050, 239.9050, 32.4206, 226.5290, 6.6286, -63.3990, -72.3154
17.7820, -23.5354, 30.7391, 171.0373, 240.0373, 32.5354, 226.3344, 6.7135, -63.3770, -72.3282
17.9662, -23.6262, 30.8633, 171.1070, 240.1070, 32.6262, 226.2102, 6.6771, -63.3914, -72.3500
18.1547, -23.7201, 31.0485, 171.1420, 240.1420, 32.7202, 226.0250, 6.6743, -63.4566, -72.3406
18.3050, -23.8251, 31.2994, 171.3015, 240.3015, 32.8251, 225.7741, 6.8185, -63.4242, -72.3190
18.4702, -23.9249, 31.4529, 171.2401, 240.2401, 32.9249, 225.6205, 6.7817, -63.5698, -72.3217
18.6201, -24.0489, 31.6571, 171.3961, 240.3961, 33.0489, 225.4164, 6.8952, -63.5345, -72.3398
18.7862, -24.1429, 31.8033, 171.5376, 240.5376, 33.1429, 225.2701, 6.9250, -63.4908, -72.3597
18.9321, -24.2351, 31.9824, 171.5001, 240.5001, 33.2351, 225.0911, 6.9350, -63.6190, -72.3453
19.0912, -24.3070, 32.1293, 171.5712, 240.5712, 33.3070, 224.9441, 6.9366, -63.6348, -72.3396
19.2533, -24.4039, 32.2626, 171.5925, 240.5925, 33.4039, 224.8109, 6.9152, -63.6997, -72.3577
19.4234, -24.5039, 32.4790, 171.7401, 240.7401, 33.5039, 224.5945, 7.0028, -63.6758, -72.3481
19.5886, -24.5900, 32.6153, 171.6964, 240.6964, 33.5900, 224.4581, 6.9499, -63.7998, -72.3494
19.7530, -24.7301, 32.8267, 171.8009, 240.8009, 33.7301, 224.2467, 7.0400, -63.8257, -72.3728
19.9055, -24.8118, 33.0180, 171.9229, 240.9228, 33.8118, 224.0555, 7.1088, -63.8132, -72.3579
19.9854, -24.8995, 33.1402, 171.9608, 240.9608, 33.8995, 223.9332, 7.1715, -63.8496, -72.3751
19.9938, -24.9617, 33.2585, 172.0529, 241.0529, 33.9617, 223.8150, 7.3215, -63.8197, -72.3774
19.9956, -24.9628, 33.2598, 172.0465, 241.0465, 33.9628, 223.8137, 7.3185, -63.8264, -72.3771
