# Joint_B_Angle(deg), Cam_X(mm), Cam_Y(mm), Cam_Z(mm), Torso_X(mm), Torso_Y(mm), Torso_Z(mm), EE_X(mm), EE_Y(mm), EE_Z(mm), T_cam2marker_flat(16), T_torso2marker_flat(16), T_ee2marker_flat(16)
-19.7842, 36.2454, -6.0406, 188.3578, 257.3578, -27.2454, 263.1140, -22.1958, -44.2481, -40.8533, 0.643661, 0.760122, -0.088970, 0.036245, -0.709092, 0.636068, 0.304312, -0.006041, 0.287906, -0.132786, 0.948408, 0.188358, 0.000000, 0.000000, 0.000000, 1.000000, 0.287906, -0.132786, 0.948408, 0.257358, -0.643661, -0.760122, 0.088970, -0.027245, 0.709092, -0.636068, -0.304312, 0.263114, 0.000000, 0.000000, 0.000000, 1.000000, -0.983980, 0.175621, 0.030678, -0.022196, 0.032359, 0.006717, 0.999454, -0.044248, 0.175319, 0.984435, -0.012292, -0.040853, 0.000000, 0.000000, 0.000000, 1.000000
-19.5372, 36.1847, -5.9649, 188.4564, 257.4564, -27.1847, 263.0384, -22.3207, -44.0326, -40.8770, 0.643841, 0.760246, -0.086576, 0.036185, -0.710949, 0.636215, 0.299635, -0.005965, 0.282877, -0.131366, 0.950118, 0.188456, 0.000000, 0.000000, 0.000000, 1.000000, 0.282877, -0.131366, 0.950118, 0.257456, -0.643841, -0.760246, 0.086576, -0.027185, 0.710949, -0.636215, -0.299635, 0.263038, 0.000000, 0.000000, 0.000000, 1.000000, -0.984070, 0.175318, 0.029479, -0.022321, 0.031251, 0.007353, 0.999485, -0.044033, 0.175011, 0.984484, -0.012715, -0.040877, 0.000000, 0.000000, 0.000000, 1.000000
-19.2880, 36.0117, -5.7797, 188.2643, 257.2643, -27.0117, 262.8531, -22.2211, -44.0575, -40.9163, 0.643568, 0.760452, -0.086797, 0.036012, -0.711769, 0.636320, 0.297459, -0.005780, 0.281434, -0.129655, 0.950781, 0.188264, 0.000000, 0.000000, 0.000000, 1.000000, 0.281434, -0.129655, 0.950781, 0.257264, -0.643568, -0.760452, 0.086797, -0.027012, 0.711769, -0.636320, -0.297459, 0.262853, 0.000000, 0.000000, 0.000000, 1.000000, -0.984072, 0.174870, 0.031971, -0.022221, 0.033934, 0.008247, 0.999390, -0.044058, 0.174500, 0.984557, -0.014050, -0.040916, 0.000000, 0.000000, 0.000000, 1.000000
-19.0424, 35.8587, -5.6076, 188.1639, 257.1639, -26.8587, 262.6811, -22.1647, -44.0023, -40.9533, 0.644176, 0.760265, -0.083864, 0.035859, -0.712310, 0.636234, 0.296346, -0.005608, 0.278659, -0.131161, 0.951392, 0.188164, 0.000000, 0.000000, 0.000000, 1.000000, 0.278659, -0.131161, 0.951392, 0.257164, -0.644176, -0.760265, 0.083864, -0.026859, 0.712310, -0.636234, -0.296346, 0.262681, 0.000000, 0.000000, 0.000000, 1.000000, -0.983933, 0.175326, 0.033701, -0.022165, 0.035306, 0.006039, 0.999358, -0.044002, 0.175010, 0.984492, -0.012132, -0.040953, 0.000000, 0.000000, 0.000000, 1.000000
-18.7980, 35.7701, -5.4865, 188.2410, 257.2410, -26.7701, 262.5600, -22.2279, -43.7956, -40.9764, 0.644396, 0.760422, -0.080701, 0.035770, -0.715054, 0.636604, 0.288847, -0.005487, 0.271021, -0.128426, 0.953968, 0.188241, 0.000000, 0.000000, 0.000000, 1.000000, 0.271021, -0.128426, 0.953968, 0.257241, -0.644396, -0.760422, 0.080701, -0.026770, 0.715054, -0.636604, -0.288847, 0.262560, 0.000000, 0.000000, 0.000000, 1.000000, -0.984150, 0.174863, 0.029522, -0.022228, 0.031405, 0.008012, 0.999475, -0.043796, 0.174535, 0.984560, -0.013376, -0.040976, 0.000000, 0.000000, 0.000000, 1.000000
-18.5647, 35.6061, -5.3069, 188.1210, 257.1211, -26.6061, 262.3804, -22.1445, -43.7634, -41.0173, 0.644903, 0.760267, -0.078062, 0.035606, -0.715174, 0.636340, 0.289131, -0.005307, 0.269491, -0.130634, 0.954102, 0.188121, 0.000000, 0.000000, 0.000000, 1.000000, 0.269491, -0.130634, 0.954102, 0.257121, -0.644903, -0.760267, 0.078062, -0.026606, 0.715174, -0.636340, -0.289131, 0.262380, 0.000000, 0.000000, 0.000000, 1.000000, -0.983976, 0.175322, 0.032462, -0.022144, 0.033882, 0.005113, 0.999413, -0.043763, 0.175053, 0.984498, -0.010971, -0.041017, 0.000000, 0.000000, 0.000000, 1.000000
-18.3256, 35.4188, -5.1348, 188.0159, 257.0159, -26.4188, 262.2083, -22.0638, -43.7170, -41.0834, 0.644965, 0.760378, -0.076457, 0.035419, -0.715666, 0.636053, 0.288548, -0.005135, 0.268036, -0.131385, 0.954408, 0.188016, 0.000000, 0.000000, 0.000000, 1.000000, 0.268036, -0.131385, 0.954408, 0.257016, -0.644965, -0.760378, 0.076457, -0.026419, 0.715666, -0.636053, -0.288548, 0.262208, 0.000000, 0.000000, 0.000000, 1.000000, -0.983894, 0.175238, 0.035264, -0.022064, 0.036454, 0.003576, 0.999329, -0.043717, 0.174995, 0.984519, -0.009906, -0.041083, 0.000000, 0.000000, 0.000000, 1.000000
-18.0628, 35.2855, -5.0197, 187.9771, 256.9770, -26.2855, 262.0931, -22.0919, -43.6164, -41.1374, 0.645301, 0.760487, -0.072434, 0.035285, -0.716854, 0.635579, 0.286636, -0.005020, 0.264021, -0.133042, 0.955297, 0.187977, 0.000000, 0.000000, 0.000000, 1.000000, 0.264021, -0.133042, 0.955297, 0.256977, -0.645301, -0.760487, 0.072434, -0.026285, 0.716854, -0.635579, -0.286636, 0.262093, 0.000000, 0.000000, 0.000000, 1.000000, -0.983871, 0.175218, 0.036016, -0.022092, 0.036768, 0.001046, 0.999323, -0.043616, 0.175062, 0.984529, -0.007472, -0.041137, 0.000000, 0.000000, 0.000000, 1.000000
-17.8044, 35.1691, -4.8322, 187.9371, 256.9371, -26.1691, 261.9057, -22.0647, -43.5014, -41.1407, 0.645917, 0.760195, -0.069966, 0.035169, -0.718575, 0.636370, 0.280504, -0.004832, 0.257762, -0.130906, 0.957299, 0.187937, 0.000000, 0.000000, 0.000000, 1.000000, 0.257762, -0.130906, 0.957299, 0.256937, -0.645917, -0.760195, 0.069966, -0.026169, 0.718575, -0.636370, -0.280504, 0.261906, 0.000000, 0.000000, 0.000000, 1.000000, -0.983902, 0.175502, 0.033711, -0.022065, 0.034694, 0.002534, 0.999395, -0.043501, 0.175311, 0.984476, -0.008582, -0.041141, 0.000000, 0.000000, 0.000000, 1.000000
-17.5289, 34.9608, -4.6420, 187.8361, 256.8361, -25.9608, 261.7155, -21.9866, -43.4353, -41.2163, 0.645333, 0.760868, -0.068008, 0.034961, -0.719657, 0.635400, 0.279932, -0.004642, 0.256204, -0.131706, 0.957608, 0.187836, 0.000000, 0.000000, 0.000000, 1.000000, 0.256204, -0.131706, 0.957608, 0.256836, -0.645333, -0.760868, 0.068008, -0.025961, 0.719657, -0.635400, -0.279932, 0.261715, 0.000000, 0.000000, 0.000000, 1.000000, -0.983952, 0.174559, 0.036979, -0.021987, 0.037670, 0.000642, 0.999290, -0.043435, 0.174412, 0.984646, -0.007208, -0.041216, 0.000000, 0.000000, 0.000000, 1.000000
-17.2542, 34.8040, -4.4703, 187.7190, 256.7190, -25.8040, 261.5437, -21.9452, -43.3935, -41.2552, 0.645982, 0.760550, -0.065351, 0.034804, -0.721795, 0.636434, 0.271964, -0.004470, 0.248434, -0.128514, 0.960086, 0.187719, 0.000000, 0.000000, 0.000000, 1.000000, 0.248434, -0.128514, 0.960086, 0.256719, -0.645982, -0.760550, 0.065351, -0.025804, 0.721795, -0.636434, -0.271964, 0.261544, 0.000000, 0.000000, 0.000000, 1.000000, -0.984038, 0.174830, 0.033227, -0.021945, 0.034309, 0.003165, 0.999406, -0.043393, 0.174621, 0.984594, -0.009113, -0.041255, 0.000000, 0.000000, 0.000000, 1.000000
-16.9620, 34.6819, -4.2809, 187.8431, 256.8431, -25.6819, 261.3544, -21.9756, -43.1098, -41.2776, 0.646973, 0.760147, -0.060018, 0.034682, -0.722441, 0.636251, 0.270672, -0.004281, 0.243937, -0.131758, 0.960799, 0.187843, 0.000000, 0.000000, 0.000000, 1.000000, 0.243937, -0.131758, 0.960799, 0.256843, -0.646973, -0.760147, 0.060018, -0.025682, 0.722441, -0.636251, -0.270672, 0.261354, 0.000000, 0.000000, 0.000000, 1.000000, -0.983853, 0.175642, 0.034392, -0.021976, 0.034775, -0.000899, 0.999395, -0.043110, 0.175566, 0.984454, -0.005223, -0.041278, 0.000000, 0.000000, 0.000000, 1.000000
-16.6874, 34.4570, -4.0556, 187.5814, 256.5814, -25.4570, 261.1290, -21.8218, -43.1955, -41.3352, 0.646565, 0.760495, -0.060005, 0.034457, -0.723904, 0.636462, 0.266230, -0.004056, 0.240658, -0.128697, 0.962040, 0.187581, 0.000000, 0.000000, 0.000000, 1.000000, 0.240658, -0.128697, 0.962040, 0.256581, -0.646565, -0.760495, 0.060005, -0.025457, 0.723904, -0.636462, -0.266230, 0.261129, 0.000000, 0.000000, 0.000000, 1.000000, -0.983949, 0.174945, 0.035200, -0.021822, 0.035976, 0.001266, 0.999352, -0.043195, 0.174787, 0.984577, -0.007539, -0.041335, 0.000000, 0.000000, 0.000000, 1.000000
-16.3815, 34.3336, -3.8470, 187.8240, 256.8240, -25.3336, 260.9205, -21.8693, -42.7894, -41.3600, 0.647879, 0.760021, -0.051196, 0.034334, -0.726168, 0.636524, 0.259839, -0.003847, 0.230071, -0.131167, 0.964294, 0.187824, 0.000000, 0.000000, 0.000000, 1.000000, 0.230071, -0.131167, 0.964294, 0.256824, -0.647879, -0.760021, 0.051196, -0.025334, 0.726168, -0.636524, -0.259839, 0.260920, 0.000000, 0.000000, 0.000000, 1.000000, -0.983964, 0.175785, 0.030257, -0.021869, 0.030372, -0.002037, 0.999537, -0.042789, 0.175765, 0.984427, -0.003335, -0.041360, 0.000000, 0.000000, 0.000000, 1.000000
-16.0928, 34.1327, -3.6456, 187.6349, 256.6349, -25.1327, 260.7190, -21.7742, -42.8095, -41.4154, 0.647422, 0.760429, -0.050915, 0.034133, -0.727013, 0.636255, 0.258130, -0.003646, 0.228684, -0.130104, 0.964768, 0.187635, 0.000000, 0.000000, 0.000000, 1.000000, 0.228684, -0.130104, 0.964768, 0.256635, -0.647422, -0.760429, 0.050915, -0.025133, 0.727013, -0.636255, -0.258130, 0.260719, 0.000000, 0.000000, 0.000000, 1.000000, -0.983974, 0.175112, 0.033625, -0.021774, 0.033804, -0.001964, 0.999427, -0.042809, 0.175078, 0.984547, -0.003987, -0.041415, 0.000000, 0.000000, 0.000000, 1.000000
-15.8054, 33.9377, -3.4669, 187.4268, 256.4268, -24.9377, 260.5404, -21.6968, -42.8562, -41.4755, 0.647413, 0.760481, -0.050245, 0.033938, -0.727728, 0.636423, 0.255689, -0.003467, 0.226424, -0.128972, 0.965452, 0.187427, 0.000000, 0.000000, 0.000000, 1.000000, 0.226424, -0.128972, 0.965452, 0.256427, -0.647413, -0.760481, 0.050245, -0.024938, 0.727728, -0.636423, -0.255689, 0.260540, 0.000000, 0.000000, 0.000000, 1.000000, -0.983910, 0.174976, 0.036113, -0.021697, 0.036376, -0.001704, 0.999337, -0.042856, 0.174921, 0.984571, -0.004689, -0.041475, 0.000000, 0.000000, 0.000000, 1.000000
-15.5215, 33.7595, -3.2290, 187.4659, 256.4659, -24.7595, 260.3024, -21.6275, -42.6522, -41.5142, 0.648382, 0.760098, -0.043031, 0.033759, -0.729542, 0.636488, 0.250304, -0.003229, 0.217644, -0.130900, 0.967210, 0.187466, 0.000000, 0.000000, 0.000000, 1.000000, 0.217644, -0.130900, 0.967210, 0.256466, -0.648382, -0.760098, 0.043031, -0.024759, 0.729542, -0.636488, -0.250304, 0.260302, 0.000000, 0.000000, 0.000000, 1.000000, -0.983922, 0.175610, 0.032546, -0.021628, 0.032270, -0.004425, 0.999469, -0.042652, 0.175660, 0.984450, -0.001313, -0.041514, 0.000000, 0.000000, 0.000000, 1.000000
-15.2394, 33.5712, -3.0464, 187.4005, 256.4005, -24.5712, 260.1198, -21.5759, -42.5645, -41.5795, 0.648079, 0.760488, -0.040641, 0.033571, -0.730902, 0.636084, 0.247347, -0.003046, 0.213955, -0.130595, 0.968074, 0.187401, 0.000000, 0.000000, 0.000000, 1.000000, 0.213955, -0.130595, 0.968074, 0.256401, -0.648079, -0.760488, 0.040641, -0.024571, 0.730902, -0.636084, -0.247347, 0.260120, 0.000000, 0.000000, 0.000000, 1.000000, -0.983997, 0.174988, 0.033607, -0.021576, 0.033229, -0.005091, 0.999435, -0.042564, 0.175060, 0.984557, -0.000805, -0.041580, 0.000000, 0.000000, 0.000000, 1.000000
-14.9766, 33.4346, -2.8620, 187.4875, 256.4875, -24.4346, 259.9354, -21.5639, -42.3376, -41.6135, 0.649181, 0.759866, -0.034163, 0.033435, -0.732120, 0.636398, 0.242895, -0.002862, 0.206309, -0.132672, 0.969451, 0.187487, 0.000000, 0.000000, 0.000000, 1.000000, 0.206309, -0.132672, 0.969451, 0.256487, -0.649181, -0.759866, 0.034163, -0.024435, 0.732120, -0.636398, -0.242895, 0.259935, 0.000000, 0.000000, 0.000000, 1.000000, -0.983914, 0.175949, 0.030903, -0.021564, 0.029991, -0.007840, 0.999519, -0.042338, 0.176107, 0.984368, 0.002437, -0.041614, 0.000000, 0.000000, 0.000000, 1.000000
-14.7419, 33.2781, -2.6768, 187.3566, 256.3566, -24.2781, 259.7502, -21.4773, -42.3345, -41.6441, 0.648662, 0.760233, -0.035825, 0.033278, -0.733353, 0.636929, 0.237728, -0.002677, 0.203547, -0.127933, 0.970671, 0.187357, 0.000000, 0.000000, 0.000000, 1.000000, 0.203547, -0.127933, 0.970671, 0.256357, -0.648662, -0.760233, 0.035825, -0.024278, 0.733353, -0.636929, -0.237728, 0.259750, 0.000000, 0.000000, 0.000000, 1.000000, -0.984025, 0.175265, 0.031263, -0.021477, 0.031074, -0.003825, 0.999510, -0.042335, 0.175298, 0.984514, -0.001682, -0.041644, 0.000000, 0.000000, 0.000000, 1.000000
-14.4967, 33.0860, -2.4874, 187.2839, 256.2839, -24.0860, 259.5609, -21.3881, -42.2706, -41.7088, 0.648539, 0.760517, -0.031811, 0.033086, -0.734585, 0.636282, 0.235650, -0.002487, 0.199457, -0.129461, 0.971317, 0.187284, 0.000000, 0.000000, 0.000000, 1.000000, 0.199457, -0.129461, 0.971317, 0.256284, -0.648539, -0.760517, 0.031811, -0.024086, 0.734585, -0.636282, -0.235650, 0.259561, 0.000000, 0.000000, 0.000000, 1.000000, -0.984087, 0.174846, 0.031642, -0.021388, 0.031035, -0.006209, 0.999499, -0.042271, 0.174955, 0.984576, 0.000684, -0.041709, 0.000000, 0.000000, 0.000000, 1.000000
-14.2225, 32.9960, -2.3592, 187.3707, 256.3707, -23.9960, 259.4326, -21.4526, -42.0553, -41.7305, 0.649424, 0.759922, -0.027691, 0.032996, -0.735013, 0.636639, 0.233340, -0.002359, 0.194949, -0.131183, 0.972001, 0.187371, 0.000000, 0.000000, 0.000000, 1.000000, 0.194949, -0.131183, 0.972001, 0.256371, -0.649424, -0.759922, 0.027691, -0.023996, 0.735013, -0.636639, -0.233340, 0.259433, 0.000000, 0.000000, 0.000000, 1.000000, -0.983909, 0.175732, 0.032271, -0.021453, 0.031236, -0.008650, 0.999475, -0.042055, 0.175919, 0.984400, 0.003022, -0.041730, 0.000000, 0.000000, 0.000000, 1.000000
-13.9667, 32.7868, -2.1778, 187.1675, 256.1675, -23.7868, 259.2513, -21.3448, -42.1192, -41.8018, 0.648747, 0.760511, -0.027384, 0.032787, -0.736484, 0.636498, 0.229044, -0.002178, 0.191620, -0.128424, 0.973031, 0.187168, 0.000000, 0.000000, 0.000000, 1.000000, 0.191620, -0.128424, 0.973031, 0.256168, -0.648747, -0.760511, 0.027384, -0.023787, 0.736484, -0.636498, -0.229044, 0.259251, 0.000000, 0.000000, 0.000000, 1.000000, -0.984062, 0.174780, 0.032769, -0.021345, 0.032080, -0.006767, 0.999462, -0.042119, 0.174908, 0.984584, 0.001052, -0.041802, 0.000000, 0.000000, 0.000000, 1.000000
-13.7030, 32.6477, -1.9657, 187.1639, 256.1639, -23.6477, 259.0391, -21.2883, -41.9810, -41.8158, 0.648929, 0.760474, -0.023891, 0.032648, -0.737278, 0.636270, 0.227113, -0.001966, 0.187915, -0.129766, 0.973575, 0.187164, 0.000000, 0.000000, 0.000000, 1.000000, 0.187915, -0.129766, 0.973575, 0.256164, -0.648929, -0.760474, 0.023891, -0.023648, 0.737278, -0.636270, -0.227113, 0.259039, 0.000000, 0.000000, 0.000000, 1.000000, -0.984020, 0.174808, 0.033877, -0.021288, 0.032820, -0.008932, 0.999421, -0.041981, 0.175010, 0.984562, 0.003052, -0.041816, 0.000000, 0.000000, 0.000000, 1.000000
-13.4306, 32.5034, -1.7971, 187.1959, 256.1959, -23.5034, 258.8706, -21.2777, -41.8143, -41.8592, 0.649204, 0.760360, -0.019668, 0.032503, -0.739096, 0.636733, 0.219793, -0.001797, 0.179645, -0.128154, 0.975348, 0.187196, 0.000000, 0.000000, 0.000000, 1.000000, 0.179645, -0.128154, 0.975348, 0.256196, -0.649204, -0.760360, 0.019668, -0.023503, 0.739096, -0.636733, -0.219793, 0.258871, 0.000000, 0.000000, 0.000000, 1.000000, -0.984122, 0.174938, 0.030005, -0.021278, 0.029036, -0.008091, 0.999546, -0.041814, 0.175102, 0.984546, 0.002883, -0.041859, 0.000000, 0.000000, 0.000000, 1.000000
-13.1467, 32.3309, -1.5968, 187.1213, 256.1213, -23.3309, 258.6703, -21.2154, -41.7430, -41.9013, 0.649352, 0.760285, -0.017536, 0.032331, -0.739244, 0.636458, 0.220092, -0.001597, 0.178494, -0.129953, 0.975322, 0.187121, 0.000000, 0.000000, 0.000000, 1.000000, 0.178494, -0.129953, 0.975322, 0.256121, -0.649352, -0.760285, 0.017536, -0.023331, 0.739244, -0.636458, -0.220092, 0.258670, 0.000000, 0.000000, 0.000000, 1.000000, -0.983977, 0.174998, 0.034134, -0.021215, 0.032753, -0.010777, 0.999405, -0.041743, 0.175262, 0.984510, 0.004872, -0.041901, 0.000000, 0.000000, 0.000000, 1.000000
-12.8958, 32.1069, -1.3663, 187.0245, 256.0245, -23.1069, 258.4397, -21.0739, -41.7016, -41.9706, 0.649311, 0.760425, -0.012227, 0.032107, -0.741473, 0.636541, 0.212209, -0.001366, 0.169152, -0.128723, 0.977148, 0.187025, 0.000000, 0.000000, 0.000000, 1.000000, 0.169152, -0.128723, 0.977148, 0.256025, -0.649311, -0.760425, 0.012227, -0.023107, 0.741473, -0.636541, -0.212209, 0.258440, 0.000000, 0.000000, 0.000000, 1.000000, -0.984190, 0.174751, 0.028854, -0.021074, 0.027473, -0.010319, 0.999569, -0.041702, 0.174974, 0.984559, 0.005355, -0.041971, 0.000000, 0.000000, 0.000000, 1.000000
-12.5991, 32.0035, -1.2448, 187.0340, 256.0340, -23.0035, 258.3182, -21.1357, -41.5607, -42.0002, 0.649305, 0.760434, -0.011945, 0.032003, -0.741629, 0.636572, 0.211569, -0.001245, 0.168488, -0.128515, 0.977290, 0.187034, 0.000000, 0.000000, 0.000000, 1.000000, 0.168488, -0.128515, 0.977290, 0.256034, -0.649305, -0.760434, 0.011945, -0.023003, 0.741629, -0.636572, -0.211569, 0.258318, 0.000000, 0.000000, 0.000000, 1.000000, -0.984060, 0.174685, 0.033325, -0.021136, 0.031891, -0.011013, 0.999431, -0.041561, 0.174952, 0.984563, 0.005267, -0.042000, 0.000000, 0.000000, 0.000000, 1.000000
-12.3456, 31.7426, -1.0031, 186.9327, 255.9327, -22.7426, 258.0765, -20.9669, -41.5243, -42.0954, 0.649191, 0.760582, -0.008197, 0.031743, -0.742513, 0.636033, 0.210087, -0.001003, 0.165001, -0.130300, 0.977648, 0.186933, 0.000000, 0.000000, 0.000000, 1.000000, 0.165001, -0.130300, 0.977648, 0.255933, -0.649191, -0.760582, 0.008197, -0.022743, 0.742513, -0.636033, -0.210087, 0.258077, 0.000000, 0.000000, 0.000000, 1.000000, -0.984074, 0.174371, 0.034540, -0.020967, 0.032661, -0.013639, 0.999373, -0.041524, 0.174733, 0.984585, 0.007727, -0.042095, 0.000000, 0.000000, 0.000000, 1.000000
-12.0999, 31.6360, -0.8635, 186.8086, 255.8086, -22.6360, 257.9370, -20.9541, -41.5325, -42.1064, 0.649395, 0.760421, -0.006789, 0.031636, -0.743668, 0.636903, 0.203252, -0.000863, 0.158881, -0.126942, 0.979103, 0.186809, 0.000000, 0.000000, 0.000000, 1.000000, 0.158881, -0.126942, 0.979103, 0.255809, -0.649395, -0.760421, 0.006789, -0.022636, 0.743668, -0.636903, -0.203252, 0.257937, 0.000000, 0.000000, 0.000000, 1.000000, -0.984109, 0.174638, 0.032096, -0.020954, 0.030657, -0.010930, 0.999470, -0.041532, 0.174897, 0.984572, 0.005402, -0.042106, 0.000000, 0.000000, 0.000000, 1.000000
-11.8063, 31.4744, -0.6849, 186.9337, 255.9337, -22.4744, 257.7584, -20.9508, -41.2723, -42.1682, 0.649538, 0.760322, -0.003391, 0.031474, -0.743592, 0.636164, 0.205830, -0.000685, 0.158655, -0.131173, 0.978582, 0.186934, 0.000000, 0.000000, 0.000000, 1.000000, 0.158655, -0.131173, 0.978582, 0.255934, -0.649538, -0.760322, 0.003391, -0.022474, 0.743592, -0.636164, -0.205830, 0.257758, 0.000000, 0.000000, 0.000000, 1.000000, -0.983915, 0.174602, 0.037765, -0.020951, 0.035493, -0.016120, 0.999240, -0.041272, 0.175078, 0.984507, 0.009663, -0.042168, 0.000000, 0.000000, 0.000000, 1.000000
-11.5497, 31.2878, -0.4370, 186.8060, 255.8060, -22.2878, 257.5105, -20.8125, -41.2648, -42.1939, 0.649206, 0.760613, -0.000512, 0.031288, -0.746207, 0.637040, 0.193276, -0.000437, 0.147335, -0.125094, 0.981144, 0.186806, 0.000000, 0.000000, 0.000000, 1.000000, 0.147335, -0.125094, 0.981144, 0.255806, -0.649206, -0.760613, 0.000512, -0.022288, 0.746207, -0.637040, -0.193276, 0.257510, 0.000000, 0.000000, 0.000000, 1.000000, -0.984245, 0.174290, 0.029747, -0.020812, 0.028304, -0.010760, 0.999541, -0.041265, 0.174530, 0.984636, 0.005657, -0.042194, 0.000000, 0.000000, 0.000000, 1.000000
-11.2975, 31.1036, -0.2191, 186.8087, 255.8087, -22.1036, 257.2926, -20.7156, -41.1371, -42.2444, 0.649329, 0.760488, 0.005553, 0.031104, -0.746517, 0.635972, 0.195581, -0.000219, 0.145205, -0.131142, 0.980672, 0.186809, 0.000000, 0.000000, 0.000000, 1.000000, 0.145205, -0.131142, 0.980672, 0.255809, -0.649329, -0.760488, -0.005553, -0.022104, 0.746517, -0.635972, -0.195581, 0.257293, 0.000000, 0.000000, 0.000000, 1.000000, -0.984154, 0.174200, 0.033107, -0.020716, 0.030491, -0.017669, 0.999379, -0.041137, 0.174677, 0.984552, 0.012078, -0.042244, 0.000000, 0.000000, 0.000000, 1.000000
-11.0153, 31.0156, -0.1328, 186.7074, 255.7073, -22.0156, 257.2062, -20.7868, -41.1224, -42.2679, 0.649495, 0.760354, 0.004154, 0.031016, -0.746707, 0.636788, 0.192169, -0.000133, 0.143471, -0.127915, 0.981353, 0.186707, 0.000000, 0.000000, 0.000000, 1.000000, 0.143471, -0.127915, 0.981353, 0.255707, -0.649495, -0.760354, -0.004154, -0.022016, 0.746707, -0.636788, -0.192169, 0.257206, 0.000000, 0.000000, 0.000000, 1.000000, -0.984015, 0.174460, 0.035743, -0.020787, 0.033601, -0.015214, 0.999320, -0.041122, 0.174885, 0.984547, 0.009109, -0.042268, 0.000000, 0.000000, 0.000000, 1.000000
-10.7635, 30.8534, 0.1157, 186.8587, 255.8587, -21.8534, 256.9578, -20.6921, -40.8457, -42.2979, 0.649466, 0.760285, 0.012660, 0.030853, -0.748709, 0.636493, 0.185231, 0.000116, 0.132771, -0.129780, 0.982613, 0.186859, 0.000000, 0.000000, 0.000000, 1.000000, 0.132771, -0.129780, 0.982613, 0.255859, -0.649466, -0.760285, -0.012660, -0.021853, 0.748709, -0.636493, -0.185231, 0.256958, 0.000000, 0.000000, 0.000000, 1.000000, -0.984224, 0.174406, 0.029754, -0.020692, 0.027049, -0.017870, 0.999474, -0.040846, 0.174846, 0.984512, 0.012870, -0.042298, 0.000000, 0.000000, 0.000000, 1.000000
-10.4933, 30.6261, 0.2843, 186.7078, 255.7078, -21.6261, 256.7892, -20.6076, -40.8759, -42.3961, 0.649004, 0.760690, 0.012038, 0.030626, -0.748594, 0.635703, 0.188386, 0.000284, 0.135651, -0.131275, 0.982021, 0.186708, 0.000000, 0.000000, 0.000000, 1.000000, 0.135651, -0.131275, 0.982021, 0.255708, -0.649004, -0.760690, -0.012038, -0.021626, 0.748594, -0.635703, -0.188386, 0.256789, 0.000000, 0.000000, 0.000000, 1.000000, -0.984097, 0.173618, 0.037552, -0.020608, 0.034551, -0.020281, 0.999197, -0.040876, 0.174240, 0.984604, 0.013960, -0.042396, 0.000000, 0.000000, 0.000000, 1.000000
-10.2168, 30.5134, 0.4684, 186.7669, 255.7669, -21.5134, 256.6051, -20.5971, -40.6931, -42.4069, 0.649482, 0.760125, 0.019562, 0.030513, -0.750098, 0.636275, 0.180298, 0.000468, 0.124602, -0.131773, 0.983418, 0.186767, 0.000000, 0.000000, 0.000000, 1.000000, 0.124602, -0.131773, 0.983418, 0.255767, -0.649482, -0.760125, -0.019562, -0.021513, 0.750098, -0.636275, -0.180298, 0.256605, 0.000000, 0.000000, 0.000000, 1.000000, -0.984180, 0.174350, 0.031494, -0.020597, 0.028164, -0.021541, 0.999371, -0.040693, 0.174919, 0.984448, 0.016290, -0.042407, 0.000000, 0.000000, 0.000000, 1.000000
-9.9708, 30.2857, 0.6372, 186.5914, 255.5914, -21.2857, 256.4362, -20.4929, -40.7594, -42.5030, 0.648658, 0.760887, 0.017156, 0.030286, -0.750021, 0.635241, 0.184219, 0.000637, 0.129271, -0.132362, 0.982736, 0.186591, 0.000000, 0.000000, 0.000000, 1.000000, 0.129271, -0.132362, 0.982736, 0.255591, -0.648658, -0.760887, -0.017156, -0.021286, 0.750021, -0.635241, -0.184219, 0.256436, 0.000000, 0.000000, 0.000000, 1.000000, -0.984082, 0.173051, 0.040441, -0.020493, 0.037011, -0.023001, 0.999050, -0.040759, 0.173817, 0.984644, 0.016230, -0.042503, 0.000000, 0.000000, 0.000000, 1.000000
-9.7000, 30.2166, 0.8702, 186.7814, 255.7815, -21.2166, 256.2032, -20.4711, -40.4437, -42.4640, 0.649452, 0.759949, 0.026262, 0.030217, -0.752110, 0.636899, 0.169380, 0.000870, 0.111994, -0.129756, 0.985201, 0.186781, 0.000000, 0.000000, 0.000000, 1.000000, 0.111994, -0.129756, 0.985201, 0.255781, -0.649452, -0.759949, -0.026262, -0.021217, 0.752110, -0.636899, -0.169380, 0.256203, 0.000000, 0.000000, 0.000000, 1.000000, -0.984260, 0.174559, 0.027594, -0.020471, 0.024290, -0.021034, 0.999484, -0.040444, 0.175049, 0.984422, 0.016463, -0.042464, 0.000000, 0.000000, 0.000000, 1.000000
-9.4157, 29.9755, 1.0036, 186.5892, 255.5892, -20.9755, 256.0698, -20.4161, -40.5211, -42.5878, 0.648687, 0.760659, 0.024542, 0.029975, -0.751574, 0.635199, 0.177926, 0.001004, 0.119752, -0.133864, 0.983738, 0.186589, 0.000000, 0.000000, 0.000000, 1.000000, 0.119752, -0.133864, 0.983738, 0.255589, -0.648687, -0.760659, -0.024542, -0.020975, 0.751574, -0.635199, -0.177926, 0.256070, 0.000000, 0.000000, 0.000000, 1.000000, -0.984063, 0.173051, 0.040897, -0.020416, 0.036913, -0.026177, 0.998976, -0.040521, 0.173944, 0.984565, 0.019372, -0.042588, 0.000000, 0.000000, 0.000000, 1.000000
-9.1749, 29.8232, 1.2034, 186.4452, 255.4452, -20.8232, 255.8701, -20.3242, -40.5564, -42.6063, 0.648713, 0.760604, 0.025555, 0.029823, -0.752897, 0.636520, 0.167297, 0.001203, 0.110980, -0.127768, 0.985575, 0.186445, 0.000000, 0.000000, 0.000000, 1.000000, 0.110980, -0.127768, 0.985575, 0.255445, -0.648713, -0.760604, -0.025555, -0.020823, 0.752897, -0.636520, -0.167297, 0.255870, 0.000000, 0.000000, 0.000000, 1.000000, -0.984199, 0.173510, 0.035297, -0.020324, 0.032189, -0.020693, 0.999268, -0.040556, 0.174113, 0.984615, 0.014781, -0.042606, 0.000000, 0.000000, 0.000000, 1.000000
-8.9060, 29.7132, 1.4177, 186.5413, 255.5413, -20.7132, 255.6558, -20.2838, -40.3420, -42.6032, 0.648634, 0.760554, 0.028848, 0.029713, -0.754030, 0.636991, 0.160253, 0.001418, 0.103505, -0.125698, 0.986654, 0.186541, 0.000000, 0.000000, 0.000000, 1.000000, 0.103505, -0.125698, 0.986654, 0.255541, -0.648634, -0.760554, -0.028848, -0.020713, 0.754030, -0.636991, -0.160253, 0.255656, 0.000000, 0.000000, 0.000000, 1.000000, -0.984281, 0.173650, 0.032183, -0.020284, 0.029255, -0.019397, 0.999384, -0.040342, 0.174167, 0.984616, 0.014012, -0.042603, 0.000000, 0.000000, 0.000000, 1.000000
-8.6401, 29.5194, 1.6200, 186.4848, 255.4848, -20.5194, 255.4534, -20.1942, -40.2857, -42.6644, 0.648076, 0.760934, 0.031249, 0.029519, -0.754945, 0.636491, 0.157918, 0.001620, 0.100275, -0.125934, 0.986958, 0.186485, 0.000000, 0.000000, 0.000000, 1.000000, 0.100275, -0.125934, 0.986958, 0.255485, -0.648076, -0.760934, -0.031249, -0.020519, 0.754945, -0.636491, -0.157918, 0.255453, 0.000000, 0.000000, 0.000000, 1.000000, -0.984357, 0.172957, 0.033576, -0.020194, 0.030487, -0.020484, 0.999325, -0.040286, 0.173528, 0.984716, 0.014891, -0.042664, 0.000000, 0.000000, 0.000000, 1.000000
-8.3843, 29.3650, 1.8433, 186.6119, 255.6119, -20.3650, 255.2301, -20.1148, -40.0485, -42.6979, 0.648243, 0.760390, 0.039855, 0.029365, -0.756106, 0.636644, 0.151616, 0.001843, 0.089913, -0.128419, 0.987636, 0.186612, 0.000000, 0.000000, 0.000000, 1.000000, 0.089913, -0.128419, 0.987636, 0.255612, -0.648243, -0.760390, -0.039855, -0.020365, 0.756106, -0.636644, -0.151616, 0.255230, 0.000000, 0.000000, 0.000000, 1.000000, -0.984434, 0.173477, 0.028223, -0.020115, 0.024472, -0.023725, 0.999419, -0.040048, 0.174045, 0.984552, 0.019110, -0.042698, 0.000000, 0.000000, 0.000000, 1.000000
-8.1281, 29.1806, 1.9859, 186.4151, 255.4151, -20.1806, 255.0875, -20.0625, -40.1446, -42.7677, 0.647961, 0.760690, 0.038698, 0.029181, -0.756279, 0.636506, 0.151332, 0.001986, 0.090485, -0.127324, 0.987725, 0.186415, 0.000000, 0.000000, 0.000000, 1.000000, 0.090485, -0.127324, 0.987725, 0.255415, -0.647961, -0.760690, -0.038698, -0.020181, 0.756279, -0.636506, -0.151332, 0.255088, 0.000000, 0.000000, 0.000000, 1.000000, -0.984366, 0.173013, 0.033025, -0.020062, 0.029410, -0.023417, 0.999293, -0.040145, 0.173664, 0.984641, 0.017963, -0.042768, 0.000000, 0.000000, 0.000000, 1.000000
-7.8886, 29.0337, 2.2066, 186.5833, 255.5833, -20.0337, 254.8668, -19.9788, -39.8751, -42.7999, 0.647994, 0.760117, 0.048228, 0.029034, -0.757304, 0.636254, 0.147213, 0.002207, 0.081214, -0.131917, 0.987928, 0.186583, 0.000000, 0.000000, 0.000000, 1.000000, 0.081214, -0.131917, 0.987928, 0.255583, -0.647994, -0.760117, -0.048228, -0.020034, 0.757304, -0.636254, -0.147213, 0.254867, 0.000000, 0.000000, 0.000000, 1.000000, -0.984442, 0.173327, 0.028838, -0.019979, 0.024210, -0.028753, 0.999293, -0.039875, 0.174033, 0.984445, 0.024110, -0.042800, 0.000000, 0.000000, 0.000000, 1.000000
-7.6478, 28.8720, 2.3723, 186.4339, 255.4339, -19.8720, 254.7011, -19.9115, -39.9286, -42.8431, 0.647294, 0.761038, 0.042806, 0.028872, -0.757779, 0.636422, 0.144008, 0.002372, 0.082353, -0.125653, 0.988650, 0.186434, 0.000000, 0.000000, 0.000000, 1.000000, 0.082353, -0.125653, 0.988650, 0.255434, -0.647294, -0.761038, -0.042806, -0.019872, 0.757779, -0.636422, -0.144008, 0.254701, 0.000000, 0.000000, 0.000000, 1.000000, -0.984467, 0.172445, 0.032965, -0.019912, 0.029398, -0.023201, 0.999298, -0.039929, 0.173089, 0.984746, 0.017771, -0.042843, 0.000000, 0.000000, 0.000000, 1.000000
-7.3907, 28.7582, 2.5176, 186.4095, 255.4095, -19.7582, 254.5558, -19.9064, -39.8534, -42.8666, 0.647253, 0.760826, 0.046983, 0.028758, -0.758490, 0.636679, 0.139042, 0.002518, 0.075874, -0.125632, 0.989171, 0.186410, 0.000000, 0.000000, 0.000000, 1.000000, 0.075874, -0.125632, 0.989171, 0.255410, -0.647253, -0.760826, -0.046983, -0.019758, 0.758490, -0.636679, -0.139042, 0.254556, 0.000000, 0.000000, 0.000000, 1.000000, -0.984492, 0.172666, 0.031032, -0.019906, 0.027302, -0.023937, 0.999341, -0.039853, 0.173295, 0.984690, 0.018852, -0.042867, 0.000000, 0.000000, 0.000000, 1.000000
-7.1407, 28.5848, 2.7212, 186.4866, 255.4866, -19.5848, 254.3522, -19.8221, -39.6778, -42.9217, 0.646728, 0.760939, 0.052113, 0.028585, -0.759661, 0.636514, 0.133286, 0.002721, 0.068252, -0.125788, 0.989707, 0.186487, 0.000000, 0.000000, 0.000000, 1.000000, 0.068252, -0.125788, 0.989707, 0.255487, -0.646728, -0.760939, -0.052113, -0.019585, 0.759661, -0.636514, -0.133286, 0.254352, 0.000000, 0.000000, 0.000000, 1.000000, -0.984639, 0.172370, 0.027815, -0.019822, 0.023881, -0.024856, 0.999406, -0.039678, 0.172959, 0.984719, 0.020358, -0.042922, 0.000000, 0.000000, 0.000000, 1.000000
-6.8695, 28.4210, 2.9075, 186.3783, 255.3783, -19.4210, 254.1660, -19.7604, -39.6818, -42.9603, 0.646304, 0.761249, 0.052841, 0.028421, -0.760171, 0.636253, 0.131614, 0.002907, 0.066571, -0.125230, 0.989892, 0.186378, 0.000000, 0.000000, 0.000000, 1.000000, 0.066571, -0.125230, 0.989892, 0.255378, -0.646304, -0.761249, -0.052841, -0.019421, 0.760171, -0.636253, -0.131614, 0.254166, 0.000000, 0.000000, 0.000000, 1.000000, -0.984646, 0.171838, 0.030726, -0.019760, 0.026799, -0.025126, 0.999325, -0.039682, 0.172494, 0.984805, 0.020136, -0.042960, 0.000000, 0.000000, 0.000000, 1.000000
-6.6045, 28.2536, 3.1124, 186.4246, 255.4246, -19.2536, 253.9610, -19.6851, -39.5342, -43.0068, 0.646458, 0.760494, 0.061168, 0.028254, -0.760735, 0.636402, 0.127576, 0.003112, 0.058094, -0.129005, 0.989941, 0.186425, 0.000000, 0.000000, 0.000000, 1.000000, 0.058094, -0.129005, 0.989941, 0.255425, -0.646458, -0.760494, -0.061168, -0.019254, 0.760735, -0.636402, -0.127576, 0.253961, 0.000000, 0.000000, 0.000000, 1.000000, -0.984634, 0.172425, 0.027669, -0.019685, 0.022880, -0.029701, 0.999297, -0.039534, 0.173125, 0.984575, 0.025300, -0.043007, 0.000000, 0.000000, 0.000000, 1.000000
-6.3374, 28.1074, 3.2865, 186.3648, 255.3648, -19.1074, 253.7870, -19.6426, -39.4945, -43.0407, 0.646238, 0.760904, 0.058323, 0.028107, -0.760981, 0.636789, 0.124129, 0.003286, 0.057310, -0.124599, 0.990551, 0.186365, 0.000000, 0.000000, 0.000000, 1.000000, 0.057310, -0.124599, 0.990551, 0.255365, -0.646238, -0.760904, -0.058323, -0.019107, 0.760981, -0.636789, -0.124129, 0.253787, 0.000000, 0.000000, 0.000000, 1.000000, -0.984581, 0.172203, 0.030757, -0.019643, 0.026658, -0.026066, 0.999305, -0.039494, 0.172885, 0.984716, 0.021074, -0.043041, 0.000000, 0.000000, 0.000000, 1.000000
-6.0710, 27.9536, 3.5290, 186.4388, 255.4388, -18.9536, 253.5445, -19.5426, -39.3179, -43.0592, 0.645472, 0.760845, 0.066944, 0.027954, -0.762502, 0.636831, 0.114176, 0.003529, 0.044238, -0.124742, 0.991202, 0.186439, 0.000000, 0.000000, 0.000000, 1.000000, 0.044238, -0.124742, 0.991202, 0.255439, -0.645472, -0.760845, -0.066944, -0.018954, 0.762502, -0.636831, -0.114176, 0.253544, 0.000000, 0.000000, 0.000000, 1.000000, -0.984814, 0.172153, 0.022450, -0.019543, 0.018062, -0.027009, 0.999472, -0.039318, 0.172668, 0.984700, 0.023489, -0.043059, 0.000000, 0.000000, 0.000000, 1.000000
-5.7762, 27.7771, 3.6780, 186.3093, 255.3093, -18.7771, 253.3954, -19.5224, -39.3445, -43.1253, 0.645208, 0.761309, 0.064145, 0.027777, -0.762541, 0.636499, 0.115762, 0.003678, 0.047302, -0.123604, 0.991204, 0.186309, 0.000000, 0.000000, 0.000000, 1.000000, 0.047302, -0.123604, 0.991204, 0.255309, -0.645208, -0.761309, -0.064145, -0.018777, 0.762541, -0.636499, -0.115762, 0.253395, 0.000000, 0.000000, 0.000000, 1.000000, -0.984725, 0.171448, 0.030369, -0.019522, 0.026160, -0.026760, 0.999300, -0.039345, 0.172140, 0.984830, 0.021866, -0.043125, 0.000000, 0.000000, 0.000000, 1.000000
-5.4642, 27.6159, 3.8875, 186.3181, 255.3181, -18.6159, 253.1860, -19.4746, -39.2236, -43.1608, 0.644928, 0.761202, 0.068113, 0.027616, -0.763192, 0.636804, 0.109629, 0.003887, 0.040075, -0.122686, 0.991636, 0.186318, 0.000000, 0.000000, 0.000000, 1.000000, 0.040075, -0.122686, 0.991636, 0.255318, -0.644928, -0.761202, -0.068113, -0.018616, 0.763192, -0.636804, -0.109629, 0.253186, 0.000000, 0.000000, 0.000000, 1.000000, -0.984756, 0.171587, 0.028504, -0.019475, 0.024263, -0.026764, 0.999347, -0.039224, 0.172238, 0.984805, 0.022193, -0.043161, 0.000000, 0.000000, 0.000000, 1.000000
-5.1719, 27.3392, 4.1620, 186.4181, 255.4181, -18.3392, 252.9115, -19.3009, -39.0234, -43.2718, 0.644534, 0.759537, 0.087628, 0.027339, -0.764129, 0.636000, 0.107749, 0.004162, 0.026108, -0.136407, 0.990309, 0.186418, 0.000000, 0.000000, 0.000000, 1.000000, 0.026108, -0.136407, 0.990309, 0.255418, -0.644534, -0.759537, -0.087628, -0.018339, 0.764129, -0.636000, -0.107749, 0.252911, 0.000000, 0.000000, 0.000000, 1.000000, -0.984853, 0.171963, 0.022212, -0.019301, 0.015292, -0.041462, 0.999023, -0.039023, 0.172716, 0.984231, 0.038204, -0.043272, 0.000000, 0.000000, 0.000000, 1.000000
-4.8731, 27.2570, 4.3518, 186.3748, 255.3748, -18.2570, 252.7217, -19.2979, -38.9586, -43.2442, 0.643798, 0.761783, 0.072185, 0.027257, -0.764631, 0.636831, 0.098924, 0.004352, 0.029389, -0.118882, 0.992473, 0.186375, 0.000000, 0.000000, 0.000000, 1.000000, 0.029389, -0.118882, 0.992473, 0.255375, -0.643798, -0.761783, -0.072185, -0.018257, 0.764631, -0.636831, -0.098924, 0.252722, 0.000000, 0.000000, 0.000000, 1.000000, -0.984896, 0.170950, 0.027494, -0.019298, 0.023611, -0.024704, 0.999416, -0.038959, 0.171530, 0.984970, 0.020294, -0.043244, 0.000000, 0.000000, 0.000000, 1.000000
-4.6173, 27.0155, 4.5643, 186.3706, 255.3706, -18.0155, 252.5092, -19.1666, -38.8803, -43.3461, 0.643526, 0.760099, 0.090131, 0.027016, -0.765249, 0.636381, 0.097026, 0.004564, 0.016392, -0.131411, 0.991192, 0.186371, 0.000000, 0.000000, 0.000000, 1.000000, 0.016392, -0.131411, 0.991192, 0.255371, -0.643526, -0.760099, -0.090131, -0.018016, 0.765249, -0.636381, -0.097026, 0.252509, 0.000000, 0.000000, 0.000000, 1.000000, -0.984951, 0.171513, 0.021336, -0.019167, 0.015011, -0.038088, 0.999162, -0.038880, 0.172182, 0.984445, 0.034940, -0.043346, 0.000000, 0.000000, 0.000000, 1.000000
-4.3563, 26.9133, 4.7123, 186.3198, 255.3198, -17.9133, 252.3612, -19.1636, -38.8422, -43.3558, 0.644030, 0.760786, 0.080188, 0.026913, -0.764605, 0.636782, 0.099434, 0.004712, 0.024586, -0.125351, 0.991808, 0.186320, 0.000000, 0.000000, 0.000000, 1.000000, 0.024586, -0.125351, 0.991808, 0.255320, -0.644030, -0.760786, -0.080188, -0.017913, 0.764605, -0.636782, -0.099434, 0.252361, 0.000000, 0.000000, 0.000000, 1.000000, -0.984675, 0.171262, 0.032947, -0.019164, 0.027731, -0.032761, 0.999078, -0.038842, 0.172183, 0.984681, 0.027510, -0.043356, 0.000000, 0.000000, 0.000000, 1.000000
-4.0869, 26.7138, 4.9456, 186.3892, 255.3892, -17.7138, 252.1279, -19.0447, -38.6852, -43.4180, 0.642818, 0.760268, 0.093688, 0.026714, -0.765977, 0.636672, 0.089041, 0.004946, 0.008046, -0.129000, 0.991612, 0.186389, 0.000000, 0.000000, 0.000000, 1.000000, 0.008046, -0.129000, 0.991612, 0.255389, -0.642818, -0.760268, -0.093688, -0.017714, 0.765977, -0.636672, -0.089041, 0.252128, 0.000000, 0.000000, 0.000000, 1.000000, -0.984976, 0.171300, 0.021888, -0.019045, 0.015726, -0.037245, 0.999182, -0.038685, 0.171975, 0.984515, 0.033991, -0.043418, 0.000000, 0.000000, 0.000000, 1.000000
-3.8197, 26.5970, 5.1575, 186.3147, 255.3147, -17.5970, 251.9159, -18.9827, -38.6688, -43.4064, 0.642426, 0.761324, 0.087601, 0.026597, -0.766304, 0.636964, 0.083988, 0.005158, 0.008144, -0.121085, 0.992609, 0.186315, 0.000000, 0.000000, 0.000000, 1.000000, 0.008144, -0.121085, 0.992609, 0.255315, -0.642426, -0.761324, -0.087601, -0.017597, 0.766304, -0.636964, -0.083988, 0.251916, 0.000000, 0.000000, 0.000000, 1.000000, -0.984979, 0.170820, 0.025216, -0.018983, 0.020369, -0.030065, 0.999340, -0.038669, 0.171466, 0.984843, 0.026133, -0.043406, 0.000000, 0.000000, 0.000000, 1.000000
-3.5429, 26.4208, 5.2556, 186.2150, 255.2150, -17.4208, 251.8179, -18.9964, -38.6855, -43.5002, 0.642795, 0.761092, 0.086912, 0.026421, -0.765883, 0.636227, 0.092947, 0.005256, 0.015445, -0.126310, 0.991871, 0.186215, 0.000000, 0.000000, 0.000000, 1.000000, 0.015445, -0.126310, 0.991871, 0.255215, -0.642795, -0.761092, -0.086912, -0.017421, 0.765883, -0.636227, -0.092947, 0.251818, 0.000000, 0.000000, 0.000000, 1.000000, -0.984681, 0.170144, 0.038146, -0.018996, 0.032448, -0.036145, 0.998820, -0.038686, 0.171322, 0.984756, 0.030070, -0.043500, 0.000000, 0.000000, 0.000000, 1.000000
-3.2880, 26.2112, 5.5978, 186.3784, 255.3784, -17.2112, 251.4756, -18.7662, -38.4411, -43.5256, 0.640298, 0.761283, 0.102307, 0.026211, -0.768029, 0.636640, 0.069435, 0.005598, -0.012273, -0.123034, 0.992327, 0.186378, 0.000000, 0.000000, 0.000000, 1.000000, -0.012273, -0.123034, 0.992327, 0.255378, -0.640298, -0.761283, -0.102307, -0.017211, 0.768029, -0.636640, -0.069435, 0.251476, 0.000000, 0.000000, 0.000000, 1.000000, -0.985292, 0.170263, 0.014533, -0.018766, 0.008933, -0.033606, 0.999395, -0.038441, 0.170648, 0.984825, 0.031591, -0.043526, 0.000000, 0.000000, 0.000000, 1.000000
-3.0243, 26.0779, 5.7426, 186.3241, 255.3241, -17.0780, 251.3309, -18.7515, -38.4144, -43.5633, 0.640323, 0.761830, 0.097984, 0.026078, -0.768070, 0.636292, 0.072118, 0.005743, -0.007405, -0.121437, 0.992572, 0.186324, 0.000000, 0.000000, 0.000000, 1.000000, -0.007405, -0.121437, 0.992572, 0.255324, -0.640323, -0.761830, -0.097984, -0.017078, 0.768070, -0.636292, -0.072118, 0.251331, 0.000000, 0.000000, 0.000000, 1.000000, -0.985239, 0.169548, 0.023617, -0.018752, 0.018316, -0.032766, 0.999295, -0.038414, 0.170202, 0.984977, 0.029177, -0.043563, 0.000000, 0.000000, 0.000000, 1.000000
-2.7615, 25.8199, 5.9716, 186.4022, 255.4022, -16.8199, 251.1019, -18.5992, -38.2651, -43.6790, 0.638332, 0.760293, 0.120364, 0.025820, -0.769183, 0.636066, 0.061461, 0.005972, -0.029831, -0.131814, 0.990825, 0.186402, 0.000000, 0.000000, 0.000000, 1.000000, -0.029831, -0.131814, 0.990825, 0.255402, -0.638332, -0.760293, -0.120364, -0.016820, 0.769183, -0.636066, -0.061461, 0.251102, 0.000000, 0.000000, 0.000000, 1.000000, -0.985445, 0.169815, 0.007773, -0.018599, 0.000295, -0.044017, 0.999031, -0.038265, 0.169992, 0.984493, 0.043326, -0.043679, 0.000000, 0.000000, 0.000000, 1.000000
-2.4842, 25.8995, 6.2615, 186.1077, 255.1077, -16.8995, 250.8119, -18.5784, -38.4522, -43.4388, 0.638435, 0.765798, 0.077164, 0.025900, -0.769293, 0.638064, 0.032599, 0.006262, -0.024271, -0.080175, 0.996485, 0.186108, 0.000000, 0.000000, 0.000000, 1.000000, -0.024271, -0.080175, 0.996485, 0.255108, -0.638435, -0.765798, -0.077164, -0.016900, 0.769293, -0.638064, -0.032599, 0.250812, 0.000000, 0.000000, 0.000000, 1.000000, -0.985471, 0.169595, 0.009244, -0.018578, 0.010606, 0.007123, 0.999918, -0.038452, 0.169515, 0.985488, -0.008818, -0.043439, 0.000000, 0.000000, 0.000000, 1.000000
-2.2271, 25.6139, 6.3235, 186.3052, 255.3052, -16.6139, 250.7499, -18.5499, -38.1965, -43.6724, 0.639283, 0.761767, 0.105014, 0.025614, -0.768691, 0.636753, 0.060498, 0.006324, -0.020783, -0.119399, 0.992629, 0.186305, 0.000000, 0.000000, 0.000000, 1.000000, -0.020783, -0.119399, 0.992629, 0.255305, -0.639283, -0.761767, -0.105014, -0.016614, 0.768691, -0.636753, -0.060498, 0.250750, 0.000000, 0.000000, 0.000000, 1.000000, -0.985230, 0.169555, 0.023945, -0.018550, 0.018593, -0.033087, 0.999280, -0.038197, 0.170226, 0.984965, 0.029446, -0.043672, 0.000000, 0.000000, 0.000000, 1.000000
-1.9428, 25.6042, 6.6437, 186.0343, 255.0343, -16.6042, 250.4297, -18.4647, -38.3679, -43.4963, 0.638083, 0.766376, 0.074282, 0.025604, -0.769396, 0.638351, 0.023187, 0.006644, -0.029648, -0.071948, 0.996968, 0.186034, 0.000000, 0.000000, 0.000000, 1.000000, -0.029648, -0.071948, 0.996968, 0.255034, -0.638083, -0.766376, -0.074282, -0.016604, 0.769396, -0.638351, -0.023187, 0.250430, 0.000000, 0.000000, 0.000000, 1.000000, -0.985396, 0.169854, 0.011982, -0.018465, 0.014530, 0.013769, 0.999800, -0.038368, 0.169655, 0.985373, -0.016036, -0.043496, 0.000000, 0.000000, 0.000000, 1.000000
-1.6765, 25.3402, 6.7557, 186.2413, 255.2413, -16.3402, 250.3178, -18.4075, -38.0992, -43.6872, 0.638315, 0.763457, 0.098425, 0.025340, -0.769221, 0.637472, 0.043916, 0.006756, -0.029215, -0.103743, 0.994175, 0.186241, 0.000000, 0.000000, 0.000000, 1.000000, -0.029215, -0.103743, 0.994175, 0.255241, -0.638315, -0.763457, -0.098425, -0.016340, 0.769221, -0.637472, -0.043916, 0.250318, 0.000000, 0.000000, 0.000000, 1.000000, -0.985267, 0.169538, 0.022500, -0.018408, 0.019566, -0.018959, 0.999629, -0.038099, 0.169902, 0.985341, 0.015362, -0.043687, 0.000000, 0.000000, 0.000000, 1.000000
-1.4304, 25.2770, 6.9673, 185.9970, 254.9970, -16.2770, 250.1061, -18.3654, -38.2663, -43.6138, 0.638416, 0.765658, 0.078692, 0.025277, -0.769295, 0.638025, 0.033310, 0.006967, -0.024703, -0.081803, 0.996342, 0.185997, 0.000000, 0.000000, 0.000000, 1.000000, -0.024703, -0.081803, 0.996342, 0.254997, -0.638416, -0.765658, -0.078692, -0.016277, 0.769295, -0.638025, -0.033310, 0.250106, 0.000000, 0.000000, 0.000000, 1.000000, -0.985117, 0.169671, 0.027484, -0.018365, 0.028296, 0.002368, 0.999597, -0.038266, 0.169538, 0.985498, -0.007134, -0.043614, 0.000000, 0.000000, 0.000000, 1.000000
-1.1202, 25.1284, 7.1868, 186.1392, 255.1392, -16.1284, 249.8867, -18.3021, -38.0381, -43.6457, 0.637947, 0.765707, 0.081954, 0.025128, -0.769513, 0.637940, 0.029699, 0.007187, -0.029541, -0.082011, 0.996194, 0.186139, 0.000000, 0.000000, 0.000000, 1.000000, -0.029541, -0.082011, 0.996194, 0.255139, -0.637947, -0.765707, -0.081954, -0.016128, 0.769513, -0.637940, -0.029699, 0.249887, 0.000000, 0.000000, 0.000000, 1.000000, -0.985116, 0.169574, 0.028141, -0.018302, 0.028769, 0.001247, 0.999585, -0.038038, 0.169469, 0.985517, -0.006107, -0.043646, 0.000000, 0.000000, 0.000000, 1.000000
-0.8227, 24.4378, 7.2526, 186.2715, 255.2715, -15.4378, 249.8209, -18.0935, -37.8824, -44.2205, 0.633695, 0.753413, 0.175498, 0.024438, -0.770891, 0.633935, 0.062080, 0.007253, -0.064482, -0.174630, 0.982520, 0.186271, 0.000000, 0.000000, 0.000000, 1.000000, -0.064482, -0.174630, 0.982520, 0.255271, -0.633695, -0.753413, -0.175498, -0.015438, 0.770891, -0.633935, -0.062080, 0.249821, 0.000000, 0.000000, 0.000000, 1.000000, -0.985730, 0.167719, 0.014371, -0.018094, -0.001316, -0.093043, 0.995661, -0.037882, 0.168328, 0.981434, 0.091936, -0.044221, 0.000000, 0.000000, 0.000000, 1.000000
-0.5383, 24.1210, 7.3592, 185.9888, 254.9888, -15.1210, 249.7142, -18.0470, -38.1070, -44.4146, 0.631355, 0.748540, 0.202677, 0.024121, -0.771489, 0.632791, 0.066182, 0.007359, -0.078713, -0.198148, 0.977007, 0.185989, 0.000000, 0.000000, 0.000000, 1.000000, -0.078713, -0.198148, 0.977007, 0.254989, -0.631355, -0.748540, -0.202677, -0.015121, 0.771489, -0.632791, -0.066182, 0.249714, 0.000000, 0.000000, 0.000000, 1.000000, -0.985843, 0.167422, 0.009113, -0.018047, -0.010822, -0.117776, 0.992981, -0.038107, 0.167321, 0.978825, 0.117921, -0.044415, 0.000000, 0.000000, 0.000000, 1.000000
-0.2492, 24.1365, 7.5838, 186.2413, 255.2413, -15.1365, 249.4897, -18.0373, -37.7638, -44.3126, 0.633542, 0.753442, 0.175926, 0.024137, -0.771104, 0.633511, 0.063736, 0.007584, -0.063430, -0.176037, 0.982338, 0.186241, 0.000000, 0.000000, 0.000000, 1.000000, -0.063430, -0.176037, 0.982338, 0.255241, -0.633542, -0.753442, -0.175926, -0.015137, 0.771104, -0.633511, -0.063736, 0.249490, 0.000000, 0.000000, 0.000000, 1.000000, -0.985742, 0.166315, 0.025549, -0.018037, 0.009581, -0.096111, 0.995325, -0.037764, 0.167993, 0.981378, 0.093147, -0.044313, 0.000000, 0.000000, 0.000000, 1.000000
0.0070, 23.8924, 7.7840, 186.1614, 255.1614, -14.8924, 249.2895, -17.9168, -37.7910, -44.4160, 0.633680, 0.752072, 0.181208, 0.023892, -0.770950, 0.633298, 0.067599, 0.007784, -0.063919, -0.182538, 0.981119, 0.186161, 0.000000, 0.000000, 0.000000, 1.000000, -0.063919, -0.182538, 0.981119, 0.255161, -0.633680, -0.752072, -0.181208, -0.014892, 0.770950, -0.633298, -0.067599, 0.249289, 0.000000, 0.000000, 0.000000, 1.000000, -0.985654, 0.165968, 0.030662, -0.017917, 0.013516, -0.103465, 0.994541, -0.037791, 0.168235, 0.980688, 0.099737, -0.044416, 0.000000, 0.000000, 0.000000, 1.000000
0.2593, 23.8288, 8.0153, 186.2673, 255.2673, -14.8288, 249.0582, -17.8439, -37.6166, -44.3654, 0.632170, 0.755006, 0.174147, 0.023829, -0.771535, 0.634081, 0.051717, 0.008015, -0.071377, -0.167055, 0.983361, 0.186267, 0.000000, 0.000000, 0.000000, 1.000000, -0.071377, -0.167055, 0.983361, 0.255267, -0.632170, -0.755006, -0.174147, -0.014829, 0.771535, -0.634081, -0.051717, 0.249058, 0.000000, 0.000000, 0.000000, 1.000000, -0.985848, 0.165781, 0.024906, -0.017844, 0.010283, -0.088490, 0.996024, -0.037617, 0.167326, 0.982184, 0.085533, -0.044365, 0.000000, 0.000000, 0.000000, 1.000000
0.5410, 23.6151, 8.0704, 186.1330, 255.1330, -14.6151, 249.0030, -17.8851, -37.6874, -44.5098, 0.632518, 0.750501, 0.191493, 0.023615, -0.771240, 0.633084, 0.066284, 0.008070, -0.071485, -0.189613, 0.979253, 0.186133, 0.000000, 0.000000, 0.000000, 1.000000, -0.071485, -0.189613, 0.979253, 0.255133, -0.632518, -0.750501, -0.191493, -0.014615, 0.771240, -0.633084, -0.066284, 0.249003, 0.000000, 0.000000, 0.000000, 1.000000, -0.985709, 0.165076, 0.033581, -0.017885, 0.015057, -0.112211, 0.993570, -0.037687, 0.167783, 0.979877, 0.108122, -0.044510, 0.000000, 0.000000, 0.000000, 1.000000
0.8086, 23.5265, 8.3763, 186.2495, 255.2495, -14.5265, 248.6972, -17.7433, -37.5046, -44.4445, 0.631578, 0.755062, 0.176040, 0.023527, -0.771573, 0.634389, 0.047179, 0.008376, -0.076055, -0.165625, 0.983252, 0.186250, 0.000000, 0.000000, 0.000000, 1.000000, -0.076055, -0.165625, 0.983252, 0.255250, -0.631578, -0.755062, -0.176040, -0.014527, 0.771573, -0.634389, -0.047179, 0.248697, 0.000000, 0.000000, 0.000000, 1.000000, -0.985804, 0.165274, 0.029579, -0.017743, 0.015020, -0.088655, 0.995949, -0.037505, 0.167227, 0.982255, 0.084914, -0.044445, 0.000000, 0.000000, 0.000000, 1.000000
1.0740, 23.3879, 8.4875, 186.2897, 255.2897, -14.3879, 248.5860, -17.7490, -37.4016, -44.5124, 0.632849, 0.752199, 0.183572, 0.023388, -0.771213, 0.633440, 0.063127, 0.008487, -0.068798, -0.181523, 0.980977, 0.186290, 0.000000, 0.000000, 0.000000, 1.000000, -0.068798, -0.181523, 0.980977, 0.255290, -0.632849, -0.752199, -0.183572, -0.014388, 0.771213, -0.633440, -0.063127, 0.248586, 0.000000, 0.000000, 0.000000, 1.000000, -0.985447, 0.164155, 0.044125, -0.017749, 0.026933, -0.105517, 0.994053, -0.037402, 0.167835, 0.980775, 0.099561, -0.044512, 0.000000, 0.000000, 0.000000, 1.000000
1.3417, 23.2578, 8.7303, 186.2693, 255.2693, -14.2578, 248.3431, -17.6508, -37.3615, -44.5017, 0.631052, 0.755691, 0.175228, 0.023258, -0.771837, 0.634280, 0.044224, 0.008730, -0.077723, -0.163155, 0.983534, 0.186269, 0.000000, 0.000000, 0.000000, 1.000000, -0.077723, -0.163155, 0.983534, 0.255269, -0.631052, -0.755691, -0.175228, -0.014258, 0.771837, -0.634280, -0.044224, 0.248343, 0.000000, 0.000000, 0.000000, 1.000000, -0.985735, 0.164251, 0.036707, -0.017651, 0.022479, -0.087658, 0.995897, -0.037361, 0.166795, 0.982516, 0.082716, -0.044502, 0.000000, 0.000000, 0.000000, 1.000000
1.6106, 23.1705, 8.8256, 186.3811, 255.3811, -14.1705, 248.2479, -17.6905, -37.1813, -44.5398, 0.633591, 0.754360, 0.171763, 0.023171, -0.771176, 0.633594, 0.062016, 0.008826, -0.062045, -0.171752, 0.983184, 0.186381, 0.000000, 0.000000, 0.000000, 1.000000, -0.062045, -0.171752, 0.983184, 0.255381, -0.633591, -0.754360, -0.171763, -0.014171, 0.771176, -0.633594, -0.062016, 0.248248, 0.000000, 0.000000, 0.000000, 1.000000, -0.984873, 0.163118, 0.058467, -0.017691, 0.042948, -0.097097, 0.994348, -0.037181, 0.167873, 0.981817, 0.088622, -0.044540, 0.000000, 0.000000, 0.000000, 1.000000
1.8839, 22.8188, 8.9885, 186.1142, 255.1142, -13.8188, 248.0849, -17.5795, -37.4118, -44.7373, 0.629107, 0.750068, 0.204016, 0.022819, -0.772304, 0.632900, 0.054622, 0.008989, -0.088151, -0.191925, 0.977443, 0.186114, 0.000000, 0.000000, 0.000000, 1.000000, -0.088151, -0.191925, 0.977443, 0.255114, -0.629107, -0.750068, -0.204016, -0.013819, 0.772304, -0.632900, -0.054622, 0.248085, 0.000000, 0.000000, 0.000000, 1.000000, -0.985923, 0.162234, 0.040443, -0.017580, 0.021242, -0.118389, 0.992740, -0.037412, 0.165844, 0.979625, 0.113276, -0.044737, 0.000000, 0.000000, 0.000000, 1.000000
2.1450, 22.8354, 9.3304, 186.3935, 255.3935, -13.8353, 247.7431, -17.4339, -37.0665, -44.5785, 0.630170, 0.756903, 0.173154, 0.022835, -0.771992, 0.634649, 0.035338, 0.009330, -0.083145, -0.155943, 0.984260, 0.186394, 0.000000, 0.000000, 0.000000, 1.000000, -0.083145, -0.155943, 0.984260, 0.255394, -0.630170, -0.756903, -0.173154, -0.013835, 0.771992, -0.634649, -0.035338, 0.247743, 0.000000, 0.000000, 0.000000, 1.000000, -0.985567, 0.163451, 0.044057, -0.017434, 0.030819, -0.082665, 0.996101, -0.037067, 0.166456, 0.983082, 0.076435, -0.044578, 0.000000, 0.000000, 0.000000, 1.000000
2.4095, 22.6541, 9.3843, 186.4132, 255.4132, -13.6541, 247.6892, -17.4675, -36.9924, -44.7097, 0.631020, 0.753250, 0.185548, 0.022654, -0.771787, 0.633756, 0.051936, 0.009384, -0.078472, -0.175977, 0.981262, 0.186413, 0.000000, 0.000000, 0.000000, 1.000000, -0.078472, -0.175977, 0.981262, 0.255413, -0.631020, -0.753250, -0.185548, -0.013654, 0.771787, -0.633756, -0.051936, 0.247689, 0.000000, 0.000000, 0.000000, 1.000000, -0.985165, 0.161991, 0.056653, -0.017467, 0.040099, -0.103699, 0.993800, -0.036992, 0.166861, 0.981328, 0.095665, -0.044710, 0.000000, 0.000000, 0.000000, 1.000000
2.6776, 22.4924, 9.7103, 186.4237, 255.4237, -13.4924, 247.3632, -17.2780, -36.9375, -44.6877, 0.628285, 0.756978, 0.179560, 0.022492, -0.772478, 0.634404, 0.028440, 0.009710, -0.092386, -0.156575, 0.983336, 0.186424, 0.000000, 0.000000, 0.000000, 1.000000, -0.092386, -0.156575, 0.983336, 0.255424, -0.628285, -0.756978, -0.179560, -0.013492, 0.772478, -0.634404, -0.028440, 0.247363, 0.000000, 0.000000, 0.000000, 1.000000, -0.985745, 0.162359, 0.044112, -0.017278, 0.030604, -0.084784, 0.995929, -0.036938, 0.165438, 0.983083, 0.078607, -0.044688, 0.000000, 0.000000, 0.000000, 1.000000
2.9558, 22.4057, 9.8775, 186.4983, 255.4983, -13.4057, 247.1959, -17.2616, -36.8001, -44.6860, 0.629137, 0.755966, 0.180838, 0.022406, -0.771808, 0.635148, 0.029984, 0.009878, -0.092193, -0.158436, 0.983056, 0.186498, 0.000000, 0.000000, 0.000000, 1.000000, -0.092193, -0.158436, 0.983056, 0.255498, -0.629137, -0.755966, -0.180838, -0.013406, 0.771808, -0.635148, -0.029984, 0.247196, 0.000000, 0.000000, 0.000000, 1.000000, -0.985398, 0.162871, 0.049628, -0.017262, 0.035660, -0.087591, 0.995518, -0.036800, 0.166488, 0.982752, 0.080504, -0.044686, 0.000000, 0.000000, 0.000000, 1.000000
3.2344, 22.0865, 10.0864, 186.3612, 255.3612, -13.0865, 246.9871, -17.1204, -36.9076, -44.8446, 0.626441, 0.753789, 0.198428, 0.022087, -0.772643, 0.634114, 0.030371, 0.010086, -0.102932, -0.172339, 0.979645, 0.186361, 0.000000, 0.000000, 0.000000, 1.000000, -0.102932, -0.172339, 0.979645, 0.255361, -0.626441, -0.753789, -0.198428, -0.013087, 0.772643, -0.634114, -0.030371, 0.246987, 0.000000, 0.000000, 0.000000, 1.000000, -0.985896, 0.160960, 0.045830, -0.017120, 0.029508, -0.102370, 0.994309, -0.036908, 0.164735, 0.981638, 0.096176, -0.044845, 0.000000, 0.000000, 0.000000, 1.000000
3.4998, 22.0154, 10.4164, 186.4899, 255.4899, -13.0154, 246.6570, -16.9553, -36.7311, -44.7534, 0.624742, 0.758337, 0.186071, 0.022015, -0.772410, 0.635105, 0.005019, 0.010416, -0.114368, -0.146859, 0.982524, 0.186490, 0.000000, 0.000000, 0.000000, 1.000000, -0.114368, -0.146859, 0.982524, 0.255490, -0.624742, -0.758337, -0.186071, -0.013015, 0.772410, -0.635105, -0.005019, 0.246657, 0.000000, 0.000000, 0.000000, 1.000000, -0.986130, 0.162267, 0.034875, -0.016955, 0.022521, -0.077357, 0.996749, -0.036731, 0.164438, 0.983710, 0.072629, -0.044753, 0.000000, 0.000000, 0.000000, 1.000000
3.7648, 21.8602, 10.5058, 186.5496, 255.5496, -12.8602, 246.5676, -16.9647, -36.6213, -44.8481, 0.626632, 0.755718, 0.190325, 0.021860, -0.772317, 0.634857, 0.021993, 0.010506, -0.104209, -0.160773, 0.981475, 0.186550, 0.000000, 0.000000, 0.000000, 1.000000, -0.104209, -0.160773, 0.981475, 0.255550, -0.626632, -0.755718, -0.190325, -0.012860, 0.772317, -0.634857, -0.021993, 0.246568, 0.000000, 0.000000, 0.000000, 1.000000, -0.985555, 0.161188, 0.051959, -0.016965, 0.037379, -0.092206, 0.995038, -0.036621, 0.165179, 0.982607, 0.084849, -0.044848, 0.000000, 0.000000, 0.000000, 1.000000
4.0307, 21.7274, 10.7138, 186.5019, 255.5019, -12.7274, 246.3596, -16.8965, -36.6231, -44.8546, 0.624812, 0.756933, 0.191475, 0.021727, -0.772476, 0.634956, 0.010619, 0.010714, -0.113540, -0.154545, 0.981440, 0.186502, 0.000000, 0.000000, 0.000000, 1.000000, -0.113540, -0.154545, 0.981440, 0.255502, -0.624812, -0.756933, -0.191475, -0.012727, 0.772476, -0.634956, -0.010619, 0.246360, 0.000000, 0.000000, 0.000000, 1.000000, -0.985860, 0.161079, 0.046183, -0.016897, 0.032489, -0.086636, 0.995710, -0.036623, 0.164389, 0.983132, 0.080178, -0.044855, 0.000000, 0.000000, 0.000000, 1.000000
4.2869, 21.6254, 10.9577, 186.6946, 255.6946, -12.6254, 246.1158, -16.7736, -36.3901, -44.8388, 0.625494, 0.758542, 0.182679, 0.021625, -0.772272, 0.635260, 0.006462, 0.010958, -0.111147, -0.145120, 0.983151, 0.186695, 0.000000, 0.000000, 0.000000, 1.000000, -0.111147, -0.145120, 0.983151, 0.255695, -0.625494, -0.758542, -0.182679, -0.012625, 0.772272, -0.635260, -0.006462, 0.246116, 0.000000, 0.000000, 0.000000, 1.000000, -0.985532, 0.161462, 0.051539, -0.016774, 0.039343, -0.077844, 0.996189, -0.036390, 0.164859, 0.983804, 0.070366, -0.044839, 0.000000, 0.000000, 0.000000, 1.000000
4.5391, 21.3773, 11.0417, 186.5636, 255.5636, -12.3773, 246.0318, -16.7596, -36.4886, -44.9989, 0.623379, 0.755141, 0.202883, 0.021377, -0.772607, 0.634785, 0.011211, 0.011042, -0.120321, -0.163737, 0.979139, 0.186564, 0.000000, 0.000000, 0.000000, 1.000000, -0.120321, -0.163737, 0.979139, 0.255564, -0.623379, -0.755141, -0.202883, -0.012377, 0.772607, -0.634785, -0.011211, 0.246032, 0.000000, 0.000000, 0.000000, 1.000000, -0.985910, 0.159726, 0.049683, -0.016760, 0.034348, -0.097379, 0.994655, -0.036489, 0.163710, 0.982347, 0.090520, -0.044999, 0.000000, 0.000000, 0.000000, 1.000000
4.8059, 21.3324, 11.3082, 186.7198, 255.7198, -12.3324, 245.7653, -16.6547, -36.2848, -44.9191, 0.622586, 0.758194, 0.193724, 0.021332, -0.771872, 0.635734, -0.007504, 0.011308, -0.128846, -0.144858, 0.981027, 0.186720, 0.000000, 0.000000, 0.000000, 1.000000, -0.128846, -0.144858, 0.981027, 0.255720, -0.622586, -0.758194, -0.193724, -0.012332, 0.771872, -0.635734, 0.007504, 0.245765, 0.000000, 0.000000, 0.000000, 1.000000, -0.985964, 0.161366, 0.042857, -0.016655, 0.030359, -0.079137, 0.996401, -0.036285, 0.164177, 0.983717, 0.073128, -0.044919, 0.000000, 0.000000, 0.000000, 1.000000
5.0845, 21.1387, 11.3760, 186.6149, 255.6149, -12.1387, 245.6975, -16.6948, -36.3423, -45.0428, 0.622257, 0.755937, 0.203361, 0.021139, -0.772562, 0.634929, 0.003768, 0.011376, -0.126272, -0.159454, 0.979096, 0.186615, 0.000000, 0.000000, 0.000000, 1.000000, -0.126272, -0.159454, 0.979096, 0.255615, -0.622257, -0.755937, -0.203361, -0.012139, 0.772562, -0.634929, -0.003768, 0.245697, 0.000000, 0.000000, 0.000000, 1.000000, -0.985854, 0.159177, 0.052488, -0.016695, 0.037696, -0.094568, 0.994804, -0.036342, 0.163313, 0.982710, 0.087229, -0.045043, 0.000000, 0.000000, 0.000000, 1.000000
5.3424, 21.0043, 11.6928, 186.7732, 255.7732, -12.0043, 245.3807, -16.4957, -36.1604, -45.0154, 0.620344, 0.758604, 0.199233, 0.021004, -0.772129, 0.635293, -0.014809, 0.011693, -0.137806, -0.144647, 0.979840, 0.186773, 0.000000, 0.000000, 0.000000, 1.000000, -0.137806, -0.144647, 0.979840, 0.255773, -0.620344, -0.758604, -0.199233, -0.012004, 0.772129, -0.635293, 0.014809, 0.245381, 0.000000, 0.000000, 0.000000, 1.000000, -0.986166, 0.160072, 0.043048, -0.016496, 0.030450, -0.080334, 0.996303, -0.036160, 0.162939, 0.983831, 0.074348, -0.045015, 0.000000, 0.000000, 0.000000, 1.000000
5.6219, 20.8663, 11.8535, 186.7860, 255.7860, -11.8663, 245.2200, -16.4649, -36.1038, -45.0555, 0.620956, 0.757169, 0.202753, 0.020866, -0.771952, 0.635611, -0.009453, 0.011854, -0.136030, -0.150645, 0.979184, 0.186786, 0.000000, 0.000000, 0.000000, 1.000000, -0.136030, -0.150645, 0.979184, 0.255786, -0.620956, -0.757169, -0.202753, -0.011866, 0.771952, -0.635611, 0.009453, 0.245220, 0.000000, 0.000000, 0.000000, 1.000000, -0.985864, 0.159685, 0.050727, -0.016465, 0.037087, -0.087267, 0.995494, -0.036104, 0.163392, 0.983303, 0.080111, -0.045056, 0.000000, 0.000000, 0.000000, 1.000000
5.8768, 20.6986, 12.0013, 186.8096, 255.8096, -11.6986, 245.0722, -16.4136, -36.0484, -45.1287, 0.620649, 0.756190, 0.207295, 0.020699, -0.772017, 0.635563, -0.007020, 0.012001, -0.137057, -0.155678, 0.978253, 0.186810, 0.000000, 0.000000, 0.000000, 1.000000, -0.137057, -0.155678, 0.978253, 0.255810, -0.620649, -0.756190, -0.207295, -0.011699, 0.772017, -0.635563, 0.007020, 0.245072, 0.000000, 0.000000, 0.000000, 1.000000, -0.985766, 0.158898, 0.054917, -0.016414, 0.040420, -0.093072, 0.994839, -0.036048, 0.163189, 0.982898, 0.085325, -0.045129, 0.000000, 0.000000, 0.000000, 1.000000
6.1400, 20.5989, 12.2993, 186.9028, 255.9028, -11.5989, 244.7742, -16.2589, -35.9276, -45.0748, 0.619066, 0.759064, 0.201441, 0.020599, -0.771637, 0.635620, -0.023741, 0.012299, -0.146061, -0.140742, 0.979213, 0.186903, 0.000000, 0.000000, 0.000000, 1.000000, -0.146061, -0.140742, 0.979213, 0.255903, -0.619066, -0.759064, -0.201441, -0.011599, 0.771637, -0.635620, 0.023741, 0.244774, 0.000000, 0.000000, 0.000000, 1.000000, -0.986002, 0.159658, 0.048056, -0.016259, 0.035816, -0.078680, 0.996256, -0.035928, 0.162841, 0.984032, 0.071861, -0.045075, 0.000000, 0.000000, 0.000000, 1.000000
6.4261, 20.3971, 12.3743, 186.9160, 255.9160, -11.3971, 244.6991, -16.2746, -35.8743, -45.2126, 0.618534, 0.756436, 0.212649, 0.020397, -0.772161, 0.635277, -0.013817, 0.012374, -0.145542, -0.155653, 0.977031, 0.186916, 0.000000, 0.000000, 0.000000, 1.000000, -0.145542, -0.155653, 0.977031, 0.255916, -0.618534, -0.756436, -0.212649, -0.011397, 0.772161, -0.635277, 0.013817, 0.244699, 0.000000, 0.000000, 0.000000, 1.000000, -0.985918, 0.157638, 0.055828, -0.016275, 0.041215, -0.094496, 0.994672, -0.035874, 0.162074, 0.982965, 0.086668, -0.045213, 0.000000, 0.000000, 0.000000, 1.000000
6.6920, 20.2052, 12.6323, 186.9624, 255.9624, -11.2052, 244.4412, -16.1191, -35.8135, -45.2539, 0.617604, 0.756387, 0.215507, 0.020205, -0.771977, 0.635402, -0.017789, 0.012632, -0.150389, -0.155379, 0.976340, 0.186962, 0.000000, 0.000000, 0.000000, 1.000000, -0.150389, -0.155379, 0.976340, 0.255962, -0.617604, -0.756387, -0.215507, -0.011205, 0.771977, -0.635402, 0.017789, 0.244441, 0.000000, 0.000000, 0.000000, 1.000000, -0.985976, 0.157378, 0.055536, -0.016119, 0.040864, -0.094980, 0.994640, -0.035813, 0.161809, 0.982960, 0.087217, -0.045254, 0.000000, 0.000000, 0.000000, 1.000000
6.9574, 20.0509, 12.9480, 187.0449, 256.0449, -11.0509, 244.1254, -15.9247, -35.7197, -45.2372, 0.615529, 0.759038, 0.212098, 0.020051, -0.771012, 0.635716, -0.037490, 0.012948, -0.163291, -0.140454, 0.976529, 0.187045, 0.000000, 0.000000, 0.000000, 1.000000, -0.163291, -0.140454, 0.976529, 0.256045, -0.615529, -0.759038, -0.212098, -0.011051, 0.771012, -0.635716, 0.037490, 0.244125, 0.000000, 0.000000, 0.000000, 1.000000, -0.986312, 0.158667, 0.044869, -0.015925, 0.032340, -0.080683, 0.996215, -0.035720, 0.161686, 0.984030, 0.074447, -0.045237, 0.000000, 0.000000, 0.000000, 1.000000
7.2259, 19.9256, 12.9793, 186.9693, 255.9693, -10.9256, 244.0942, -16.0195, -35.7440, -45.3227, 0.616156, 0.757165, 0.216917, 0.019926, -0.771235, 0.635893, -0.028928, 0.012979, -0.159839, -0.149470, 0.975761, 0.186969, 0.000000, 0.000000, 0.000000, 1.000000, -0.159839, -0.149470, 0.975761, 0.255969, -0.616156, -0.757165, -0.216917, -0.010926, 0.771235, -0.635893, 0.028928, 0.244094, 0.000000, 0.000000, 0.000000, 1.000000, -0.985994, 0.157644, 0.054454, -0.016020, 0.040471, -0.090587, 0.995066, -0.035744, 0.161799, 0.983332, 0.082938, -0.045323, 0.000000, 0.000000, 0.000000, 1.000000
7.4786, 19.7882, 13.2351, 187.1342, 256.1342, -10.7882, 243.8383, -15.8604, -35.5668, -45.3289, 0.614247, 0.758851, 0.216437, 0.019788, -0.770749, 0.635772, -0.041704, 0.013235, -0.169252, -0.141202, 0.975405, 0.187134, 0.000000, 0.000000, 0.000000, 1.000000, -0.169252, -0.141202, 0.975405, 0.256134, -0.614247, -0.758851, -0.216437, -0.010788, 0.770749, -0.635772, 0.041704, 0.243838, 0.000000, 0.000000, 0.000000, 1.000000, -0.986283, 0.157920, 0.048032, -0.015860, 0.035230, -0.082894, 0.995936, -0.035567, 0.161260, 0.983966, 0.076193, -0.045329, 0.000000, 0.000000, 0.000000, 1.000000
7.7388, 19.6471, 13.3888, 187.2455, 256.2455, -10.6471, 243.6846, -15.8011, -35.4298, -45.3843, 0.614567, 0.757309, 0.220886, 0.019647, -0.770841, 0.636016, -0.035888, 0.013389, -0.167665, -0.148212, 0.974639, 0.187246, 0.000000, 0.000000, 0.000000, 1.000000, -0.167665, -0.148212, 0.974639, 0.256246, -0.614567, -0.757309, -0.220886, -0.010647, 0.770841, -0.636016, 0.035888, 0.243685, 0.000000, 0.000000, 0.000000, 1.000000, -0.986033, 0.157110, 0.055282, -0.015801, 0.041325, -0.090756, 0.995015, -0.035430, 0.161344, 0.983402, 0.082996, -0.045384, 0.000000, 0.000000, 0.000000, 1.000000
8.0279, 19.4975, 13.5761, 187.2240, 256.2240, -10.4975, 243.4973, -15.7525, -35.4217, -45.4179, 0.613825, 0.757070, 0.223752, 0.019498, -0.770552, 0.636200, -0.038719, 0.013576, -0.171663, -0.148646, 0.973877, 0.187224, 0.000000, 0.000000, 0.000000, 1.000000, -0.171663, -0.148646, 0.973877, 0.256224, -0.613825, -0.757070, -0.223752, -0.010498, 0.770552, -0.636200, 0.038719, 0.243497, 0.000000, 0.000000, 0.000000, 1.000000, -0.986015, 0.156834, 0.056365, -0.015753, 0.042231, -0.092038, 0.994860, -0.035422, 0.161215, 0.983327, 0.084127, -0.045418, 0.000000, 0.000000, 0.000000, 1.000000
8.3035, 19.2720, 13.9038, 187.2984, 256.2984, -10.2720, 243.1696, -15.5200, -35.3577, -45.4560, 0.610472, 0.758493, 0.228062, 0.019272, -0.770432, 0.635466, -0.051165, 0.013904, -0.183734, -0.144471, 0.972301, 0.187298, 0.000000, 0.000000, 0.000000, 1.000000, -0.183734, -0.144471, 0.972301, 0.256298, -0.610472, -0.758493, -0.228062, -0.010272, 0.770432, -0.635466, 0.051165, 0.243170, 0.000000, 0.000000, 0.000000, 1.000000, -0.986593, 0.155946, 0.048122, -0.015520, 0.034588, -0.088367, 0.995487, -0.035358, 0.159495, 0.983805, 0.081789, -0.045456, 0.000000, 0.000000, 0.000000, 1.000000
8.5601, 19.1653, 14.0689, 187.3535, 256.3535, -10.1653, 243.0046, -15.4750, -35.2764, -45.4708, 0.611420, 0.758705, 0.224793, 0.019165, -0.769622, 0.636213, -0.053987, 0.014069, -0.183977, -0.139997, 0.972910, 0.187354, 0.000000, 0.000000, 0.000000, 1.000000, -0.183977, -0.139997, 0.972910, 0.256354, -0.611420, -0.758705, -0.224793, -0.010165, 0.769622, -0.636213, 0.053987, 0.243005, 0.000000, 0.000000, 0.000000, 1.000000, -0.986233, 0.157027, 0.051836, -0.015475, 0.038833, -0.084774, 0.995643, -0.035276, 0.160737, 0.983949, 0.077509, -0.045471, 0.000000, 0.000000, 0.000000, 1.000000
8.8295, 18.9678, 14.3080, 187.3819, 256.3819, -9.9678, 242.7655, -15.3369, -35.2461, -45.5246, 0.608443, 0.758807, 0.232396, 0.018968, -0.769222, 0.635922, -0.062454, 0.014308, -0.195177, -0.140765, 0.970614, 0.187382, 0.000000, 0.000000, 0.000000, 1.000000, -0.195177, -0.140765, 0.970614, 0.256382, -0.608443, -0.758807, -0.232396, -0.009968, 0.769222, -0.635922, 0.062454, 0.242765, 0.000000, 0.000000, 0.000000, 1.000000, -0.986696, 0.156165, 0.045197, -0.015337, 0.031970, -0.086197, 0.995765, -0.035246, 0.159399, 0.983963, 0.080058, -0.045525, 0.000000, 0.000000, 0.000000, 1.000000
9.1020, 18.8269, 14.5076, 187.4596, 256.4596, -9.8269, 242.5658, -15.2504, -35.1529, -45.5538, 0.607964, 0.758862, 0.233470, 0.018827, -0.769099, 0.635902, -0.064150, 0.014508, -0.197145, -0.140561, 0.970246, 0.187460, 0.000000, 0.000000, 0.000000, 1.000000, -0.197145, -0.140561, 0.970246, 0.256460, -0.607964, -0.758862, -0.233470, -0.009827, 0.769099, -0.635902, 0.064150, 0.242566, 0.000000, 0.000000, 0.000000, 1.000000, -0.986634, 0.155755, 0.047897, -0.015250, 0.034642, -0.086728, 0.995630, -0.035153, 0.159228, 0.983981, 0.080173, -0.045554, 0.000000, 0.000000, 0.000000, 1.000000
9.3735, 18.6908, 14.6731, 187.5519, 256.5519, -9.6908, 242.4003, -15.1909, -35.0413, -45.5972, 0.607667, 0.758306, 0.236037, 0.018691, -0.768667, 0.636304, -0.065326, 0.014673, -0.199728, -0.141737, 0.969546, 0.187552, 0.000000, 0.000000, 0.000000, 1.000000, -0.199728, -0.141737, 0.969546, 0.256552, -0.607667, -0.758306, -0.236037, -0.009691, 0.768667, -0.636304, 0.065326, 0.242400, 0.000000, 0.000000, 0.000000, 1.000000, -0.986528, 0.155684, 0.050249, -0.015191, 0.036690, -0.088772, 0.995376, -0.035041, 0.159424, 0.983810, 0.081864, -0.045597, 0.000000, 0.000000, 0.000000, 1.000000
9.6346, 18.4878, 14.9128, 187.4890, 256.4890, -9.4878, 242.1606, -15.0650, -35.1085, -45.6471, 0.605079, 0.759020, 0.240350, 0.018488, -0.768102, 0.635960, -0.074656, 0.014913, -0.209519, -0.139440, 0.967811, 0.187489, 0.000000, 0.000000, 0.000000, 1.000000, -0.209519, -0.139440, 0.967811, 0.256489, -0.605079, -0.759020, -0.240350, -0.009488, 0.768102, -0.635960, 0.074656, 0.242161, 0.000000, 0.000000, 0.000000, 1.000000, -0.986889, 0.155174, 0.044403, -0.015065, 0.031111, -0.087065, 0.995717, -0.035109, 0.158375, 0.984043, 0.081095, -0.045647, 0.000000, 0.000000, 0.000000, 1.000000
9.9193, 18.3636, 15.0657, 187.6179, 256.6179, -9.3636, 242.0078, -15.0209, -34.9567, -45.6899, 0.605104, 0.758621, 0.241544, 0.018364, -0.767950, 0.636190, -0.074261, 0.015066, -0.210004, -0.140559, 0.967544, 0.187618, 0.000000, 0.000000, 0.000000, 1.000000, -0.210004, -0.140559, 0.967544, 0.256618, -0.605104, -0.758621, -0.241544, -0.009364, 0.767950, -0.636190, 0.074261, 0.242008, 0.000000, 0.000000, 0.000000, 1.000000, -0.986717, 0.154861, 0.049068, -0.015021, 0.035527, -0.089031, 0.995395, -0.034957, 0.158517, 0.983916, 0.082347, -0.045690, 0.000000, 0.000000, 0.000000, 1.000000
10.2023, 18.2013, 15.2072, 187.6449, 256.6449, -9.2013, 241.8663, -14.9907, -34.9107, -45.7618, 0.603703, 0.757622, 0.248097, 0.018201, -0.768319, 0.635953, -0.072454, 0.015207, -0.212671, -0.146877, 0.966022, 0.187645, 0.000000, 0.000000, 0.000000, 1.000000, -0.212671, -0.146877, 0.966022, 0.256645, -0.603703, -0.757622, -0.248097, -0.009201, 0.768319, -0.635953, 0.072454, 0.241866, 0.000000, 0.000000, 0.000000, 1.000000, -0.986824, 0.153182, 0.052103, -0.014991, 0.037605, -0.096062, 0.994665, -0.034911, 0.157370, 0.983518, 0.089036, -0.045762, 0.000000, 0.000000, 0.000000, 1.000000
10.4959, 18.1263, 15.4677, 187.9142, 256.9142, -9.1263, 241.6057, -14.8473, -34.6317, -45.7215, 0.604383, 0.758398, 0.244036, 0.018126, -0.767597, 0.636345, -0.076549, 0.015468, -0.213345, -0.141056, 0.966740, 0.187914, 0.000000, 0.000000, 0.000000, 1.000000, -0.213345, -0.141056, 0.966740, 0.256914, -0.604383, -0.758398, -0.244036, -0.009126, 0.767597, -0.636345, 0.076549, 0.241606, 0.000000, 0.000000, 0.000000, 1.000000, -0.986484, 0.154072, 0.055780, -0.014847, 0.042025, -0.091136, 0.994951, -0.034632, 0.158378, 0.983848, 0.083429, -0.045721, 0.000000, 0.000000, 0.000000, 1.000000
10.7899, 17.9387, 15.6540, 187.8309, 256.8309, -8.9387, 241.4195, -14.7999, -34.7050, -45.7828, 0.601499, 0.759074, 0.249008, 0.017939, -0.767200, 0.635771, -0.084846, 0.015654, -0.222716, -0.140004, 0.964778, 0.187831, 0.000000, 0.000000, 0.000000, 1.000000, -0.222716, -0.140004, 0.964778, 0.256831, -0.601499, -0.759074, -0.249008, -0.008939, 0.767200, -0.635771, 0.084846, 0.241419, 0.000000, 0.000000, 0.000000, 1.000000, -0.986898, 0.153060, 0.051034, -0.014800, 0.037399, -0.090676, 0.995178, -0.034705, 0.156950, 0.984048, 0.083764, -0.045783, 0.000000, 0.000000, 0.000000, 1.000000
11.0483, 17.7043, 15.9082, 187.7865, 256.7865, -8.7043, 241.1653, -14.6429, -34.7728, -45.8542, 0.599917, 0.758204, 0.255396, 0.017704, -0.766332, 0.636273, -0.088836, 0.015908, -0.229857, -0.142424, 0.962747, 0.187786, 0.000000, 0.000000, 0.000000, 1.000000, -0.229857, -0.142424, 0.962747, 0.256786, -0.599917, -0.758204, -0.255396, -0.008704, 0.766332, -0.636273, 0.088836, 0.241165, 0.000000, 0.000000, 0.000000, 1.000000, -0.987048, 0.152870, 0.048658, -0.014643, 0.034497, -0.093961, 0.994978, -0.034773, 0.156675, 0.983769, 0.087471, -0.045854, 0.000000, 0.000000, 0.000000, 1.000000
11.3027, 17.6708, 16.0898, 187.9953, 256.9953, -8.6708, 240.9837, -14.5740, -34.5458, -45.8118, 0.600085, 0.759059, 0.252445, 0.017671, -0.765569, 0.636463, -0.093908, 0.016090, -0.231954, -0.136911, 0.963044, 0.187995, 0.000000, 0.000000, 0.000000, 1.000000, -0.231954, -0.136911, 0.963044, 0.256995, -0.600085, -0.759059, -0.252445, -0.008671, 0.765569, -0.636463, 0.093908, 0.240984, 0.000000, 0.000000, 0.000000, 1.000000, -0.986852, 0.153630, 0.050214, -0.014574, 0.036760, -0.089193, 0.995336, -0.034546, 0.157392, 0.984095, 0.082372, -0.045812, 0.000000, 0.000000, 0.000000, 1.000000
11.5677, 17.4280, 16.2340, 187.8677, 256.8677, -8.4280, 240.8394, -14.5325, -34.6774, -45.9375, 0.597297, 0.758346, 0.261051, 0.017428, -0.765455, 0.636183, -0.096698, 0.016234, -0.239407, -0.142065, 0.960470, 0.187868, 0.000000, 0.000000, 0.000000, 1.000000, -0.239407, -0.142065, 0.960470, 0.256868, -0.597297, -0.758346, -0.261051, -0.008428, 0.765455, -0.636183, 0.096698, 0.240839, 0.000000, 0.000000, 0.000000, 1.000000, -0.987229, 0.151963, 0.047805, -0.014532, 0.033561, -0.094952, 0.994916, -0.034677, 0.155730, 0.983815, 0.088640, -0.045938, 0.000000, 0.000000, 0.000000, 1.000000
11.8358, 17.3137, 16.4011, 187.9278, 256.9278, -8.3137, 240.6724, -14.4845, -34.6065, -45.9584, 0.596931, 0.758240, 0.262195, 0.017314, -0.765381, 0.636186, -0.097261, 0.016401, -0.240552, -0.142621, 0.960101, 0.187928, 0.000000, 0.000000, 0.000000, 1.000000, -0.240552, -0.142621, 0.960101, 0.256928, -0.596931, -0.758240, -0.262195, -0.008314, 0.765381, -0.636186, 0.097261, 0.240672, 0.000000, 0.000000, 0.000000, 1.000000, -0.987134, 0.151422, 0.051358, -0.014484, 0.036990, -0.096219, 0.994673, -0.034606, 0.155557, 0.983775, 0.089379, -0.045958, 0.000000, 0.000000, 0.000000, 1.000000
12.0784, 17.1442, 16.5861, 187.9355, 256.9355, -8.1442, 240.4873, -14.3942, -34.6085, -46.0131, 0.594307, 0.758340, 0.267806, 0.017144, -0.764607, 0.636017, -0.104203, 0.016586, -0.249350, -0.142837, 0.957821, 0.187936, 0.000000, 0.000000, 0.000000, 1.000000, -0.249350, -0.142837, 0.957821, 0.256936, -0.594307, -0.758340, -0.267806, -0.008144, 0.764607, -0.636017, 0.104203, 0.240487, 0.000000, 0.000000, 0.000000, 1.000000, -0.987475, 0.150766, 0.046500, -0.014394, 0.032031, -0.097013, 0.994768, -0.034608, 0.154489, 0.983798, 0.090969, -0.046013, 0.000000, 0.000000, 0.000000, 1.000000
12.3346, 16.9971, 16.7998, 188.0145, 257.0145, -7.9971, 240.2736, -14.2791, -34.5410, -46.0408, 0.593423, 0.758420, 0.269535, 0.016997, -0.764270, 0.635980, -0.106868, 0.016800, -0.252470, -0.142579, 0.957042, 0.188014, 0.000000, 0.000000, 0.000000, 1.000000, -0.252470, -0.142579, 0.957042, 0.257014, -0.593423, -0.758420, -0.269535, -0.007997, 0.764270, -0.635980, 0.106868, 0.240274, 0.000000, 0.000000, 0.000000, 1.000000, -0.987484, 0.150334, 0.047688, -0.014279, 0.033205, -0.097415, 0.994690, -0.034541, 0.154181, 0.983824, 0.091204, -0.046041, 0.000000, 0.000000, 0.000000, 1.000000
12.6097, 16.8677, 16.9739, 188.1537, 257.1537, -7.8677, 240.0995, -14.1998, -34.4013, -46.0784, 0.593226, 0.758325, 0.270232, 0.016868, -0.763952, 0.636152, -0.108107, 0.016974, -0.253889, -0.142312, 0.956707, 0.188154, 0.000000, 0.000000, 0.000000, 1.000000, -0.253889, -0.142312, 0.956707, 0.257154, -0.593226, -0.758325, -0.270232, -0.007868, 0.763952, -0.636152, 0.108107, 0.240100, 0.000000, 0.000000, 0.000000, 1.000000, -0.987350, 0.150127, 0.051005, -0.014200, 0.036484, -0.097935, 0.994524, -0.034401, 0.154300, 0.983804, 0.091219, -0.046078, 0.000000, 0.000000, 0.000000, 1.000000
12.8632, 16.7057, 17.1682, 188.1660, 257.1660, -7.7057, 239.9053, -14.1105, -34.4009, -46.1225, 0.590973, 0.758421, 0.274861, 0.016706, -0.763339, 0.635946, -0.113519, 0.017168, -0.260892, -0.142726, 0.954759, 0.188166, 0.000000, 0.000000, 0.000000, 1.000000, -0.260892, -0.142726, 0.954759, 0.257166, -0.590973, -0.758421, -0.274861, -0.007706, 0.763339, -0.635946, 0.113519, 0.239905, 0.000000, 0.000000, 0.000000, 1.000000, -0.987609, 0.149358, 0.048175, -0.014110, 0.033551, -0.098931, 0.994529, -0.034401, 0.153306, 0.983822, 0.092694, -0.046122, 0.000000, 0.000000, 0.000000, 1.000000
13.1194, 16.5458, 17.3911, 188.2641, 257.2641, -7.5458, 239.6823, -13.9753, -34.3248, -46.1583, 0.589929, 0.758598, 0.276608, 0.016546, -0.762717, 0.635971, -0.117486, 0.017391, -0.265039, -0.141665, 0.953774, 0.188264, 0.000000, 0.000000, 0.000000, 1.000000, -0.265039, -0.141665, 0.953774, 0.257264, -0.589929, -0.758598, -0.276608, -0.007546, 0.762717, -0.635971, 0.117486, 0.239682, 0.000000, 0.000000, 0.000000, 1.000000, -0.987638, 0.149158, 0.048200, -0.013975, 0.033654, -0.098553, 0.994563, -0.034325, 0.153097, 0.983890, 0.092314, -0.046158, 0.000000, 0.000000, 0.000000, 1.000000
13.3581, 16.4231, 17.5763, 188.3974, 257.3974, -7.4231, 239.4971, -13.8677, -34.2053, -46.1841, 0.588991, 0.758588, 0.278627, 0.016423, -0.762365, 0.635949, -0.119865, 0.017576, -0.268121, -0.141817, 0.952890, 0.188397, 0.000000, 0.000000, 0.000000, 1.000000, -0.268121, -0.141817, 0.952890, 0.257397, -0.588991, -0.758588, -0.278627, -0.007423, 0.762365, -0.635949, 0.119865, 0.239497, 0.000000, 0.000000, 0.000000, 1.000000, -0.987661, 0.148689, 0.049164, -0.013868, 0.034551, -0.099315, 0.994456, -0.034205, 0.152747, 0.983884, 0.092952, -0.046184, 0.000000, 0.000000, 0.000000, 1.000000
13.6147, 16.2547, 17.7692, 188.4440, 257.4440, -7.2547, 239.3043, -13.7684, -34.1772, -46.2375, 0.587893, 0.758535, 0.281080, 0.016255, -0.761828, 0.636005, -0.122946, 0.017769, -0.272027, -0.141856, 0.951776, 0.188444, 0.000000, 0.000000, 0.000000, 1.000000, -0.272027, -0.141856, 0.951776, 0.257444, -0.587893, -0.758535, -0.281080, -0.007255, 0.761828, -0.636005, 0.122946, 0.239304, 0.000000, 0.000000, 0.000000, 1.000000, -0.987698, 0.148301, 0.049585, -0.013768, 0.034899, -0.100041, 0.994371, -0.034177, 0.152427, 0.983869, 0.093635, -0.046237, 0.000000, 0.000000, 0.000000, 1.000000
13.8898, 16.1449, 17.9229, 188.4553, 257.4553, -7.1449, 239.1505, -13.7501, -34.1581, -46.2566, 0.586801, 0.758326, 0.283912, 0.016145, -0.760825, 0.636365, -0.127220, 0.017923, -0.277145, -0.141355, 0.950373, 0.188455, 0.000000, 0.000000, 0.000000, 1.000000, -0.277145, -0.141355, 0.950373, 0.257455, -0.586801, -0.758326, -0.283912, -0.007145, 0.760825, -0.636365, 0.127220, 0.239151, 0.000000, 0.000000, 0.000000, 1.000000, -0.987714, 0.148367, 0.049067, -0.013750, 0.034316, -0.100401, 0.994355, -0.034158, 0.152455, 0.983823, 0.094076, -0.046257, 0.000000, 0.000000, 0.000000, 1.000000
14.1346, 16.0662, 18.1239, 188.6233, 257.6233, -7.0662, 238.9495, -13.6408, -34.0019, -46.2398, 0.586267, 0.759069, 0.283029, 0.016066, -0.759743, 0.636441, -0.133168, 0.018124, -0.281215, -0.136957, 0.949821, 0.188623, 0.000000, 0.000000, 0.000000, 1.000000, -0.281215, -0.136957, 0.949821, 0.257623, -0.586267, -0.759069, -0.283029, -0.007066, 0.759743, -0.636441, 0.133168, 0.238950, 0.000000, 0.000000, 0.000000, 1.000000, -0.987644, 0.148999, 0.048557, -0.013641, 0.034315, -0.096710, 0.994721, -0.034002, 0.152908, 0.984097, 0.090403, -0.046240, 0.000000, 0.000000, 0.000000, 1.000000
14.4224, 15.8413, 18.2774, 188.5201, 257.5201, -6.8413, 238.7960, -13.6132, -34.1169, -46.3478, 0.583858, 0.758799, 0.288675, 0.015841, -0.759197, 0.636281, -0.136990, 0.018277, -0.287627, -0.139178, 0.947576, 0.188520, 0.000000, 0.000000, 0.000000, 1.000000, -0.287627, -0.139178, 0.947576, 0.257520, -0.583858, -0.758799, -0.288675, -0.006841, 0.759197, -0.636281, 0.136990, 0.238796, 0.000000, 0.000000, 0.000000, 1.000000, -0.987892, 0.147814, 0.047113, -0.013613, 0.032528, -0.099587, 0.994497, -0.034117, 0.151692, 0.983989, 0.093573, -0.046348, 0.000000, 0.000000, 0.000000, 1.000000
14.6927, 15.7008, 18.4932, 188.6853, 257.6853, -6.7008, 238.5803, -13.4786, -33.9781, -46.3766, 0.582874, 0.758643, 0.291065, 0.015701, -0.758776, 0.636332, -0.139068, 0.018493, -0.290717, -0.139794, 0.946542, 0.188685, 0.000000, 0.000000, 0.000000, 1.000000, -0.290717, -0.139794, 0.946542, 0.257685, -0.582874, -0.758643, -0.291065, -0.006701, 0.758776, -0.636332, 0.139068, 0.238580, 0.000000, 0.000000, 0.000000, 1.000000, -0.987899, 0.147263, 0.048667, -0.013479, 0.033940, -0.100914, 0.994316, -0.033978, 0.151337, 0.983936, 0.094694, -0.046377, 0.000000, 0.000000, 0.000000, 1.000000
14.9414, 15.6066, 18.6933, 188.8568, 257.8568, -6.6066, 238.3802, -13.3622, -33.8259, -46.3740, 0.582402, 0.758714, 0.291826, 0.015607, -0.757746, 0.636678, -0.143043, 0.018693, -0.294328, -0.137821, 0.945715, 0.188857, 0.000000, 0.000000, 0.000000, 1.000000, -0.294328, -0.137821, 0.945715, 0.257857, -0.582402, -0.758714, -0.291826, -0.006607, 0.757746, -0.636678, 0.143043, 0.238380, 0.000000, 0.000000, 0.000000, 1.000000, -0.987814, 0.147706, 0.049059, -0.013362, 0.034471, -0.099753, 0.994415, -0.033826, 0.151775, 0.983988, 0.093446, -0.046374, 0.000000, 0.000000, 0.000000, 1.000000
15.2090, 15.4158, 18.8424, 188.8666, 257.8666, -6.4158, 238.2310, -13.3070, -33.8342, -46.4651, 0.580479, 0.758119, 0.297154, 0.015416, -0.758185, 0.636316, -0.142328, 0.018842, -0.296985, -0.142680, 0.944162, 0.188867, 0.000000, 0.000000, 0.000000, 1.000000, -0.296985, -0.142680, 0.944162, 0.257867, -0.580479, -0.758119, -0.297154, -0.006416, 0.758185, -0.636316, 0.142328, 0.238231, 0.000000, 0.000000, 0.000000, 1.000000, -0.988000, 0.145642, 0.051415, -0.013307, 0.036228, -0.105077, 0.993804, -0.033834, 0.150143, 0.983741, 0.098539, -0.046465, 0.000000, 0.000000, 0.000000, 1.000000
15.4736, 15.2908, 19.0568, 188.9719, 257.9719, -6.2908, 238.0167, -13.1944, -33.7545, -46.4758, 0.579362, 0.758600, 0.298104, 0.015291, -0.757227, 0.636278, -0.147504, 0.019057, -0.301573, -0.140274, 0.943068, 0.188972, 0.000000, 0.000000, 0.000000, 1.000000, -0.301573, -0.140274, 0.943068, 0.257972, -0.579362, -0.758600, -0.298104, -0.006291, 0.757227, -0.636278, 0.147504, 0.238017, 0.000000, 0.000000, 0.000000, 1.000000, -0.988019, 0.145692, 0.050909, -0.013194, 0.035976, -0.103360, 0.993993, -0.033755, 0.150079, 0.983916, 0.096880, -0.046476, 0.000000, 0.000000, 0.000000, 1.000000
15.7592, 15.1835, 19.2591, 189.1372, 258.1372, -6.1835, 237.8143, -13.0917, -33.6082, -46.4827, 0.578661, 0.758817, 0.298911, 0.015183, -0.756437, 0.636371, -0.151113, 0.019259, -0.304885, -0.138664, 0.942240, 0.189137, 0.000000, 0.000000, 0.000000, 1.000000, -0.304885, -0.138664, 0.942240, 0.258137, -0.578661, -0.758817, -0.298911, -0.006183, 0.756437, -0.636371, 0.151113, 0.237814, 0.000000, 0.000000, 0.000000, 1.000000, -0.987951, 0.145687, 0.052228, -0.013092, 0.037428, -0.102543, 0.994024, -0.033608, 0.150172, 0.984002, 0.095855, -0.046483, 0.000000, 0.000000, 0.000000, 1.000000
16.0167, 14.9425, 19.4849, 189.1346, 258.1346, -5.9425, 237.5885, -12.9487, -33.6659, -46.5778, 0.575964, 0.758656, 0.304478, 0.014943, -0.756030, 0.636017, -0.154599, 0.019485, -0.310941, -0.141151, 0.939889, 0.189135, 0.000000, 0.000000, 0.000000, 1.000000, -0.310941, -0.141151, 0.939889, 0.258135, -0.575964, -0.758656, -0.304478, -0.005943, 0.756030, -0.636017, 0.154599, 0.237589, 0.000000, 0.000000, 0.000000, 1.000000, -0.988262, 0.144171, 0.050537, -0.012949, 0.035432, -0.105481, 0.993790, -0.033666, 0.148606, 0.983915, 0.099135, -0.046578, 0.000000, 0.000000, 0.000000, 1.000000
16.2984, 14.8364, 19.6866, 189.2146, 258.2146, -5.8364, 237.3868, -12.8725, -33.6037, -46.5761, 0.573976, 0.759734, 0.305542, 0.014836, -0.754402, 0.635716, -0.163534, 0.019687, -0.318481, -0.136637, 0.938030, 0.189215, 0.000000, 0.000000, 0.000000, 1.000000, -0.318481, -0.136637, 0.938030, 0.258215, -0.573976, -0.759734, -0.305542, -0.005836, 0.754402, -0.635716, 0.163534, 0.237387, 0.000000, 0.000000, 0.000000, 1.000000, -0.988399, 0.144453, 0.046906, -0.012873, 0.032334, -0.101622, 0.994297, -0.033604, 0.148396, 0.984280, 0.095772, -0.046576, 0.000000, 0.000000, 0.000000, 1.000000
16.5647, 14.6291, 19.9318, 189.2720, 258.2720, -5.6291, 237.1417, -12.7141, -33.6037, -46.6380, 0.572067, 0.759505, 0.309664, 0.014629, -0.752755, 0.636100, -0.169522, 0.019932, -0.325730, -0.136123, 0.935612, 0.189272, 0.000000, 0.000000, 0.000000, 1.000000, -0.325730, -0.136123, 0.935612, 0.258272, -0.572067, -0.759505, -0.309664, -0.005629, 0.752755, -0.636100, 0.169522, 0.237142, 0.000000, 0.000000, 0.000000, 1.000000, -0.988519, 0.144575, 0.043913, -0.012714, 0.029259, -0.101966, 0.994358, -0.033604, 0.148237, 0.984226, 0.096565, -0.046638, 0.000000, 0.000000, 0.000000, 1.000000
16.8324, 14.5218, 20.0888, 189.3817, 258.3817, -5.5218, 236.9847, -12.6555, -33.5091, -46.6624, 0.571858, 0.758720, 0.311965, 0.014522, -0.752661, 0.636518, -0.168366, 0.020089, -0.326314, -0.138523, 0.935056, 0.189382, 0.000000, 0.000000, 0.000000, 1.000000, -0.326314, -0.138523, 0.935056, 0.258382, -0.571858, -0.758720, -0.311965, -0.005522, 0.752661, -0.636518, 0.168366, 0.236985, 0.000000, 0.000000, 0.000000, 1.000000, -0.988405, 0.143954, 0.048306, -0.012656, 0.033255, -0.105184, 0.993897, -0.033509, 0.148157, 0.983978, 0.099177, -0.046662, 0.000000, 0.000000, 0.000000, 1.000000
17.0996, 14.3660, 20.2586, 189.3764, 258.3764, -5.3660, 236.8149, -12.6047, -33.5385, -46.7117, 0.569804, 0.758469, 0.316304, 0.014366, -0.752222, 0.636369, -0.170869, 0.020259, -0.330885, -0.140569, 0.933143, 0.189376, 0.000000, 0.000000, 0.000000, 1.000000, -0.330885, -0.140569, 0.933143, 0.258376, -0.569804, -0.758469, -0.316304, -0.005366, 0.752222, -0.636369, 0.170869, 0.236815, 0.000000, 0.000000, 0.000000, 1.000000, -0.988583, 0.142729, 0.048290, -0.012605, 0.032975, -0.107784, 0.993627, -0.033538, 0.147025, 0.983875, 0.101847, -0.046712, 0.000000, 0.000000, 0.000000, 1.000000
17.3764, 14.2242, 20.4913, 189.4915, 258.4915, -5.2242, 236.5821, -12.4714, -33.4682, -46.7286, 0.567917, 0.759299, 0.317703, 0.014224, -0.750431, 0.636221, -0.179097, 0.020491, -0.338118, -0.136702, 0.931122, 0.189492, 0.000000, 0.000000, 0.000000, 1.000000, -0.338118, -0.136702, 0.931122, 0.258492, -0.567917, -0.759299, -0.317703, -0.005224, 0.750431, -0.636221, 0.179097, 0.236582, 0.000000, 0.000000, 0.000000, 1.000000, -0.988686, 0.143100, 0.044969, -0.012471, 0.030069, -0.104628, 0.994057, -0.033468, 0.146954, 0.984162, 0.099141, -0.046729, 0.000000, 0.000000, 0.000000, 1.000000
17.6454, 14.1112, 20.6641, 189.6680, 258.6680, -5.1112, 236.4093, -12.3729, -33.3213, -46.7562, 0.567111, 0.758570, 0.320869, 0.014111, -0.750695, 0.636337, -0.177573, 0.020664, -0.338882, -0.140171, 0.930328, 0.189668, 0.000000, 0.000000, 0.000000, 1.000000, -0.338882, -0.140171, 0.930328, 0.258668, -0.567111, -0.758570, -0.320869, -0.005111, 0.750695, -0.636337, 0.177573, 0.236409, 0.000000, 0.000000, 0.000000, 1.000000, -0.988675, 0.141769, 0.049219, -0.012373, 0.033867, -0.108735, 0.993494, -0.033321, 0.146198, 0.983910, 0.102702, -0.046756, 0.000000, 0.000000, 0.000000, 1.000000
17.9055, 13.9356, 20.8220, 189.6122, 258.6122, -4.9356, 236.2514, -12.3380, -33.4050, -46.8238, 0.565243, 0.758329, 0.324711, 0.013936, -0.749317, 0.636609, -0.182355, 0.020822, -0.344998, -0.140236, 0.928068, 0.189612, 0.000000, 0.000000, 0.000000, 1.000000, -0.344998, -0.140236, 0.928068, 0.258612, -0.565243, -0.758329, -0.324711, -0.004936, 0.749317, -0.636609, 0.182355, 0.236251, 0.000000, 0.000000, 0.000000, 1.000000, -0.988797, 0.141579, 0.047295, -0.012338, 0.031830, -0.109575, 0.993469, -0.033405, 0.145836, 0.983844, 0.103841, -0.046824, 0.000000, 0.000000, 0.000000, 1.000000
18.1591, 13.7967, 21.0632, 189.7946, 258.7946, -4.7967, 236.0103, -12.1599, -33.2846, -46.8403, 0.563239, 0.759236, 0.326070, 0.013797, -0.748841, 0.635828, -0.186975, 0.021063, -0.349283, -0.138863, 0.926671, 0.189795, 0.000000, 0.000000, 0.000000, 1.000000, -0.349283, -0.138863, 0.926671, 0.258795, -0.563239, -0.759236, -0.326070, -0.004797, 0.748841, -0.635828, 0.186975, 0.236010, 0.000000, 0.000000, 0.000000, 1.000000, -0.988965, 0.140564, 0.046790, -0.012160, 0.031591, -0.108478, 0.993597, -0.033285, 0.144739, 0.984111, 0.102840, -0.046840, 0.000000, 0.000000, 0.000000, 1.000000
18.4241, 13.7020, 21.1381, 189.7807, 258.7807, -4.7020, 235.9353, -12.2164, -33.2867, -46.8833, 0.562518, 0.758339, 0.329388, 0.013702, -0.748586, 0.636277, -0.186470, 0.021138, -0.350989, -0.141682, 0.925599, 0.189781, 0.000000, 0.000000, 0.000000, 1.000000, -0.350989, -0.141682, 0.925599, 0.258781, -0.562518, -0.758339, -0.329388, -0.004702, 0.748586, -0.636277, 0.186470, 0.235935, 0.000000, 0.000000, 0.000000, 1.000000, -0.988924, 0.139765, 0.049959, -0.012216, 0.034329, -0.112090, 0.993105, -0.033287, 0.144401, 0.983820, 0.106051, -0.046883, 0.000000, 0.000000, 0.000000, 1.000000
18.6864, 13.5578, 21.3621, 189.9478, 258.9478, -4.5578, 235.7114, -12.0598, -33.1786, -46.9114, 0.561607, 0.758959, 0.329512, 0.013558, -0.747297, 0.636225, -0.191743, 0.021362, -0.355168, -0.138559, 0.924477, 0.189948, 0.000000, 0.000000, 0.000000, 1.000000, -0.355168, -0.138559, 0.924477, 0.258948, -0.561607, -0.758959, -0.329512, -0.004558, 0.747297, -0.636225, 0.191743, 0.235711, 0.000000, 0.000000, 0.000000, 1.000000, -0.988886, 0.140119, 0.049712, -0.012060, 0.034398, -0.109673, 0.993372, -0.033179, 0.144642, 0.984042, 0.103634, -0.046911, 0.000000, 0.000000, 0.000000, 1.000000
18.9479, 13.4248, 21.5540, 190.0835, 259.0835, -4.4248, 235.5194, -11.9450, -33.0893, -46.9430, 0.560139, 0.758999, 0.331910, 0.013425, -0.746267, 0.636267, -0.195574, 0.021554, -0.359624, -0.138145, 0.922814, 0.190083, 0.000000, 0.000000, 0.000000, 1.000000, -0.359624, -0.138145, 0.922814, 0.259083, -0.560139, -0.758999, -0.331910, -0.004425, 0.746267, -0.636267, 0.195574, 0.235519, 0.000000, 0.000000, 0.000000, 1.000000, -0.988946, 0.139793, 0.049444, -0.011945, 0.034125, -0.109932, 0.993353, -0.033089, 0.144299, 0.984059, 0.103947, -0.046943, 0.000000, 0.000000, 0.000000, 1.000000
19.2177, 13.2828, 21.6950, 190.1548, 259.1548, -4.2828, 235.3785, -11.8970, -33.0465, -47.0017, 0.559385, 0.758039, 0.335358, 0.013283, -0.745732, 0.636866, -0.195666, 0.021695, -0.361901, -0.140635, 0.921547, 0.190155, 0.000000, 0.000000, 0.000000, 1.000000, -0.361901, -0.140635, 0.921547, 0.259155, -0.559385, -0.758039, -0.335358, -0.004283, 0.745732, -0.636866, 0.195666, 0.235378, 0.000000, 0.000000, 0.000000, 1.000000, -0.988892, 0.139213, 0.052074, -0.011897, 0.036334, -0.113307, 0.992895, -0.033047, 0.144124, 0.983759, 0.106991, -0.047002, 0.000000, 0.000000, 0.000000, 1.000000
19.4836, 13.1364, 21.8977, 190.1523, 259.1523, -4.1364, 235.1758, -11.8234, -33.0929, -47.0267, 0.556566, 0.758670, 0.338606, 0.013136, -0.743919, 0.636547, -0.203449, 0.021898, -0.369890, -0.138662, 0.918670, 0.190152, 0.000000, 0.000000, 0.000000, 1.000000, -0.369890, -0.138662, 0.918670, 0.259152, -0.556566, -0.758670, -0.338606, -0.004136, 0.743919, -0.636547, 0.203449, 0.235176, 0.000000, 0.000000, 0.000000, 1.000000, -0.989147, 0.138926, 0.047824, -0.011823, 0.032306, -0.111880, 0.993196, -0.033093, 0.143331, 0.983963, 0.106178, -0.047027, 0.000000, 0.000000, 0.000000, 1.000000
19.7512, 12.9947, 22.1043, 190.2702, 259.2702, -3.9947, 234.9691, -11.7026, -33.0303, -47.0568, 0.554743, 0.758932, 0.341002, 0.012995, -0.743052, 0.636302, -0.207350, 0.022104, -0.374345, -0.138357, 0.916910, 0.190270, 0.000000, 0.000000, 0.000000, 1.000000, -0.374345, -0.138357, 0.916910, 0.259270, -0.554743, -0.758932, -0.341002, -0.003995, 0.743052, -0.636302, 0.207350, 0.234969, 0.000000, 0.000000, 0.000000, 1.000000, -0.989260, 0.138211, 0.047571, -0.011703, 0.032097, -0.112103, 0.993178, -0.033030, 0.142601, 0.984038, 0.106463, -0.047057, 0.000000, 0.000000, 0.000000, 1.000000
19.9644, 12.8348, 22.2832, 190.3293, 259.3293, -3.8348, 234.7903, -11.5884, -33.0307, -47.1110, 0.553464, 0.759012, 0.342897, 0.012835, -0.741911, 0.636384, -0.211149, 0.022283, -0.378478, -0.137536, 0.915335, 0.190329, 0.000000, 0.000000, 0.000000, 1.000000, -0.378478, -0.137536, 0.915335, 0.259329, -0.553464, -0.759012, -0.342897, -0.003835, 0.741911, -0.636384, 0.211149, 0.234790, 0.000000, 0.000000, 0.000000, 1.000000, -0.989307, 0.138152, 0.046745, -0.011588, 0.031308, -0.111871, 0.993229, -0.033031, 0.142446, 0.984073, 0.106349, -0.047111, 0.000000, 0.000000, 0.000000, 1.000000
19.9991, 12.7592, 22.5227, 190.6106, 259.6106, -3.7592, 234.5507, -11.2695, -32.8605, -47.0827, 0.552940, 0.759196, 0.343336, 0.012759, -0.741253, 0.636391, -0.213426, 0.022523, -0.380528, -0.136487, 0.914642, 0.190611, 0.000000, 0.000000, 0.000000, 1.000000, -0.380528, -0.136487, 0.914642, 0.259611, -0.552940, -0.759196, -0.343336, -0.003759, 0.741253, -0.636391, 0.213426, 0.234551, 0.000000, 0.000000, 0.000000, 1.000000, -0.989348, 0.138430, 0.045034, -0.011270, 0.029694, -0.110950, 0.993382, -0.032861, 0.142510, 0.984138, 0.105657, -0.047083, 0.000000, 0.000000, 0.000000, 1.000000
20.0013, 12.6791, 22.5628, 190.5442, 259.5442, -3.6791, 234.5107, -11.2306, -32.9549, -47.1258, 0.551559, 0.759050, 0.345870, 0.012679, -0.740947, 0.636283, -0.214806, 0.022563, -0.383120, -0.137793, 0.913363, 0.190544, 0.000000, 0.000000, 0.000000, 1.000000, -0.383120, -0.137793, 0.913363, 0.259544, -0.551559, -0.759050, -0.345870, -0.003679, 0.740947, -0.636283, 0.214806, 0.234511, 0.000000, 0.000000, 0.000000, 1.000000, -0.989543, 0.137880, 0.042361, -0.011231, 0.026896, -0.112154, 0.993327, -0.032955, 0.141710, 0.984079, 0.107272, -0.047126, 0.000000, 0.000000, 0.000000, 1.000000
20.0021, 12.6621, 22.5609, 190.5129, 259.5129, -3.6621, 234.5126, -11.2379, -32.9873, -47.1385, 0.551434, 0.758988, 0.346204, 0.012662, -0.740877, 0.636319, -0.214940, 0.022561, -0.383433, -0.137970, 0.913205, 0.190513, 0.000000, 0.000000, 0.000000, 1.000000, -0.383433, -0.137970, 0.913205, 0.259513, -0.551434, -0.758988, -0.346204, -0.003662, 0.740877, -0.636319, 0.214940, 0.234513, 0.000000, 0.000000, 0.000000, 1.000000, -0.989558, 0.137862, 0.042062, -0.011238, 0.026570, -0.112345, 0.993314, -0.032987, 0.141666, 0.984059, 0.107508, -0.047138, 0.000000, 0.000000, 0.000000, 1.000000
