# Joint_4_Angle(deg), Cam_X(mm), Cam_Y(mm), Cam_Z(mm), Torso_X(mm), Torso_Y(mm), Torso_Z(mm), EE_X(mm), EE_Y(mm), EE_Z(mm), T_cam2marker_flat(16), T_torso2marker_flat(16), T_ee2marker_flat(16)
-9.9354, 18.7855, -19.1002, 185.6843, 207.6843, -18.7855, 219.1737, 137.4074, 43.4889, 43.9536, 0.634055, 0.770432, 0.066395, 0.018785, -0.766348, 0.614567, 0.187130, -0.019100, 0.103367, -0.169532, 0.980089, 0.185684, 0.000000, 0.000000, 0.000000, 1.000000, 0.103367, -0.169532, 0.980089, 0.207684, -0.634055, -0.770432, -0.066395, -0.018785, 0.766348, -0.614567, -0.187130, 0.219174, 0.000000, 0.000000, 0.000000, 1.000000, -0.014955, -0.063402, -0.997876, 0.137407, -0.999500, 0.028761, 0.013152, 0.043489, 0.027867, 0.997574, -0.063800, 0.043954, 0.000000, 0.000000, 0.000000, 1.000000
-9.8099, 18.7366, -19.0378, 185.6921, 207.6921, -18.7366, 219.1112, 137.4876, 43.2661, 43.9499, 0.633786, 0.770674, 0.066159, 0.018737, -0.766718, 0.614613, 0.185455, -0.019038, 0.102263, -0.168264, 0.980423, 0.185692, 0.000000, 0.000000, 0.000000, 1.000000, 0.102263, -0.168264, 0.980423, 0.207692, -0.633786, -0.770674, -0.066159, -0.018737, 0.766718, -0.614613, -0.185455, 0.219111, 0.000000, 0.000000, 0.000000, 1.000000, -0.015962, -0.064609, -0.997783, 0.137488, -0.999489, 0.028671, 0.014133, 0.043266, 0.027694, 0.997499, -0.065033, 0.043950, 0.000000, 0.000000, 0.000000, 1.000000
-9.6798, 18.6812, -18.9081, 185.7059, 207.7059, -18.6812, 218.9816, 137.5518, 43.0885, 43.9786, 0.633807, 0.770576, 0.067097, 0.018681, -0.767414, 0.615604, 0.179183, -0.018908, 0.096769, -0.165058, 0.981525, 0.185706, 0.000000, 0.000000, 0.000000, 1.000000, 0.096769, -0.165058, 0.981525, 0.207706, -0.633807, -0.770576, -0.067097, -0.018681, 0.767414, -0.615604, -0.179183, 0.218982, 0.000000, 0.000000, 0.000000, 1.000000, -0.012762, -0.067847, -0.997614, 0.137552, -0.999511, 0.029365, 0.010789, 0.043088, 0.028563, 0.997264, -0.068188, 0.043979, 0.000000, 0.000000, 0.000000, 1.000000
-9.5445, 18.5236, -18.7531, 185.6308, 207.6308, -18.5236, 218.8266, 137.7140, 42.9882, 43.9625, 0.633830, 0.770387, 0.069018, 0.018524, -0.767148, 0.614753, 0.183199, -0.018753, 0.098705, -0.169064, 0.980650, 0.185631, 0.000000, 0.000000, 0.000000, 1.000000, 0.098705, -0.169064, 0.980650, 0.207631, -0.633830, -0.770387, -0.069018, -0.018524, 0.767148, -0.614753, -0.183199, 0.218827, 0.000000, 0.000000, 0.000000, 1.000000, -0.017059, -0.063692, -0.997824, 0.137714, -0.999454, 0.029325, 0.015215, 0.042988, 0.028293, 0.997539, -0.064157, 0.043962, 0.000000, 0.000000, 0.000000, 1.000000
-9.3962, 18.3727, -18.5656, 185.6092, 207.6092, -18.3727, 218.6390, 137.8266, 42.8733, 43.9581, 0.633048, 0.771053, 0.068758, 0.018373, -0.768093, 0.614589, 0.179760, -0.018566, 0.096347, -0.166609, 0.981305, 0.185609, 0.000000, 0.000000, 0.000000, 1.000000, 0.096347, -0.166609, 0.981305, 0.207609, -0.633048, -0.771053, -0.068758, -0.018373, 0.768093, -0.614589, -0.179760, 0.218639, 0.000000, 0.000000, 0.000000, 1.000000, -0.017062, -0.066049, -0.997670, 0.137827, -0.999471, 0.028743, 0.015190, 0.042873, 0.027673, 0.997402, -0.066505, 0.043958, 0.000000, 0.000000, 0.000000, 1.000000
-9.2654, 18.2051, -18.3253, 185.5241, 207.5241, -18.2051, 218.3988, 137.9795, 42.8574, 43.9859, 0.633179, 0.770867, 0.069633, 0.018205, -0.768014, 0.614559, 0.180197, -0.018325, 0.096114, -0.167576, 0.981163, 0.185524, 0.000000, 0.000000, 0.000000, 1.000000, 0.096114, -0.167576, 0.981163, 0.207524, -0.633179, -0.770867, -0.069633, -0.018205, 0.768014, -0.614559, -0.180197, 0.218399, 0.000000, 0.000000, 0.000000, 1.000000, -0.019150, -0.065015, -0.997701, 0.137979, -0.999428, 0.029064, 0.017289, 0.042857, 0.027873, 0.997461, -0.065534, 0.043986, 0.000000, 0.000000, 0.000000, 1.000000
-9.1367, 18.0960, -18.1956, 185.5585, 207.5585, -18.0960, 218.2691, 138.0303, 42.7132, 43.9679, 0.632469, 0.771423, 0.069928, 0.018096, -0.769057, 0.614623, 0.175471, -0.018196, 0.092383, -0.164759, 0.981998, 0.185558, 0.000000, 0.000000, 0.000000, 1.000000, 0.092383, -0.164759, 0.981998, 0.207558, -0.632469, -0.771423, -0.069928, -0.018096, 0.769057, -0.614623, -0.175471, 0.218269, 0.000000, 0.000000, 0.000000, 1.000000, -0.017470, -0.067770, -0.997548, 0.138030, -0.999467, 0.028692, 0.015555, 0.042713, 0.027567, 0.997288, -0.068235, 0.043968, 0.000000, 0.000000, 0.000000, 1.000000
-8.9976, 17.9627, -17.9862, 185.5726, 207.5726, -17.9627, 218.0597, 138.0957, 42.6234, 43.9819, 0.632895, 0.770457, 0.076426, 0.017963, -0.769327, 0.614708, 0.173983, -0.017986, 0.087066, -0.168909, 0.981779, 0.185573, 0.000000, 0.000000, 0.000000, 1.000000, 0.087066, -0.168909, 0.981779, 0.207573, -0.632895, -0.770457, -0.076426, -0.017963, 0.769327, -0.614708, -0.173983, 0.218060, 0.000000, 0.000000, 0.000000, 1.000000, -0.014741, -0.063560, -0.997869, 0.138096, -0.999472, 0.029840, 0.012864, 0.042623, 0.028959, 0.997532, -0.063967, 0.043982, 0.000000, 0.000000, 0.000000, 1.000000
-8.8761, 17.8263, -17.8179, 185.5211, 207.5211, -17.8263, 217.8913, 138.2206, 42.5504, 43.9846, 0.631868, 0.771847, 0.070682, 0.017826, -0.769988, 0.614672, 0.171164, -0.017818, 0.088666, -0.162577, 0.982704, 0.185521, 0.000000, 0.000000, 0.000000, 1.000000, 0.088666, -0.162577, 0.982704, 0.207521, -0.631868, -0.771847, -0.070682, -0.017826, 0.769988, -0.614672, -0.171164, 0.217891, 0.000000, 0.000000, 0.000000, 1.000000, -0.018142, -0.069823, -0.997394, 0.138221, -0.999460, 0.028611, 0.016176, 0.042550, 0.027407, 0.997149, -0.070305, 0.043985, 0.000000, 0.000000, 0.000000, 1.000000
-8.7475, 17.6623, -17.6306, 185.4925, 207.4925, -17.6623, 217.7040, 138.3289, 42.4901, 43.9716, 0.632323, 0.770679, 0.078874, 0.017662, -0.770358, 0.614737, 0.169253, -0.017631, 0.081953, -0.167784, 0.982412, 0.185493, 0.000000, 0.000000, 0.000000, 1.000000, 0.081953, -0.167784, 0.982412, 0.207493, -0.632323, -0.770679, -0.078874, -0.017662, 0.770358, -0.614737, -0.169253, 0.217704, 0.000000, 0.000000, 0.000000, 1.000000, -0.013857, -0.064559, -0.997818, 0.138329, -0.999481, 0.029920, 0.011944, 0.042490, 0.029083, 0.997465, -0.064940, 0.043972, 0.000000, 0.000000, 0.000000, 1.000000
-8.6153, 17.5327, -17.4534, 185.3903, 207.3903, -17.5327, 217.5268, 138.5091, 42.3970, 43.9964, 0.631233, 0.772090, 0.073632, 0.017533, -0.770747, 0.613861, 0.170656, -0.017453, 0.086562, -0.164475, 0.982576, 0.185390, 0.000000, 0.000000, 0.000000, 1.000000, 0.086562, -0.164475, 0.982576, 0.207390, -0.631233, -0.772090, -0.073632, -0.017533, 0.770747, -0.613861, -0.170656, 0.217527, 0.000000, 0.000000, 0.000000, 1.000000, -0.020411, -0.067725, -0.997495, 0.138509, -0.999428, 0.028277, 0.018531, 0.042397, 0.026951, 0.997303, -0.068263, 0.043996, 0.000000, 0.000000, 0.000000, 1.000000
-8.4979, 17.3604, -17.2609, 185.4370, 207.4370, -17.3604, 217.3343, 138.5370, 42.3669, 43.9627, 0.632221, 0.770306, 0.083219, 0.017360, -0.770973, 0.614822, 0.166117, -0.017261, 0.076796, -0.169182, 0.982588, 0.185437, 0.000000, 0.000000, 0.000000, 1.000000, 0.076796, -0.169182, 0.982588, 0.207437, -0.632221, -0.770306, -0.083219, -0.017360, 0.770973, -0.614822, -0.166117, 0.217334, 0.000000, 0.000000, 0.000000, 1.000000, -0.013071, -0.063035, -0.997926, 0.138537, -0.999470, 0.030593, 0.011158, 0.042367, 0.029826, 0.997542, -0.063401, 0.043963, 0.000000, 0.000000, 0.000000, 1.000000
-8.3753, 17.2419, -17.0979, 185.3585, 207.3585, -17.2419, 217.1714, 138.6889, 42.2768, 43.9824, 0.630920, 0.772059, 0.076584, 0.017242, -0.771554, 0.613994, 0.166480, -0.017098, 0.081510, -0.164124, 0.983066, 0.185358, 0.000000, 0.000000, 0.000000, 1.000000, 0.081510, -0.164124, 0.983066, 0.207358, -0.630920, -0.772059, -0.076584, -0.017242, 0.771554, -0.613994, -0.166480, 0.217171, 0.000000, 0.000000, 0.000000, 1.000000, -0.019491, -0.067968, -0.997497, 0.138689, -0.999435, 0.028660, 0.017576, 0.042277, 0.027394, 0.997276, -0.068489, 0.043982, 0.000000, 0.000000, 0.000000, 1.000000
-8.2542, 17.1115, -16.9710, 185.3790, 207.3790, -17.1115, 217.0445, 138.7524, 42.1619, 43.9494, 0.631297, 0.770966, 0.084114, 0.017111, -0.772273, 0.614981, 0.159351, -0.016971, 0.071126, -0.165557, 0.983632, 0.185379, 0.000000, 0.000000, 0.000000, 1.000000, 0.071126, -0.165557, 0.983632, 0.207379, -0.631297, -0.770966, -0.084114, -0.017111, 0.772273, -0.614981, -0.159351, 0.217044, 0.000000, 0.000000, 0.000000, 1.000000, -0.011434, -0.066550, -0.997718, 0.138752, -0.999495, 0.030344, 0.009431, 0.042162, 0.029647, 0.997322, -0.066863, 0.043949, 0.000000, 0.000000, 0.000000, 1.000000
-8.1229, 17.0029, -16.8012, 185.4062, 207.4062, -17.0029, 216.8747, 138.8058, 42.0422, 43.9568, 0.630603, 0.772004, 0.079689, 0.017003, -0.772305, 0.614050, 0.162750, -0.016801, 0.076711, -0.164175, 0.983444, 0.185406, 0.000000, 0.000000, 0.000000, 1.000000, 0.076711, -0.164175, 0.983444, 0.207406, -0.630603, -0.772004, -0.079689, -0.017003, 0.772305, -0.614050, -0.162750, 0.216875, 0.000000, 0.000000, 0.000000, 1.000000, -0.019045, -0.067796, -0.997517, 0.138806, -0.999432, 0.029040, 0.017108, 0.042042, 0.027808, 0.997277, -0.068310, 0.043957, 0.000000, 0.000000, 0.000000, 1.000000
-7.9853, 16.8378, -16.6156, 185.3348, 207.3348, -16.8378, 216.6891, 138.9649, 41.9606, 43.9516, 0.630910, 0.771105, 0.085737, 0.016838, -0.772827, 0.614842, 0.157188, -0.016616, 0.068494, -0.165431, 0.983840, 0.185335, 0.000000, 0.000000, 0.000000, 1.000000, 0.068494, -0.165431, 0.983840, 0.207335, -0.630910, -0.771105, -0.085737, -0.016838, 0.772827, -0.614842, -0.157188, 0.216689, 0.000000, 0.000000, 0.000000, 1.000000, -0.013409, -0.066523, -0.997695, 0.138965, -0.999471, 0.030453, 0.011402, 0.041961, 0.029624, 0.997320, -0.066897, 0.043952, 0.000000, 0.000000, 0.000000, 1.000000
-7.8554, 16.6982, -16.4317, 185.3458, 207.3458, -16.6982, 216.5051, 139.0353, 41.8754, 43.9466, 0.630130, 0.771793, 0.085272, 0.016698, -0.773204, 0.613577, 0.160249, -0.016432, 0.071358, -0.166910, 0.983387, 0.185346, 0.000000, 0.000000, 0.000000, 1.000000, 0.071358, -0.166910, 0.983387, 0.207346, -0.630130, -0.771793, -0.085272, -0.016698, 0.773204, -0.613577, -0.160249, 0.216505, 0.000000, 0.000000, 0.000000, 1.000000, -0.018273, -0.064883, -0.997726, 0.139035, -0.999437, 0.029272, 0.016401, 0.041875, 0.028141, 0.997463, -0.065382, 0.043947, 0.000000, 0.000000, 0.000000, 1.000000
-7.7098, 16.5765, -16.2387, 185.3193, 207.3193, -16.5765, 216.3122, 139.1497, 41.7502, 43.9694, 0.630063, 0.771649, 0.087052, 0.016576, -0.773980, 0.614925, 0.151069, -0.016239, 0.063042, -0.162560, 0.984683, 0.185319, 0.000000, 0.000000, 0.000000, 1.000000, 0.063042, -0.162560, 0.984683, 0.207319, -0.630063, -0.771649, -0.087052, -0.016576, 0.773980, -0.614925, -0.151069, 0.216312, 0.000000, 0.000000, 0.000000, 1.000000, -0.012580, -0.069262, -0.997519, 0.139150, -0.999484, 0.030343, 0.010498, 0.041750, 0.029540, 0.997137, -0.069608, 0.043969, 0.000000, 0.000000, 0.000000, 1.000000
-7.5698, 16.4282, -16.0656, 185.2480, 207.2480, -16.4282, 216.1390, 139.3114, 41.6414, 43.9702, 0.630062, 0.771161, 0.091278, 0.016428, -0.773991, 0.614113, 0.154282, -0.016066, 0.062921, -0.167856, 0.983801, 0.185248, 0.000000, 0.000000, 0.000000, 1.000000, 0.062921, -0.167856, 0.983801, 0.207248, -0.630062, -0.771161, -0.091278, -0.016428, 0.773991, -0.614113, -0.154282, 0.216139, 0.000000, 0.000000, 0.000000, 1.000000, -0.014902, -0.063821, -0.997850, 0.139311, -0.999452, 0.030455, 0.012978, 0.041641, 0.029561, 0.997497, -0.064239, 0.043970, 0.000000, 0.000000, 0.000000, 1.000000
-7.4393, 16.2954, -15.8750, 185.3249, 207.3249, -16.2954, 215.9485, 139.3169, 41.5516, 43.9593, 0.629320, 0.771951, 0.089706, 0.016295, -0.774957, 0.614697, 0.146932, -0.015875, 0.058283, -0.161986, 0.985070, 0.185325, 0.000000, 0.000000, 0.000000, 1.000000, 0.058283, -0.161986, 0.985070, 0.207325, -0.629320, -0.771951, -0.089706, -0.016295, 0.774957, -0.614697, -0.146932, 0.215948, 0.000000, 0.000000, 0.000000, 1.000000, -0.012384, -0.069682, -0.997492, 0.139317, -0.999489, 0.030274, 0.010294, 0.041552, 0.029481, 0.997110, -0.070021, 0.043959, 0.000000, 0.000000, 0.000000, 1.000000
-7.3200, 16.1396, -15.6942, 185.2200, 207.2200, -16.1396, 215.7676, 139.4967, 41.5047, 43.9664, 0.629615, 0.771208, 0.093932, 0.016140, -0.774700, 0.614111, 0.150691, -0.015694, 0.058530, -0.167647, 0.984108, 0.185220, 0.000000, 0.000000, 0.000000, 1.000000, 0.058530, -0.167647, 0.984108, 0.207220, -0.629615, -0.771208, -0.093932, -0.016140, 0.774700, -0.614111, -0.150691, 0.215768, 0.000000, 0.000000, 0.000000, 1.000000, -0.014796, -0.063898, -0.997847, 0.139497, -0.999446, 0.030692, 0.012855, 0.041505, 0.029804, 0.997484, -0.064317, 0.043966, 0.000000, 0.000000, 0.000000, 1.000000
-7.1741, 16.0177, -15.5079, 185.2862, 207.2862, -16.0177, 215.5814, 139.5235, 41.3680, 43.9639, 0.629082, 0.771861, 0.092117, 0.016018, -0.775504, 0.615038, 0.142553, -0.015508, 0.053376, -0.161114, 0.985491, 0.185286, 0.000000, 0.000000, 0.000000, 1.000000, 0.053376, -0.161114, 0.985491, 0.207286, -0.629082, -0.771861, -0.092117, -0.016018, 0.775504, -0.615038, -0.142553, 0.215581, 0.000000, 0.000000, 0.000000, 1.000000, -0.012107, -0.070435, -0.997443, 0.139524, -0.999474, 0.030880, 0.009951, 0.041368, 0.030100, 0.997038, -0.070771, 0.043964, 0.000000, 0.000000, 0.000000, 1.000000
-7.0453, 15.8519, -15.3310, 185.1340, 207.1341, -15.8519, 215.4045, 139.7590, 41.3023, 43.9717, 0.629127, 0.771456, 0.095153, 0.015852, -0.775310, 0.614036, 0.147831, -0.015331, 0.055618, -0.166777, 0.984425, 0.185134, 0.000000, 0.000000, 0.000000, 1.000000, 0.055618, -0.166777, 0.984425, 0.207134, -0.629127, -0.771456, -0.095153, -0.015852, 0.775310, -0.614036, -0.147831, 0.215404, 0.000000, 0.000000, 0.000000, 1.000000, -0.016574, -0.064621, -0.997772, 0.139759, -0.999420, 0.030747, 0.014610, 0.041302, 0.029735, 0.997436, -0.065093, 0.043972, 0.000000, 0.000000, 0.000000, 1.000000
-6.9148, 15.7125, -15.1487, 185.1888, 207.1888, -15.7125, 215.2221, 139.7898, 41.2107, 43.9560, 0.628723, 0.771868, 0.094482, 0.015713, -0.775916, 0.614628, 0.142083, -0.015149, 0.051598, -0.162641, 0.985335, 0.185189, 0.000000, 0.000000, 0.000000, 1.000000, 0.051598, -0.162641, 0.985335, 0.207189, -0.628723, -0.771868, -0.094482, -0.015713, 0.775916, -0.614628, -0.142083, 0.215222, 0.000000, 0.000000, 0.000000, 1.000000, -0.014773, -0.068741, -0.997525, 0.139790, -0.999441, 0.030934, 0.012670, 0.041211, 0.029987, 0.997155, -0.069159, 0.043956, 0.000000, 0.000000, 0.000000, 1.000000
-6.7942, 15.5598, -14.9701, 185.1236, 207.1236, -15.5598, 215.0435, 139.9333, 41.1534, 43.9550, 0.628816, 0.771117, 0.099849, 0.015560, -0.775937, 0.614035, 0.144508, -0.014970, 0.050122, -0.168345, 0.984453, 0.185124, 0.000000, 0.000000, 0.000000, 1.000000, 0.050122, -0.168345, 0.984453, 0.207124, -0.628816, -0.771117, -0.099849, -0.015560, 0.775937, -0.614035, -0.144508, 0.215044, 0.000000, 0.000000, 0.000000, 1.000000, -0.015453, -0.062908, -0.997900, 0.139933, -0.999419, 0.031299, 0.013503, 0.041153, 0.030384, 0.997528, -0.063355, 0.043955, 0.000000, 0.000000, 0.000000, 1.000000
-6.6711, 15.4204, -14.7604, 185.1760, 207.1760, -15.4204, 214.8338, 139.9572, 41.1019, 43.9556, 0.627989, 0.771679, 0.100708, 0.015420, -0.777023, 0.614565, 0.136183, -0.014760, 0.043198, -0.163774, 0.985552, 0.185176, 0.000000, 0.000000, 0.000000, 1.000000, 0.043198, -0.163774, 0.985552, 0.207176, -0.627989, -0.771679, -0.100708, -0.015420, 0.777023, -0.614565, -0.136183, 0.214834, 0.000000, 0.000000, 0.000000, 1.000000, -0.010549, -0.067466, -0.997666, 0.139957, -0.999473, 0.031335, 0.008449, 0.041102, 0.030692, 0.997229, -0.067761, 0.043956, 0.000000, 0.000000, 0.000000, 1.000000
-6.5485, 15.2908, -14.5974, 185.1689, 207.1689, -15.2908, 214.6708, 140.0452, 41.0106, 43.9505, 0.627903, 0.771412, 0.103253, 0.015291, -0.777178, 0.614367, 0.136186, -0.014597, 0.041620, -0.165757, 0.985288, 0.185169, 0.000000, 0.000000, 0.000000, 1.000000, 0.041620, -0.165757, 0.985288, 0.207169, -0.627903, -0.771412, -0.103253, -0.015291, 0.777178, -0.614367, -0.136186, 0.214671, 0.000000, 0.000000, 0.000000, 1.000000, -0.011114, -0.065394, -0.997798, 0.140045, -0.999461, 0.031557, 0.009064, 0.041011, 0.030895, 0.997360, -0.065709, 0.043950, 0.000000, 0.000000, 0.000000, 1.000000
-6.4187, 15.1595, -14.4881, 185.1338, 207.1338, -15.1595, 214.5615, 140.1751, 40.8606, 43.9193, 0.627579, 0.771179, 0.106905, 0.015160, -0.777624, 0.614183, 0.134463, -0.014488, 0.038036, -0.167518, 0.985135, 0.185134, 0.000000, 0.000000, 0.000000, 1.000000, 0.038036, -0.167518, 0.985135, 0.207134, -0.627579, -0.771179, -0.106905, -0.015160, 0.777624, -0.614183, -0.134463, 0.214562, 0.000000, 0.000000, 0.000000, 1.000000, -0.009765, -0.063541, -0.997931, 0.140175, -0.999465, 0.031762, 0.007758, 0.040861, 0.031203, 0.997474, -0.063817, 0.043919, 0.000000, 0.000000, 0.000000, 1.000000
-6.2932, 15.0390, -14.2951, 185.1025, 207.1025, -15.0390, 214.3686, 140.2828, 40.7811, 43.9441, 0.627128, 0.772196, 0.102091, 0.015039, -0.777944, 0.614395, 0.131614, -0.014295, 0.038907, -0.161960, 0.986030, 0.185102, 0.000000, 0.000000, 0.000000, 1.000000, 0.038907, -0.161960, 0.986030, 0.207102, -0.627128, -0.772196, -0.102091, -0.015039, 0.777944, -0.614395, -0.131614, 0.214369, 0.000000, 0.000000, 0.000000, 1.000000, -0.012676, -0.069080, -0.997531, 0.140283, -0.999455, 0.031271, 0.010535, 0.040781, 0.030466, 0.997121, -0.069439, 0.043944, 0.000000, 0.000000, 0.000000, 1.000000
-6.1530, 14.8859, -14.1202, 185.0839, 207.0839, -14.8859, 214.1936, 140.3971, 40.6701, 43.9301, 0.626957, 0.771508, 0.108171, 0.014886, -0.778307, 0.614213, 0.130309, -0.014120, 0.034095, -0.165888, 0.985555, 0.185084, 0.000000, 0.000000, 0.000000, 1.000000, 0.034095, -0.165888, 0.985555, 0.207084, -0.626957, -0.771508, -0.108171, -0.014886, 0.778307, -0.614213, -0.130309, 0.214194, 0.000000, 0.000000, 0.000000, 1.000000, -0.010352, -0.065038, -0.997829, 0.140397, -0.999459, 0.031830, 0.008294, 0.040670, 0.031222, 0.997375, -0.065333, 0.043930, 0.000000, 0.000000, 0.000000, 1.000000
-6.0256, 14.7673, -13.9281, 185.0922, 207.0922, -14.7673, 214.0016, 140.4680, 40.5822, 43.9468, 0.626276, 0.772494, 0.105032, 0.014767, -0.778866, 0.614130, 0.127330, -0.013928, 0.033858, -0.161549, 0.986284, 0.185092, 0.000000, 0.000000, 0.000000, 1.000000, 0.033858, -0.161549, 0.986284, 0.207092, -0.626276, -0.772494, -0.105032, -0.014767, 0.778866, -0.614130, -0.127330, 0.214002, 0.000000, 0.000000, 0.000000, 1.000000, -0.012142, -0.069340, -0.997519, 0.140468, -0.999463, 0.031190, 0.009998, 0.040582, 0.030419, 0.997105, -0.069682, 0.043947, 0.000000, 0.000000, 0.000000, 1.000000
-5.9027, 14.6313, -13.7429, 185.0091, 207.0091, -14.6313, 213.8163, 140.6290, 40.5129, 43.9669, 0.626591, 0.771937, 0.107222, 0.014631, -0.778667, 0.614339, 0.127534, -0.013743, 0.032577, -0.163402, 0.986022, 0.185009, 0.000000, 0.000000, 0.000000, 1.000000, 0.032577, -0.163402, 0.986022, 0.207009, -0.626591, -0.771937, -0.107222, -0.014631, 0.778667, -0.614339, -0.127534, 0.213816, 0.000000, 0.000000, 0.000000, 1.000000, -0.013122, -0.067410, -0.997639, 0.140629, -0.999431, 0.031889, 0.010991, 0.040513, 0.031073, 0.997216, -0.067791, 0.043967, 0.000000, 0.000000, 0.000000, 1.000000
-5.7832, 14.5001, -13.5639, 185.0926, 207.0926, -14.5001, 213.6374, 140.6261, 40.4392, 43.9490, 0.625742, 0.772891, 0.105291, 0.014500, -0.779430, 0.614248, 0.123241, -0.013564, 0.030577, -0.159184, 0.986775, 0.185093, 0.000000, 0.000000, 0.000000, 1.000000, 0.030577, -0.159184, 0.986775, 0.207093, -0.625742, -0.772891, -0.105291, -0.014500, 0.779430, -0.614248, -0.123241, 0.213637, 0.000000, 0.000000, 0.000000, 1.000000, -0.012998, -0.071595, -0.997349, 0.140626, -0.999453, 0.031279, 0.010780, 0.040439, 0.030425, 0.996943, -0.071962, 0.043949, 0.000000, 0.000000, 0.000000, 1.000000
-5.6566, 14.3748, -13.4290, 185.0439, 207.0439, -14.3748, 213.5025, 140.7628, 40.3126, 43.9405, 0.625574, 0.771505, 0.115919, 0.014375, -0.779871, 0.614319, 0.120058, -0.013429, 0.021414, -0.165507, 0.985976, 0.185044, 0.000000, 0.000000, 0.000000, 1.000000, 0.021414, -0.165507, 0.985976, 0.207044, -0.625574, -0.771505, -0.115919, -0.014375, 0.779871, -0.614319, -0.120058, 0.213502, 0.000000, 0.000000, 0.000000, 1.000000, -0.006192, -0.065148, -0.997856, 0.140763, -0.999464, 0.032469, 0.004082, 0.040313, 0.032133, 0.997347, -0.065314, 0.043940, 0.000000, 0.000000, 0.000000, 1.000000
-5.5213, 14.2373, -13.2565, 185.0651, 207.0651, -14.2373, 213.3299, 140.8342, 40.2001, 43.9281, 0.625252, 0.772197, 0.113016, 0.014237, -0.780102, 0.614253, 0.118888, -0.013256, 0.022385, -0.162499, 0.986455, 0.185065, 0.000000, 0.000000, 0.000000, 1.000000, 0.022385, -0.162499, 0.986455, 0.207065, -0.625252, -0.772197, -0.113016, -0.014237, 0.780102, -0.614253, -0.118888, 0.213330, 0.000000, 0.000000, 0.000000, 1.000000, -0.009407, -0.068107, -0.997634, 0.140834, -0.999459, 0.032093, 0.007233, 0.040200, 0.031525, 0.997162, -0.068372, 0.043928, 0.000000, 0.000000, 0.000000, 1.000000
-5.3791, 14.0948, -13.0686, 185.0374, 207.0374, -14.0948, 213.1421, 140.9566, 40.0868, 43.9320, 0.625161, 0.771584, 0.117606, 0.014095, -0.780249, 0.614038, 0.119033, -0.013069, 0.019629, -0.166177, 0.985901, 0.185037, 0.000000, 0.000000, 0.000000, 1.000000, 0.019629, -0.166177, 0.985901, 0.207037, -0.625161, -0.771584, -0.117606, -0.014095, 0.780249, -0.614038, -0.119033, 0.213142, 0.000000, 0.000000, 0.000000, 1.000000, -0.009167, -0.064310, -0.997888, 0.140957, -0.999446, 0.032524, 0.007085, 0.040087, 0.031999, 0.997400, -0.064572, 0.043932, 0.000000, 0.000000, 0.000000, 1.000000
-5.2526, 13.9665, -12.8622, 184.9939, 206.9939, -13.9665, 212.9356, 141.0787, 40.0182, 43.9613, 0.624606, 0.772957, 0.111380, 0.013966, -0.780666, 0.614220, 0.115303, -0.012862, 0.020712, -0.158969, 0.987066, 0.184994, 0.000000, 0.000000, 0.000000, 1.000000, 0.020712, -0.158969, 0.987066, 0.206994, -0.624606, -0.772957, -0.111380, -0.013966, 0.780666, -0.614220, -0.115303, 0.212936, 0.000000, 0.000000, 0.000000, 1.000000, -0.012270, -0.071520, -0.997364, 0.141079, -0.999442, 0.031875, 0.010010, 0.040018, 0.031075, 0.996930, -0.071871, 0.043961, 0.000000, 0.000000, 0.000000, 1.000000
-5.1201, 13.8127, -12.6911, 184.9841, 206.9841, -13.8127, 212.7646, 141.1823, 39.9211, 43.9425, 0.624550, 0.771795, 0.119459, 0.013813, -0.780854, 0.614299, 0.113595, -0.012691, 0.014289, -0.164226, 0.986319, 0.184984, 0.000000, 0.000000, 0.000000, 1.000000, 0.014289, -0.164226, 0.986319, 0.206984, -0.624550, -0.771795, -0.119459, -0.013813, 0.780854, -0.614299, -0.113595, 0.212765, 0.000000, 0.000000, 0.000000, 1.000000, -0.008291, -0.066137, -0.997776, 0.141182, -0.999441, 0.032870, 0.006126, 0.039921, 0.032391, 0.997269, -0.066372, 0.043943, 0.000000, 0.000000, 0.000000, 1.000000
-4.9953, 13.6862, -12.5001, 185.0434, 207.0434, -13.6862, 212.5735, 141.2056, 39.8415, 43.9409, 0.624246, 0.772574, 0.115962, 0.013686, -0.781116, 0.614729, 0.109389, -0.012500, 0.013226, -0.158866, 0.987212, 0.185043, 0.000000, 0.000000, 0.000000, 1.000000, 0.013226, -0.158866, 0.987212, 0.207043, -0.624246, -0.772574, -0.115962, -0.013686, 0.781116, -0.614729, -0.109389, 0.212574, 0.000000, 0.000000, 0.000000, 1.000000, -0.009342, -0.071483, -0.997398, 0.141206, -0.999436, 0.032831, 0.007008, 0.039842, 0.032245, 0.996901, -0.071750, 0.043941, 0.000000, 0.000000, 0.000000, 1.000000
-4.8790, 13.5136, -12.3383, 184.8912, 206.8912, -13.5136, 212.4118, 141.4417, 39.7893, 43.9345, 0.624264, 0.771425, 0.123283, 0.013514, -0.781130, 0.614069, 0.112935, -0.012338, 0.011417, -0.166801, 0.985924, 0.184891, 0.000000, 0.000000, 0.000000, 1.000000, 0.011417, -0.166801, 0.985924, 0.206891, -0.624264, -0.771425, -0.123283, -0.013514, 0.781130, -0.614069, -0.112935, 0.212412, 0.000000, 0.000000, 0.000000, 1.000000, -0.009609, -0.063392, -0.997942, 0.141442, -0.999420, 0.033209, 0.007514, 0.039789, 0.032664, 0.997436, -0.063674, 0.043935, 0.000000, 0.000000, 0.000000, 1.000000
-4.7505, 13.3960, -12.1517, 184.9934, 206.9934, -13.3960, 212.2252, 141.4257, 39.6910, 43.9275, 0.623581, 0.772856, 0.117643, 0.013396, -0.781679, 0.614270, 0.107933, -0.012152, 0.011152, -0.159264, 0.987173, 0.184993, 0.000000, 0.000000, 0.000000, 1.000000, 0.011152, -0.159264, 0.987173, 0.206993, -0.623581, -0.772856, -0.117643, -0.013396, 0.781679, -0.614270, -0.107933, 0.212225, 0.000000, 0.000000, 0.000000, 1.000000, -0.011393, -0.070940, -0.997416, 0.141426, -0.999427, 0.032602, 0.009097, 0.039691, 0.031872, 0.996948, -0.071271, 0.043927, 0.000000, 0.000000, 0.000000, 1.000000
-4.6290, 13.2104, -11.9692, 184.8734, 206.8734, -13.2104, 212.0427, 141.6343, 39.6489, 43.9156, 0.623283, 0.770997, 0.130696, 0.013210, -0.781991, 0.613919, 0.107670, -0.011969, 0.002776, -0.169312, 0.985559, 0.184873, 0.000000, 0.000000, 0.000000, 1.000000, 0.002776, -0.169312, 0.985559, 0.206873, -0.623283, -0.770997, -0.130696, -0.013210, 0.781991, -0.613919, -0.107670, 0.212043, 0.000000, 0.000000, 0.000000, 1.000000, -0.005261, -0.060705, -0.998142, 0.141634, -0.999429, 0.033633, 0.003223, 0.039649, 0.033375, 0.997589, -0.060847, 0.043916, 0.000000, 0.000000, 0.000000, 1.000000
-4.4965, 13.1378, -11.8225, 184.9043, 206.9043, -13.1378, 211.8959, 141.6883, 39.4823, 43.9369, 0.622926, 0.772334, 0.124352, 0.013138, -0.782257, 0.613737, 0.106776, -0.011822, 0.006147, -0.163789, 0.986476, 0.184904, 0.000000, 0.000000, 0.000000, 1.000000, 0.006147, -0.163789, 0.986476, 0.206904, -0.622926, -0.772334, -0.124352, -0.013138, 0.782257, -0.613737, -0.106776, 0.211896, 0.000000, 0.000000, 0.000000, 1.000000, -0.010752, -0.066221, -0.997747, 0.141688, -0.999425, 0.032812, 0.008592, 0.039482, 0.032170, 0.997265, -0.066536, 0.043937, 0.000000, 0.000000, 0.000000, 1.000000
-4.3655, 12.9754, -11.6602, 184.9115, 206.9115, -12.9754, 211.7337, 141.7787, 39.3854, 43.9023, 0.622643, 0.770882, 0.134372, 0.012975, -0.782506, 0.613439, 0.106663, -0.011660, -0.000204, -0.171560, 0.985174, 0.184912, 0.000000, 0.000000, 0.000000, 1.000000, -0.000204, -0.171560, 0.985174, 0.206912, -0.622643, -0.770882, -0.134372, -0.012975, 0.782506, -0.613439, -0.106663, 0.211734, 0.000000, 0.000000, 0.000000, 1.000000, -0.006768, -0.058275, -0.998278, 0.141779, -0.999424, 0.033596, 0.004814, 0.039385, 0.033257, 0.997735, -0.058469, 0.043902, 0.000000, 0.000000, 0.000000, 1.000000
-4.2394, 12.8613, -11.4543, 184.9290, 206.9290, -12.8613, 211.5278, 141.8413, 39.3066, 43.9285, 0.621850, 0.772804, 0.126795, 0.012861, -0.783136, 0.613690, 0.100412, -0.011454, -0.000214, -0.161739, 0.986834, 0.184929, 0.000000, 0.000000, 0.000000, 1.000000, -0.000214, -0.161739, 0.986834, 0.206929, -0.621850, -0.772804, -0.126795, -0.012861, 0.783136, -0.613690, -0.100412, 0.211528, 0.000000, 0.000000, 0.000000, 1.000000, -0.008727, -0.068150, -0.997637, 0.141841, -0.999441, 0.032794, 0.006502, 0.039307, 0.032273, 0.997136, -0.068398, 0.043928, 0.000000, 0.000000, 0.000000, 1.000000
-4.0891, 12.6953, -11.3053, 184.8093, 206.8093, -12.6953, 211.3787, 142.0716, 39.1525, 43.9126, 0.622228, 0.770947, 0.135916, 0.012695, -0.782831, 0.613416, 0.104387, -0.011305, -0.002897, -0.171352, 0.985206, 0.184809, 0.000000, 0.000000, 0.000000, 1.000000, -0.002897, -0.171352, 0.985206, 0.206809, -0.622228, -0.770947, -0.135916, -0.012695, 0.782831, -0.613416, -0.104387, 0.211379, 0.000000, 0.000000, 0.000000, 1.000000, -0.008847, -0.058324, -0.998259, 0.142072, -0.999404, 0.033819, 0.006882, 0.039153, 0.033359, 0.997725, -0.058588, 0.043913, 0.000000, 0.000000, 0.000000, 1.000000
-3.9658, 12.5959, -11.0966, 184.9242, 206.9242, -12.5959, 211.1700, 142.0349, 39.0744, 43.9296, 0.621278, 0.772932, 0.128803, 0.012596, -0.783573, 0.613906, 0.095566, -0.011097, -0.005207, -0.160300, 0.987055, 0.184924, 0.000000, 0.000000, 0.000000, 1.000000, -0.005207, -0.160300, 0.987055, 0.206924, -0.621278, -0.772932, -0.128803, -0.012596, 0.783573, -0.613906, -0.095566, 0.211170, 0.000000, 0.000000, 0.000000, 1.000000, -0.008473, -0.069447, -0.997550, 0.142035, -0.999429, 0.033225, 0.006176, 0.039074, 0.032715, 0.997032, -0.069689, 0.043930, 0.000000, 0.000000, 0.000000, 1.000000
-3.8415, 12.4247, -10.9294, 184.8433, 206.8433, -12.4247, 211.0028, 142.2087, 39.0016, 43.9112, 0.621191, 0.771353, 0.138337, 0.012425, -0.783609, 0.613402, 0.098466, -0.010929, -0.008904, -0.169568, 0.985478, 0.184843, 0.000000, 0.000000, 0.000000, 1.000000, -0.008904, -0.169568, 0.985478, 0.206843, -0.621191, -0.771353, -0.138337, -0.012425, 0.783609, -0.613402, -0.098466, 0.211003, 0.000000, 0.000000, 0.000000, 1.000000, -0.007022, -0.059989, -0.998174, 0.142209, -0.999415, 0.033832, 0.004998, 0.039002, 0.033471, 0.997626, -0.060192, 0.043911, 0.000000, 0.000000, 0.000000, 1.000000
-3.7299, 12.3102, -10.7184, 184.8932, 206.8933, -12.3102, 210.7918, 142.2306, 38.9627, 43.9326, 0.620708, 0.772952, 0.131403, 0.012310, -0.783980, 0.613981, 0.091667, -0.010718, -0.009825, -0.159916, 0.987082, 0.184893, 0.000000, 0.000000, 0.000000, 1.000000, -0.009825, -0.159916, 0.987082, 0.206893, -0.620708, -0.772952, -0.131403, -0.012310, 0.783980, -0.613981, -0.091667, 0.210792, 0.000000, 0.000000, 0.000000, 1.000000, -0.007934, -0.069697, -0.997537, 0.142231, -0.999421, 0.033562, 0.005604, 0.038963, 0.033089, 0.997004, -0.069922, 0.043933, 0.000000, 0.000000, 0.000000, 1.000000
-3.6101, 12.1412, -10.5568, 184.8491, 206.8491, -12.1413, 210.6303, 142.3665, 38.8951, 43.9043, 0.620592, 0.771916, 0.137882, 0.012141, -0.784047, 0.613476, 0.094437, -0.010557, -0.011690, -0.166713, 0.985936, 0.184849, 0.000000, 0.000000, 0.000000, 1.000000, -0.011690, -0.166713, 0.985936, 0.206849, -0.620592, -0.771916, -0.137882, -0.012141, 0.784047, -0.613476, -0.094437, 0.210630, 0.000000, 0.000000, 0.000000, 1.000000, -0.008177, -0.062749, -0.997996, 0.142367, -0.999409, 0.033834, 0.006061, 0.038895, 0.033386, 0.997456, -0.062988, 0.043904, 0.000000, 0.000000, 0.000000, 1.000000
-3.4721, 12.0686, -10.4069, 184.9011, 206.9011, -12.0686, 210.4804, 142.4045, 38.7167, 43.9226, 0.619829, 0.773010, 0.135160, 0.012069, -0.784607, 0.613597, 0.088825, -0.010407, -0.014271, -0.161104, 0.986834, 0.184901, 0.000000, 0.000000, 0.000000, 1.000000, -0.014271, -0.161104, 0.986834, 0.206901, -0.619829, -0.773010, -0.135160, -0.012069, 0.784607, -0.613597, -0.088825, 0.210480, 0.000000, 0.000000, 0.000000, 1.000000, -0.007854, -0.068352, -0.997630, 0.142405, -0.999423, 0.033514, 0.005572, 0.038717, 0.033054, 0.997098, -0.068576, 0.043923, 0.000000, 0.000000, 0.000000, 1.000000
-3.3407, 11.8781, -10.2128, 184.8361, 206.8361, -11.8781, 210.2862, 142.5694, 38.6582, 43.9011, 0.619140, 0.772228, 0.142583, 0.011878, -0.784936, 0.613961, 0.083232, -0.010213, -0.023267, -0.163451, 0.986277, 0.184836, 0.000000, 0.000000, 0.000000, 1.000000, -0.023267, -0.163451, 0.986277, 0.206836, -0.619140, -0.772228, -0.142583, -0.011878, 0.784936, -0.613961, -0.083232, 0.210286, 0.000000, 0.000000, 0.000000, 1.000000, -0.001217, -0.065884, -0.997827, 0.142569, -0.999408, 0.034388, -0.001052, 0.038658, 0.034382, 0.997235, -0.065887, 0.043901, 0.000000, 0.000000, 0.000000, 1.000000
-3.2214, 11.7570, -10.0142, 184.8597, 206.8597, -11.7570, 210.0876, 142.6262, 38.5934, 43.9161, 0.619142, 0.772224, 0.142595, 0.011757, -0.784972, 0.613687, 0.084896, -0.010014, -0.021950, -0.164496, 0.986134, 0.184860, 0.000000, 0.000000, 0.000000, 1.000000, -0.021950, -0.164496, 0.986134, 0.206860, -0.619142, -0.772224, -0.142595, -0.011757, 0.784972, -0.613687, -0.084896, 0.210088, 0.000000, 0.000000, 0.000000, 1.000000, -0.004576, -0.064761, -0.997890, 0.142626, -0.999409, 0.034287, 0.002357, 0.038593, 0.034062, 0.997312, -0.064880, 0.043916, 0.000000, 0.000000, 0.000000, 1.000000
-3.0909, 11.5836, -9.8875, 184.7026, 206.7026, -11.5836, 209.9609, 142.8857, 38.4698, 43.8900, 0.619274, 0.770750, 0.149815, 0.011584, -0.784858, 0.613073, 0.090217, -0.009887, -0.022312, -0.173453, 0.984589, 0.184703, 0.000000, 0.000000, 0.000000, 1.000000, -0.022312, -0.173453, 0.984589, 0.206703, -0.619274, -0.770750, -0.149815, -0.011584, 0.784858, -0.613073, -0.090217, 0.209961, 0.000000, 0.000000, 0.000000, 1.000000, -0.006539, -0.055604, -0.998432, 0.142886, -0.999390, 0.034625, 0.004617, 0.038470, 0.034314, 0.997852, -0.055796, 0.043890, 0.000000, 0.000000, 0.000000, 1.000000
-2.9635, 11.4983, -9.6782, 184.8479, 206.8479, -11.4983, 209.7517, 142.8219, 38.3744, 43.9114, 0.618646, 0.772589, 0.142772, 0.011498, -0.785290, 0.613700, 0.081799, -0.009678, -0.024422, -0.162722, 0.986370, 0.184848, 0.000000, 0.000000, 0.000000, 1.000000, -0.024422, -0.162722, 0.986370, 0.206848, -0.618646, -0.772589, -0.142772, -0.011498, 0.785290, -0.613700, -0.081799, 0.209752, 0.000000, 0.000000, 0.000000, 1.000000, -0.006534, -0.066407, -0.997771, 0.142822, -0.999399, 0.034413, 0.004254, 0.038374, 0.034054, 0.997199, -0.066592, 0.043911, 0.000000, 0.000000, 0.000000, 1.000000
-2.8384, 11.3227, -9.4962, 184.7151, 206.7151, -11.3227, 209.5696, 143.0485, 38.3099, 43.9101, 0.617998, 0.771942, 0.148940, 0.011323, -0.785614, 0.613555, 0.079755, -0.009496, -0.029817, -0.166298, 0.985625, 0.184715, 0.000000, 0.000000, 0.000000, 1.000000, -0.029817, -0.166298, 0.985625, 0.206715, -0.617998, -0.771942, -0.148940, -0.011323, 0.785614, -0.613555, -0.079755, 0.209570, 0.000000, 0.000000, 0.000000, 1.000000, -0.003298, -0.062707, -0.998027, 0.143048, -0.999396, 0.034733, 0.001120, 0.038310, 0.034594, 0.997427, -0.062784, 0.043910, 0.000000, 0.000000, 0.000000, 1.000000
-2.7121, 11.2112, -9.3138, 184.8303, 206.8303, -11.2112, 209.3872, 143.0221, 38.2105, 43.9023, 0.617802, 0.772903, 0.144714, 0.011211, -0.785820, 0.613508, 0.078076, -0.009314, -0.028438, -0.161955, 0.986388, 0.184830, 0.000000, 0.000000, 0.000000, 1.000000, -0.028438, -0.161955, 0.986388, 0.206830, -0.617802, -0.772903, -0.144714, -0.011211, 0.785820, -0.613508, -0.078076, 0.209387, 0.000000, 0.000000, 0.000000, 1.000000, -0.006781, -0.067043, -0.997727, 0.143022, -0.999399, 0.034384, 0.004482, 0.038211, 0.034005, 0.997157, -0.067236, 0.043902, 0.000000, 0.000000, 0.000000, 1.000000
-2.5862, 11.0937, -9.1720, 184.7630, 206.7630, -11.0937, 209.2455, 143.1790, 38.0779, 43.9081, 0.617012, 0.772230, 0.151517, 0.011094, -0.786142, 0.613584, 0.074124, -0.009172, -0.035728, -0.164850, 0.985671, 0.184763, 0.000000, 0.000000, 0.000000, 1.000000, -0.035728, -0.164850, 0.985671, 0.206763, -0.617012, -0.772230, -0.151517, -0.011094, 0.786142, -0.613584, -0.074124, 0.209245, 0.000000, 0.000000, 0.000000, 1.000000, -0.001688, -0.064024, -0.997947, 0.143179, -0.999390, 0.034905, -0.000549, 0.038078, 0.034868, 0.997338, -0.064044, 0.043908, 0.000000, 0.000000, 0.000000, 1.000000
-2.4568, 10.9684, -8.9741, 184.7980, 206.7980, -10.9684, 209.0475, 143.2343, 37.9891, 43.9169, 0.616637, 0.772272, 0.152825, 0.010968, -0.786375, 0.613374, 0.073392, -0.008974, -0.037060, -0.165434, 0.985524, 0.184798, 0.000000, 0.000000, 0.000000, 1.000000, -0.037060, -0.165434, 0.985524, 0.206798, -0.616637, -0.772272, -0.152825, -0.010968, 0.786375, -0.613374, -0.073392, 0.209048, 0.000000, 0.000000, 0.000000, 1.000000, -0.002548, -0.063362, -0.997987, 0.143234, -0.999393, 0.034836, 0.000339, 0.037989, 0.034744, 0.997382, -0.063412, 0.043917, 0.000000, 0.000000, 0.000000, 1.000000
-2.3181, 10.8171, -8.7935, 184.7490, 206.7490, -10.8171, 208.8669, 143.3849, 37.8757, 43.9146, 0.615693, 0.772766, 0.154126, 0.010817, -0.786875, 0.613333, 0.068199, -0.008793, -0.041829, -0.163267, 0.985695, 0.184749, 0.000000, 0.000000, 0.000000, 1.000000, -0.041829, -0.163267, 0.985695, 0.206749, -0.615693, -0.772766, -0.154126, -0.010817, 0.786875, -0.613333, -0.068199, 0.208867, 0.000000, 0.000000, 0.000000, 1.000000, -0.000080, -0.065482, -0.997854, 0.143385, -0.999394, 0.034738, -0.002200, 0.037876, 0.034807, 0.997249, -0.065445, 0.043915, 0.000000, 0.000000, 0.000000, 1.000000
-2.1931, 10.6770, -8.6156, 184.8881, 206.8881, -10.6770, 208.6890, 143.3418, 37.7939, 43.8763, 0.615511, 0.773380, 0.151752, 0.010677, -0.787177, 0.612720, 0.070185, -0.008616, -0.038702, -0.162655, 0.985924, 0.184888, 0.000000, 0.000000, 0.000000, 1.000000, -0.038702, -0.162655, 0.985924, 0.206888, -0.615511, -0.773380, -0.151752, -0.010677, 0.787177, -0.612720, -0.070185, 0.208689, 0.000000, 0.000000, 0.000000, 1.000000, -0.005233, -0.066063, -0.997802, 0.143342, -0.999416, 0.034046, 0.002988, 0.037794, 0.033774, 0.997234, -0.066203, 0.043876, 0.000000, 0.000000, 0.000000, 1.000000
-2.0670, 10.5147, -8.4320, 184.6946, 206.6946, -10.5147, 208.5055, 143.6273, 37.7147, 43.9002, 0.614816, 0.772216, 0.160261, 0.010515, -0.787240, 0.613129, 0.065770, -0.008432, -0.047472, -0.166600, 0.984881, 0.184695, 0.000000, 0.000000, 0.000000, 1.000000, -0.047472, -0.166600, 0.984881, 0.206695, -0.614816, -0.772216, -0.160261, -0.010515, 0.787240, -0.613129, -0.065770, 0.208505, 0.000000, 0.000000, 0.000000, 1.000000, 0.001249, -0.061953, -0.998078, 0.143627, -0.999379, 0.035056, -0.003427, 0.037715, 0.035201, 0.997463, -0.061870, 0.043900, 0.000000, 0.000000, 0.000000, 1.000000
-1.9494, 10.3793, -8.2702, 184.6785, 206.6785, -10.3793, 208.3436, 143.7316, 37.6296, 43.8918, 0.615240, 0.771687, 0.161179, 0.010379, -0.786977, 0.613220, 0.068033, -0.008270, -0.046338, -0.168701, 0.984577, 0.184679, 0.000000, 0.000000, 0.000000, 1.000000, -0.046338, -0.168701, 0.984577, 0.206679, -0.615240, -0.771687, -0.161179, -0.010379, 0.786977, -0.613220, -0.068033, 0.208344, 0.000000, 0.000000, 0.000000, 1.000000, -0.002020, -0.059736, -0.998212, 0.143732, -0.999370, 0.035482, -0.000101, 0.037630, 0.035425, 0.997583, -0.059770, 0.043892, 0.000000, 0.000000, 0.000000, 1.000000
-1.8185, 10.2209, -8.0731, 184.6628, 206.6628, -10.2209, 208.1466, 143.8458, 37.5527, 43.8858, 0.614066, 0.772086, 0.163725, 0.010221, -0.787526, 0.613113, 0.062405, -0.008073, -0.052200, -0.167258, 0.984530, 0.184663, 0.000000, 0.000000, 0.000000, 1.000000, -0.052200, -0.167258, 0.984530, 0.206663, -0.614066, -0.772086, -0.163725, -0.010221, 0.787526, -0.613113, -0.062405, 0.208147, 0.000000, 0.000000, 0.000000, 1.000000, 0.001698, -0.061132, -0.998128, 0.143846, -0.999367, 0.035359, -0.003866, 0.037553, 0.035529, 0.997503, -0.061033, 0.043886, 0.000000, 0.000000, 0.000000, 1.000000
-1.6895, 10.1230, -7.8705, 184.7871, 206.7871, -10.1230, 207.9440, 143.8096, 37.4556, 43.8984, 0.614488, 0.772622, 0.159561, 0.010123, -0.787346, 0.613379, 0.062074, -0.007871, -0.049912, -0.163773, 0.985235, 0.184787, 0.000000, 0.000000, 0.000000, 1.000000, -0.049912, -0.163773, 0.985235, 0.206787, -0.614488, -0.772622, -0.159561, -0.010123, 0.787346, -0.613379, -0.062074, 0.207944, 0.000000, 0.000000, 0.000000, 1.000000, -0.002884, -0.064580, -0.997908, 0.143810, -0.999368, 0.035552, 0.000587, 0.037456, 0.035440, 0.997279, -0.064642, 0.043898, 0.000000, 0.000000, 0.000000, 1.000000
-1.5616, 9.9987, -7.7421, 184.7247, 206.7247, -9.9987, 207.8155, 143.9674, 37.3084, 43.8899, 0.613451, 0.772289, 0.165069, 0.009999, -0.787704, 0.613332, 0.057847, -0.007742, -0.056568, -0.165512, 0.984584, 0.184725, 0.000000, 0.000000, 0.000000, 1.000000, -0.056568, -0.165512, 0.984584, 0.206725, -0.613451, -0.772289, -0.165069, -0.009999, 0.787704, -0.613332, -0.057847, 0.207816, 0.000000, 0.000000, 0.000000, 1.000000, 0.001613, -0.062735, -0.998029, 0.143967, -0.999353, 0.035772, -0.003863, 0.037308, 0.035943, 0.997389, -0.062637, 0.043890, 0.000000, 0.000000, 0.000000, 1.000000
-1.4313, 9.8929, -7.5537, 184.8832, 206.8832, -9.8929, 207.6272, 143.9024, 37.2031, 43.8801, 0.614067, 0.773528, 0.156769, 0.009893, -0.787755, 0.612924, 0.061367, -0.007554, -0.048619, -0.161179, 0.985727, 0.184883, 0.000000, 0.000000, 0.000000, 1.000000, -0.048619, -0.161179, 0.985727, 0.206883, -0.614067, -0.773528, -0.156769, -0.009893, 0.787755, -0.612924, -0.061367, 0.207627, 0.000000, 0.000000, 0.000000, 1.000000, -0.008515, -0.067093, -0.997710, 0.143902, -0.999366, 0.035071, 0.006171, 0.037203, 0.034576, 0.997130, -0.067349, 0.043880, 0.000000, 0.000000, 0.000000, 1.000000
-1.3094, 9.7073, -7.3761, 184.7011, 206.7011, -9.7073, 207.4496, 144.1815, 37.1397, 43.8797, 0.612677, 0.772434, 0.167251, 0.009707, -0.788055, 0.613133, 0.055111, -0.007376, -0.059977, -0.165568, 0.984373, 0.184701, 0.000000, 0.000000, 0.000000, 1.000000, -0.059977, -0.165568, 0.984373, 0.206701, -0.612677, -0.772434, -0.167251, -0.009707, 0.788055, -0.613133, -0.055111, 0.207450, 0.000000, 0.000000, 0.000000, 1.000000, 0.000727, -0.062535, -0.998043, 0.144181, -0.999355, 0.035799, -0.002971, 0.037140, 0.035914, 0.997401, -0.062469, 0.043880, 0.000000, 0.000000, 0.000000, 1.000000
-1.1769, 9.5963, -7.1688, 184.8700, 206.8700, -9.5963, 207.2422, 144.1077, 37.0480, 43.8745, 0.612606, 0.773731, 0.161413, 0.009596, -0.788369, 0.612753, 0.054845, -0.007169, -0.056471, -0.160852, 0.985362, 0.184870, 0.000000, 0.000000, 0.000000, 1.000000, -0.056471, -0.160852, 0.985362, 0.206870, -0.612606, -0.773731, -0.161413, -0.009596, 0.788369, -0.612753, -0.054845, 0.207242, 0.000000, 0.000000, 0.000000, 1.000000, -0.004948, -0.067282, -0.997722, 0.144108, -0.999379, 0.035128, 0.002587, 0.037048, 0.034874, 0.997115, -0.067414, 0.043875, 0.000000, 0.000000, 0.000000, 1.000000
-1.0382, 9.4462, -7.0278, 184.5857, 206.5857, -9.4462, 207.1013, 144.4932, 36.8852, 43.9040, 0.612111, 0.772110, 0.170783, 0.009446, -0.788284, 0.612903, 0.054390, -0.007028, -0.062678, -0.167918, 0.983806, 0.184586, 0.000000, 0.000000, 0.000000, 1.000000, -0.062678, -0.167918, 0.983806, 0.206586, -0.612111, -0.772110, -0.170783, -0.009446, 0.788284, -0.612903, -0.054390, 0.207101, 0.000000, 0.000000, 0.000000, 1.000000, -0.001234, -0.059991, -0.998198, 0.144493, -0.999353, 0.035966, -0.000926, 0.036885, 0.035957, 0.997551, -0.059996, 0.043904, 0.000000, 0.000000, 0.000000, 1.000000
-0.9171, 9.3049, -6.8156, 184.6751, 206.6751, -9.3049, 206.8891, 144.4961, 36.8393, 43.8961, 0.611620, 0.772208, 0.172091, 0.009305, -0.788322, 0.613222, 0.050084, -0.006816, -0.066854, -0.166295, 0.983807, 0.184675, 0.000000, 0.000000, 0.000000, 1.000000, -0.066854, -0.166295, 0.983807, 0.206675, -0.611620, -0.772208, -0.172091, -0.009305, 0.788322, -0.613222, -0.050084, 0.206889, 0.000000, 0.000000, 0.000000, 1.000000, 0.000824, -0.061541, -0.998104, 0.144496, -0.999333, 0.036386, -0.003068, 0.036839, 0.036506, 0.997441, -0.061470, 0.043896, 0.000000, 0.000000, 0.000000, 1.000000
-0.7967, 9.1632, -6.6341, 184.5859, 206.5859, -9.1632, 206.7075, 144.6754, 36.7600, 43.9110, 0.610764, 0.772110, 0.175538, 0.009163, -0.788592, 0.613119, 0.046991, -0.006634, -0.071343, -0.167128, 0.983351, 0.184586, 0.000000, 0.000000, 0.000000, 1.000000, -0.071343, -0.167128, 0.983351, 0.206586, -0.610764, -0.772110, -0.175538, -0.009163, 0.788592, -0.613119, -0.046991, 0.206708, 0.000000, 0.000000, 0.000000, 1.000000, 0.003297, -0.060625, -0.998155, 0.144675, -0.999321, 0.036440, -0.005514, 0.036760, 0.036707, 0.997495, -0.060463, 0.043911, 0.000000, 0.000000, 0.000000, 1.000000
-0.6774, 9.0683, -6.4469, 184.8550, 206.8550, -9.0683, 206.5204, 144.4953, 36.6822, 43.8838, 0.610706, 0.774500, 0.164888, 0.009068, -0.789200, 0.612359, 0.046688, -0.006447, -0.064811, -0.158643, 0.985207, 0.184855, 0.000000, 0.000000, 0.000000, 1.000000, -0.064811, -0.158643, 0.985207, 0.206855, -0.610706, -0.774500, -0.164888, -0.009068, 0.789200, -0.612359, -0.046688, 0.206520, 0.000000, 0.000000, 0.000000, 1.000000, -0.005066, -0.069257, -0.997586, 0.144495, -0.999381, 0.035081, 0.002640, 0.036682, 0.034814, 0.996982, -0.069392, 0.043884, 0.000000, 0.000000, 0.000000, 1.000000
-0.5473, 8.9030, -6.3396, 184.5431, 206.5431, -8.9030, 206.4130, 144.9090, 36.5174, 43.8882, 0.610021, 0.771627, 0.180182, 0.008903, -0.788892, 0.612749, 0.046768, -0.006340, -0.074319, -0.170674, 0.982521, 0.184543, 0.000000, 0.000000, 0.000000, 1.000000, -0.074319, -0.170674, 0.982521, 0.206543, -0.610021, -0.771627, -0.180182, -0.008903, 0.788892, -0.612749, -0.046768, 0.206413, 0.000000, 0.000000, 0.000000, 1.000000, 0.002028, -0.056884, -0.998379, 0.144909, -0.999327, 0.036457, -0.004107, 0.036517, 0.036631, 0.997715, -0.056772, 0.043888, 0.000000, 0.000000, 0.000000, 1.000000
-0.4274, 8.8149, -6.1553, 184.8113, 206.8113, -8.8149, 206.2287, 144.7294, 36.4323, 43.8648, 0.609885, 0.773587, 0.172057, 0.008815, -0.789441, 0.612073, 0.046363, -0.006155, -0.069445, -0.164105, 0.983995, 0.184811, 0.000000, 0.000000, 0.000000, 1.000000, -0.069445, -0.164105, 0.983995, 0.206811, -0.609885, -0.773587, -0.172057, -0.008815, 0.789441, -0.612073, -0.046363, 0.206229, 0.000000, 0.000000, 0.000000, 1.000000, -0.004723, -0.063571, -0.997966, 0.144729, -0.999373, 0.035321, 0.002480, 0.036432, 0.035092, 0.997352, -0.063698, 0.043865, 0.000000, 0.000000, 0.000000, 1.000000
-0.3030, 8.5786, -5.9922, 184.4842, 206.4842, -8.5786, 206.0657, 145.1660, 36.3654, 43.8494, 0.608648, 0.770376, 0.189916, 0.008579, -0.789254, 0.612392, 0.045318, -0.005992, -0.081392, -0.177475, 0.980754, 0.184484, 0.000000, 0.000000, 0.000000, 1.000000, -0.081392, -0.177475, 0.980754, 0.206484, -0.608648, -0.770376, -0.189916, -0.008579, 0.789254, -0.612392, -0.045318, 0.206066, 0.000000, 0.000000, 0.000000, 1.000000, 0.004972, -0.049814, -0.998746, 0.145166, -0.999304, 0.036673, -0.006804, 0.036365, 0.036966, 0.998085, -0.049597, 0.043849, 0.000000, 0.000000, 0.000000, 1.000000
-0.1850, 8.5090, -5.7997, 184.7396, 206.7396, -8.5090, 205.8732, 144.9933, 36.2808, 43.8482, 0.608858, 0.772583, 0.180018, 0.008509, -0.789734, 0.611753, 0.045585, -0.005800, -0.074908, -0.169921, 0.982607, 0.184740, 0.000000, 0.000000, 0.000000, 1.000000, -0.074908, -0.169921, 0.982607, 0.206740, -0.608858, -0.772583, -0.180018, -0.008509, 0.789734, -0.611753, -0.045585, 0.205873, 0.000000, 0.000000, 0.000000, 1.000000, -0.003391, -0.057522, -0.998338, 0.144993, -0.999369, 0.035505, 0.001349, 0.036281, 0.035368, 0.997713, -0.057606, 0.043848, 0.000000, 0.000000, 0.000000, 1.000000
-0.0530, 8.4080, -5.6658, 184.5515, 206.5514, -8.4080, 205.7392, 145.2720, 36.1002, 43.8899, 0.608512, 0.771792, 0.184526, 0.008408, -0.789440, 0.612391, 0.041975, -0.005666, -0.080606, -0.171214, 0.981931, 0.184551, 0.000000, 0.000000, 0.000000, 1.000000, -0.080606, -0.171214, 0.981931, 0.206551, -0.608512, -0.771792, -0.184526, -0.008408, 0.789440, -0.612391, -0.041975, 0.205739, 0.000000, 0.000000, 0.000000, 1.000000, -0.000106, -0.056054, -0.998428, 0.145272, -0.999331, 0.036519, -0.001944, 0.036100, 0.036571, 0.997760, -0.056020, 0.043890, 0.000000, 0.000000, 0.000000, 1.000000
0.0868, 8.2907, -5.4644, 184.7795, 206.7795, -8.2907, 205.5378, 145.1502, 35.9942, 43.8629, 0.608731, 0.772976, 0.178757, 0.008291, -0.789518, 0.612389, 0.040511, -0.005464, -0.078155, -0.165793, 0.983059, 0.184779, 0.000000, 0.000000, 0.000000, 1.000000, -0.078155, -0.165793, 0.983059, 0.206779, -0.608731, -0.772976, -0.178757, -0.008291, 0.789518, -0.612389, -0.040511, 0.205538, 0.000000, 0.000000, 0.000000, 1.000000, -0.004967, -0.061498, -0.998095, 0.145150, -0.999335, 0.036373, 0.002732, 0.035994, 0.036136, 0.997444, -0.061638, 0.043863, 0.000000, 0.000000, 0.000000, 1.000000
0.2103, 8.0745, -5.3149, 184.4611, 206.4611, -8.0745, 205.3884, 145.5754, 35.9034, 43.8533, 0.607651, 0.770504, 0.192569, 0.008074, -0.789497, 0.612384, 0.040997, -0.005315, -0.086338, -0.176944, 0.980427, 0.184461, 0.000000, 0.000000, 0.000000, 1.000000, -0.086338, -0.176944, 0.980427, 0.206461, -0.607651, -0.770504, -0.192569, -0.008074, 0.789497, -0.612384, -0.040997, 0.205388, 0.000000, 0.000000, 0.000000, 1.000000, 0.001067, -0.050028, -0.998747, 0.145575, -0.999308, 0.037076, -0.002925, 0.035903, 0.037176, 0.998059, -0.049954, 0.043853, 0.000000, 0.000000, 0.000000, 1.000000
0.3450, 8.0050, -5.1008, 184.8076, 206.8076, -8.0050, 205.1743, 145.3243, 35.8025, 43.8440, 0.607639, 0.773019, 0.182252, 0.008005, -0.789895, 0.612105, 0.037322, -0.005101, -0.082707, -0.166638, 0.982543, 0.184808, 0.000000, 0.000000, 0.000000, 1.000000, -0.082707, -0.166638, 0.982543, 0.206808, -0.607639, -0.773019, -0.182252, -0.008005, 0.789895, -0.612105, -0.037322, 0.205174, 0.000000, 0.000000, 0.000000, 1.000000, -0.004774, -0.060503, -0.998157, 0.145324, -0.999337, 0.036328, 0.002578, 0.035802, 0.036105, 0.997507, -0.060636, 0.043844, 0.000000, 0.000000, 0.000000, 1.000000
0.4623, 7.8258, -4.9244, 184.5264, 206.5264, -7.8258, 204.9978, 145.6996, 35.7289, 43.8704, 0.606523, 0.770712, 0.195274, 0.007826, -0.789770, 0.612330, 0.036272, -0.004924, -0.091617, -0.176221, 0.980078, 0.184526, 0.000000, 0.000000, 0.000000, 1.000000, -0.091617, -0.176221, 0.980078, 0.206526, -0.606523, -0.770712, -0.195274, -0.007826, 0.789770, -0.612330, -0.036272, 0.204998, 0.000000, 0.000000, 0.000000, 1.000000, 0.002074, -0.050611, -0.998716, 0.145700, -0.999300, 0.037190, -0.003960, 0.035729, 0.037343, 0.998026, -0.050499, 0.043870, 0.000000, 0.000000, 0.000000, 1.000000
0.5979, 7.7284, -4.7478, 184.7105, 206.7105, -7.7284, 204.8213, 145.6162, 35.5991, 43.8546, 0.606987, 0.772596, 0.186176, 0.007728, -0.790154, 0.611765, 0.037415, -0.004748, -0.084989, -0.169819, 0.981804, 0.184711, 0.000000, 0.000000, 0.000000, 1.000000, -0.084989, -0.169819, 0.981804, 0.206711, -0.606987, -0.772596, -0.186176, -0.007728, 0.790154, -0.611765, -0.037415, 0.204821, 0.000000, 0.000000, 0.000000, 1.000000, -0.006802, -0.057136, -0.998343, 0.145616, -0.999330, 0.036297, 0.004731, 0.035599, 0.035966, 0.997706, -0.057345, 0.043855, 0.000000, 0.000000, 0.000000, 1.000000
0.7308, 7.5543, -4.5791, 184.4843, 206.4843, -7.5543, 204.6526, 145.9477, 35.4793, 43.8681, 0.605548, 0.770728, 0.198217, 0.007554, -0.790218, 0.611817, 0.035164, -0.004579, -0.094171, -0.177928, 0.979527, 0.184484, 0.000000, 0.000000, 0.000000, 1.000000, -0.094171, -0.177928, 0.979527, 0.206484, -0.605548, -0.770728, -0.198217, -0.007554, 0.790218, -0.611817, -0.035164, 0.204653, 0.000000, 0.000000, 0.000000, 1.000000, 0.000126, -0.048751, -0.998811, 0.145948, -0.999319, 0.036854, -0.001925, 0.035479, 0.036904, 0.998131, -0.048714, 0.043868, 0.000000, 0.000000, 0.000000, 1.000000
0.8607, 7.4357, -4.3779, 184.7143, 206.7143, -7.4357, 204.4514, 145.8202, 35.4005, 43.8393, 0.605419, 0.772493, 0.191632, 0.007436, -0.790575, 0.611495, 0.032632, -0.004378, -0.091974, -0.171255, 0.980924, 0.184714, 0.000000, 0.000000, 0.000000, 1.000000, -0.091974, -0.171255, 0.980924, 0.206714, -0.605419, -0.772493, -0.191632, -0.007436, 0.790575, -0.611495, -0.032632, 0.204451, 0.000000, 0.000000, 0.000000, 1.000000, -0.004216, -0.055535, -0.998448, 0.145820, -0.999340, 0.036272, 0.002202, 0.035400, 0.036094, 0.997798, -0.055651, 0.043839, 0.000000, 0.000000, 0.000000, 1.000000
0.9936, 7.2953, -4.2193, 184.5361, 206.5361, -7.2953, 204.2928, 146.0984, 35.2557, 43.8623, 0.605506, 0.770512, 0.199185, 0.007295, -0.790228, 0.611773, 0.035688, -0.004219, -0.094358, -0.179011, 0.979312, 0.184536, 0.000000, 0.000000, 0.000000, 1.000000, -0.094358, -0.179011, 0.979312, 0.206536, -0.605506, -0.770512, -0.199185, -0.007295, 0.790228, -0.611773, -0.035688, 0.204293, 0.000000, 0.000000, 0.000000, 1.000000, -0.004265, -0.047479, -0.998863, 0.146098, -0.999310, 0.037069, 0.002505, 0.035256, 0.036908, 0.998184, -0.047604, 0.043862, 0.000000, 0.000000, 0.000000, 1.000000
1.1252, 7.1479, -3.9929, 184.6237, 206.6237, -7.1479, 204.0664, 146.1159, 35.1969, 43.8583, 0.604049, 0.771822, 0.198534, 0.007148, -0.790574, 0.611769, 0.027039, -0.003993, -0.100588, -0.173288, 0.979721, 0.184624, 0.000000, 0.000000, 0.000000, 1.000000, -0.100588, -0.173288, 0.979721, 0.206624, -0.604049, -0.771822, -0.198534, -0.007148, 0.790574, -0.611769, -0.027039, 0.204066, 0.000000, 0.000000, 0.000000, 1.000000, -0.000154, -0.053253, -0.998581, 0.146116, -0.999316, 0.036948, -0.001816, 0.035197, 0.036993, 0.997897, -0.053222, 0.043858, 0.000000, 0.000000, 0.000000, 1.000000
1.2531, 7.0210, -3.8561, 184.6035, 206.6035, -7.0210, 203.9296, 146.2365, 35.0529, 43.8431, 0.604206, 0.770712, 0.202331, 0.007021, -0.790771, 0.611209, 0.033226, -0.003856, -0.098059, -0.180073, 0.978753, 0.184603, 0.000000, 0.000000, 0.000000, 1.000000, -0.098059, -0.180073, 0.978753, 0.206603, -0.604206, -0.770712, -0.202331, -0.007021, 0.790771, -0.611209, -0.033226, 0.203930, 0.000000, 0.000000, 0.000000, 1.000000, -0.004861, -0.046298, -0.998916, 0.146236, -0.999325, 0.036609, 0.003167, 0.035053, 0.036423, 0.998257, -0.046445, 0.043843, 0.000000, 0.000000, 0.000000, 1.000000
1.3858, 6.8896, -3.6253, 184.7250, 206.7250, -6.8896, 203.6988, 146.2185, 34.9890, 43.8464, 0.603076, 0.772583, 0.198533, 0.006890, -0.790781, 0.611716, 0.021661, -0.003625, -0.104711, -0.170059, 0.979855, 0.184725, 0.000000, 0.000000, 0.000000, 1.000000, -0.104711, -0.170059, 0.979855, 0.206725, -0.603076, -0.772583, -0.198533, -0.006890, 0.790781, -0.611716, -0.021661, 0.203699, 0.000000, 0.000000, 0.000000, 1.000000, -0.000458, -0.056394, -0.998409, 0.146218, -0.999313, 0.037021, -0.001632, 0.034989, 0.037055, 0.997722, -0.056372, 0.043846, 0.000000, 0.000000, 0.000000, 1.000000
1.5117, 6.7524, -3.4783, 184.6257, 206.6257, -6.7524, 203.5518, 146.4166, 34.8560, 43.8471, 0.603280, 0.771007, 0.203964, 0.006752, -0.790926, 0.611230, 0.028861, -0.003478, -0.102417, -0.178732, 0.978553, 0.184626, 0.000000, 0.000000, 0.000000, 1.000000, -0.102417, -0.178732, 0.978553, 0.206626, -0.603280, -0.771007, -0.203964, -0.006752, 0.790926, -0.611230, -0.028861, 0.203552, 0.000000, 0.000000, 0.000000, 1.000000, -0.004917, -0.047504, -0.998859, 0.146417, -0.999318, 0.036797, 0.003169, 0.034856, 0.036604, 0.998193, -0.047652, 0.043847, 0.000000, 0.000000, 0.000000, 1.000000
1.6319, 6.6603, -3.3286, 184.7040, 206.7040, -6.6603, 203.4020, 146.4284, 34.7313, 43.8440, 0.602578, 0.772472, 0.200469, 0.006660, -0.791036, 0.611377, 0.021894, -0.003329, -0.105650, -0.171771, 0.979455, 0.184704, 0.000000, 0.000000, 0.000000, 1.000000, -0.105650, -0.171771, 0.979455, 0.206704, -0.602578, -0.772472, -0.200469, -0.006660, 0.791036, -0.611377, -0.021894, 0.203402, 0.000000, 0.000000, 0.000000, 1.000000, -0.003706, -0.054532, -0.998505, 0.146428, -0.999318, 0.036879, 0.001695, 0.034731, 0.036731, 0.997831, -0.054632, 0.043844, 0.000000, 0.000000, 0.000000, 1.000000
1.7710, 6.4955, -3.1610, 184.5781, 206.5781, -6.4955, 203.2344, 146.6662, 34.5934, 43.8412, 0.601817, 0.770911, 0.208594, 0.006496, -0.790966, 0.611455, 0.022242, -0.003161, -0.110399, -0.178377, 0.977749, 0.184578, 0.000000, 0.000000, 0.000000, 1.000000, -0.110399, -0.178377, 0.977749, 0.206578, -0.601817, -0.770911, -0.208594, -0.006496, 0.790966, -0.611455, -0.022242, 0.203234, 0.000000, 0.000000, 0.000000, 1.000000, -0.001351, -0.047669, -0.998862, 0.146666, -0.999305, 0.037286, -0.000427, 0.034593, 0.037264, 0.998167, -0.047686, 0.043841, 0.000000, 0.000000, 0.000000, 1.000000
1.8978, 6.3878, -2.9190, 184.7779, 206.7779, -6.3878, 202.9925, 146.5639, 34.5483, 43.8516, 0.601549, 0.772799, 0.202291, 0.006388, -0.791221, 0.611276, 0.017622, -0.002919, -0.110038, -0.170657, 0.979167, 0.184778, 0.000000, 0.000000, 0.000000, 1.000000, -0.110038, -0.170657, 0.979167, 0.206778, -0.601549, -0.772799, -0.202291, -0.006388, 0.791221, -0.611276, -0.017622, 0.202992, 0.000000, 0.000000, 0.000000, 1.000000, -0.003834, -0.055515, -0.998451, 0.146564, -0.999314, 0.036979, 0.001781, 0.034548, 0.036823, 0.997773, -0.055619, 0.043852, 0.000000, 0.000000, 0.000000, 1.000000
2.0177, 6.2135, -2.7790, 184.5688, 206.5689, -6.2135, 202.8524, 146.8750, 34.4325, 43.8443, 0.600923, 0.770930, 0.211089, 0.006213, -0.790952, 0.611615, 0.017952, -0.002779, -0.115265, -0.177749, 0.977302, 0.184569, 0.000000, 0.000000, 0.000000, 1.000000, -0.115265, -0.177749, 0.977302, 0.206569, -0.600923, -0.770930, -0.211089, -0.006213, 0.790952, -0.611615, -0.017952, 0.202852, 0.000000, 0.000000, 0.000000, 1.000000, -0.000725, -0.048127, -0.998841, 0.146875, -0.999289, 0.037677, -0.001090, 0.034432, 0.037685, 0.998130, -0.048120, 0.043844, 0.000000, 0.000000, 0.000000, 1.000000
2.1320, 6.0928, -2.5664, 184.6914, 206.6914, -6.0928, 202.6399, 146.8454, 34.3948, 43.8452, 0.600455, 0.771859, 0.209018, 0.006093, -0.791206, 0.611359, 0.015312, -0.002566, -0.115966, -0.174570, 0.977792, 0.184691, 0.000000, 0.000000, 0.000000, 1.000000, -0.115966, -0.174570, 0.977792, 0.206691, -0.600455, -0.771859, -0.209018, -0.006093, 0.791206, -0.611359, -0.015312, 0.202640, 0.000000, 0.000000, 0.000000, 1.000000, -0.001912, -0.051348, -0.998679, 0.146845, -0.999301, 0.037381, -0.000008, 0.034395, 0.037332, 0.997981, -0.051383, 0.043845, 0.000000, 0.000000, 0.000000, 1.000000
2.2504, 6.0039, -2.4939, 184.6416, 206.6416, -6.0039, 202.5674, 146.9835, 34.1953, 43.8292, 0.600288, 0.771082, 0.212336, 0.006004, -0.791147, 0.611407, 0.016348, -0.002494, -0.117218, -0.177802, 0.977060, 0.184642, 0.000000, 0.000000, 0.000000, 1.000000, -0.117218, -0.177802, 0.977060, 0.206642, -0.600288, -0.771082, -0.212336, -0.006004, 0.791147, -0.611407, -0.016348, 0.202567, 0.000000, 0.000000, 0.000000, 1.000000, -0.002728, -0.047952, -0.998846, 0.146983, -0.999292, 0.037609, 0.000923, 0.034195, 0.037521, 0.998141, -0.048021, 0.043829, 0.000000, 0.000000, 0.000000, 1.000000
2.3849, 5.8663, -2.3033, 184.6602, 206.6602, -5.8663, 202.3768, 147.0721, 34.0860, 43.8278, 0.600531, 0.770754, 0.212838, 0.005866, -0.791471, 0.610841, 0.021120, -0.002303, -0.113732, -0.181138, 0.976859, 0.184660, 0.000000, 0.000000, 0.000000, 1.000000, -0.113732, -0.181138, 0.976859, 0.206660, -0.600531, -0.770754, -0.212838, -0.005866, 0.791471, -0.610841, -0.021120, 0.202377, 0.000000, 0.000000, 0.000000, 1.000000, -0.008491, -0.044533, -0.998972, 0.147072, -0.999289, 0.037069, 0.006841, 0.034086, 0.036726, 0.998320, -0.044816, 0.043828, 0.000000, 0.000000, 0.000000, 1.000000
2.5198, 5.7298, -2.1104, 184.6172, 206.6172, -5.7298, 202.1839, 147.2204, 33.9694, 43.8428, 0.599287, 0.771123, 0.214997, 0.005730, -0.791567, 0.610890, 0.015368, -0.002110, -0.119489, -0.179394, 0.976494, 0.184617, 0.000000, 0.000000, 0.000000, 1.000000, -0.119489, -0.179394, 0.976494, 0.206617, -0.599287, -0.771123, -0.214997, -0.005730, 0.791567, -0.610890, -0.015368, 0.202184, 0.000000, 0.000000, 0.000000, 1.000000, -0.004961, -0.046227, -0.998919, 0.147220, -0.999302, 0.037205, 0.003241, 0.033969, 0.037015, 0.998238, -0.046379, 0.043843, 0.000000, 0.000000, 0.000000, 1.000000
2.6422, 5.5877, -1.8937, 184.7361, 206.7361, -5.5877, 201.9672, 147.2058, 33.9260, 43.8302, 0.598715, 0.772054, 0.213244, 0.005588, -0.791655, 0.610869, 0.011028, -0.001894, -0.121750, -0.175418, 0.976937, 0.184736, 0.000000, 0.000000, 0.000000, 1.000000, -0.121750, -0.175418, 0.976937, 0.206736, -0.598715, -0.772054, -0.213244, -0.005588, 0.791655, -0.610869, -0.011028, 0.201967, 0.000000, 0.000000, 0.000000, 1.000000, -0.004762, -0.050225, -0.998727, 0.147206, -0.999303, 0.037226, 0.002892, 0.033926, 0.037034, 0.998044, -0.050368, 0.043830, 0.000000, 0.000000, 0.000000, 1.000000
2.7795, 5.4725, -1.7344, 184.7440, 206.7440, -5.4725, 201.8078, 147.3028, 33.7693, 43.8307, 0.597961, 0.771756, 0.216413, 0.005472, -0.791903, 0.610552, 0.010768, -0.001734, -0.123821, -0.177818, 0.976242, 0.184744, 0.000000, 0.000000, 0.000000, 1.000000, -0.123821, -0.177818, 0.976242, 0.206744, -0.597961, -0.771756, -0.216413, -0.005472, 0.791903, -0.610552, -0.010768, 0.201808, 0.000000, 0.000000, 0.000000, 1.000000, -0.004954, -0.047731, -0.998848, 0.147303, -0.999311, 0.036968, 0.003190, 0.033769, 0.036773, 0.998176, -0.047881, 0.043831, 0.000000, 0.000000, 0.000000, 1.000000
2.8971, 5.3277, -1.5465, 184.7299, 206.7299, -5.3277, 201.6199, 147.4162, 33.7005, 43.8297, 0.597735, 0.771914, 0.216476, 0.005328, -0.791887, 0.610597, 0.009281, -0.001546, -0.125015, -0.176972, 0.976244, 0.184730, 0.000000, 0.000000, 0.000000, 1.000000, -0.125015, -0.176972, 0.976244, 0.206730, -0.597735, -0.771914, -0.216476, -0.005328, 0.791887, -0.610597, -0.009281, 0.201620, 0.000000, 0.000000, 0.000000, 1.000000, -0.005793, -0.048514, -0.998806, 0.147416, -0.999303, 0.037117, 0.003993, 0.033700, 0.036879, 0.998133, -0.048696, 0.043830, 0.000000, 0.000000, 0.000000, 1.000000
3.0140, 5.1500, -1.3770, 184.6868, 206.6868, -5.1500, 201.4504, 147.5666, 33.6331, 43.7989, 0.595990, 0.771031, 0.224292, 0.005150, -0.791837, 0.610714, 0.004667, -0.001377, -0.133380, -0.180384, 0.974511, 0.184687, 0.000000, 0.000000, 0.000000, 1.000000, -0.133380, -0.180384, 0.974511, 0.206687, -0.595990, -0.771031, -0.224292, -0.005150, 0.791837, -0.610714, -0.004667, 0.201450, 0.000000, 0.000000, 0.000000, 1.000000, 0.000693, -0.044919, -0.998990, 0.147567, -0.999298, 0.037387, -0.002374, 0.033633, 0.037456, 0.998291, -0.044862, 0.043799, 0.000000, 0.000000, 0.000000, 1.000000
3.1577, 5.1279, -1.2694, 184.8448, 206.8448, -5.1279, 201.3429, 147.5005, 33.3830, 43.8079, 0.597835, 0.771350, 0.218201, 0.005128, -0.791732, 0.610786, 0.010057, -0.001269, -0.125517, -0.178769, 0.975852, 0.184845, 0.000000, 0.000000, 0.000000, 1.000000, -0.125517, -0.178769, 0.975852, 0.206845, -0.597835, -0.771350, -0.218201, -0.005128, 0.791732, -0.610786, -0.010057, 0.201343, 0.000000, 0.000000, 0.000000, 1.000000, -0.009885, -0.046470, -0.998871, 0.147500, -0.999260, 0.037582, 0.008140, 0.033383, 0.037161, 0.998212, -0.046807, 0.043808, 0.000000, 0.000000, 0.000000, 1.000000
3.2781, 4.8982, -1.0125, 184.6847, 206.6847, -4.8982, 201.0859, 147.7773, 33.3916, 43.8139, 0.595780, 0.770963, 0.225083, 0.004898, -0.791943, 0.610575, 0.004857, -0.001012, -0.133686, -0.181147, 0.974327, 0.184685, 0.000000, 0.000000, 0.000000, 1.000000, -0.133686, -0.181147, 0.974327, 0.206685, -0.595780, -0.770963, -0.225083, -0.004898, 0.791943, -0.610575, -0.004857, 0.201086, 0.000000, 0.000000, 0.000000, 1.000000, -0.003560, -0.043989, -0.999026, 0.147777, -0.999298, 0.037421, 0.001913, 0.033392, 0.037300, 0.998331, -0.044092, 0.043814, 0.000000, 0.000000, 0.000000, 1.000000
3.4126, 4.8055, -0.8992, 184.6909, 206.6909, -4.8055, 200.9727, 147.8706, 33.1902, 43.8057, 0.595347, 0.770601, 0.227454, 0.004805, -0.792134, 0.610322, 0.005627, -0.000899, -0.134484, -0.183524, 0.973773, 0.184691, 0.000000, 0.000000, 0.000000, 1.000000, -0.134484, -0.183524, 0.973773, 0.206691, -0.595347, -0.770601, -0.227454, -0.004805, 0.792134, -0.610322, -0.005627, 0.200973, 0.000000, 0.000000, 0.000000, 1.000000, -0.005017, -0.041507, -0.999126, 0.147871, -0.999301, 0.037211, 0.003472, 0.033190, 0.037034, 0.998445, -0.041665, 0.043806, 0.000000, 0.000000, 0.000000, 1.000000
3.5394, 4.6810, -0.6464, 184.7659, 206.7659, -4.6810, 200.7199, 147.8978, 33.1491, 43.8378, 0.594504, 0.771833, 0.225474, 0.004681, -0.791983, 0.610541, -0.001769, -0.000646, -0.139027, -0.177520, 0.974248, 0.184766, 0.000000, 0.000000, 0.000000, 1.000000, -0.139027, -0.177520, 0.974248, 0.206766, -0.594504, -0.771833, -0.225474, -0.004681, 0.791983, -0.610541, 0.001769, 0.200720, 0.000000, 0.000000, 0.000000, 1.000000, -0.002629, -0.047545, -0.998866, 0.147898, -0.999293, 0.037584, 0.000841, 0.033149, 0.037501, 0.998162, -0.047610, 0.043838, 0.000000, 0.000000, 0.000000, 1.000000
3.6609, 4.5585, -0.5105, 184.8508, 206.8508, -4.5585, 200.5840, 147.9152, 33.0267, 43.8014, 0.594666, 0.771819, 0.225093, 0.004558, -0.792281, 0.610156, 0.000944, -0.000511, -0.136613, -0.178899, 0.974337, 0.184851, 0.000000, 0.000000, 0.000000, 1.000000, -0.136613, -0.178899, 0.974337, 0.206851, -0.594666, -0.771819, -0.225093, -0.004558, 0.792281, -0.610156, -0.000944, 0.200584, 0.000000, 0.000000, 0.000000, 1.000000, -0.007111, -0.046123, -0.998910, 0.147915, -0.999294, 0.037192, 0.005396, 0.033027, 0.036903, 0.998243, -0.046355, 0.043801, 0.000000, 0.000000, 0.000000, 1.000000
3.7734, 4.4105, -0.3107, 184.7926, 206.7926, -4.4105, 200.3842, 148.0708, 32.9744, 43.8149, 0.593755, 0.771288, 0.229279, 0.004411, -0.792018, 0.610493, -0.002623, -0.000311, -0.141996, -0.180036, 0.973357, 0.184793, 0.000000, 0.000000, 0.000000, 1.000000, -0.141996, -0.180036, 0.973357, 0.206793, -0.593755, -0.771288, -0.229279, -0.004411, 0.792018, -0.610493, 0.002623, 0.200384, 0.000000, 0.000000, 0.000000, 1.000000, -0.003649, -0.044820, -0.998988, 0.148071, -0.999287, 0.037700, 0.001958, 0.032974, 0.037574, 0.998283, -0.044926, 0.043815, 0.000000, 0.000000, 0.000000, 1.000000
3.8988, 4.3240, -0.2052, 184.8727, 206.8727, -4.3240, 200.2787, 148.0864, 32.7959, 43.7901, 0.594460, 0.771084, 0.228136, 0.004324, -0.791843, 0.610724, -0.000882, -0.000205, -0.140008, -0.180124, 0.973629, 0.184873, 0.000000, 0.000000, 0.000000, 1.000000, -0.140008, -0.180124, 0.973629, 0.206873, -0.594460, -0.771084, -0.228136, -0.004324, 0.791843, -0.610724, 0.000882, 0.200279, 0.000000, 0.000000, 0.000000, 1.000000, -0.007944, -0.044603, -0.998973, 0.148086, -0.999255, 0.038089, 0.006246, 0.032796, 0.037772, 0.998278, -0.044873, 0.043790, 0.000000, 0.000000, 0.000000, 1.000000
4.0322, 4.1787, -0.0012, 184.8508, 206.8508, -4.1787, 200.0747, 148.2188, 32.6959, 43.7998, 0.592883, 0.771735, 0.230033, 0.004179, -0.792235, 0.610194, -0.005242, -0.000001, -0.144410, -0.179132, 0.973169, 0.184851, 0.000000, 0.000000, 0.000000, 1.000000, -0.144410, -0.179132, 0.973169, 0.206851, -0.592883, -0.771735, -0.230033, -0.004179, 0.792235, -0.610194, 0.005242, 0.200075, 0.000000, 0.000000, 0.000000, 1.000000, -0.005600, -0.045635, -0.998943, 0.148219, -0.999288, 0.037535, 0.003887, 0.032696, 0.037318, 0.998253, -0.045813, 0.043800, 0.000000, 0.000000, 0.000000, 1.000000
4.1629, 4.0789, 0.1585, 184.9090, 206.9090, -4.0789, 199.9150, 148.2612, 32.5522, 43.8011, 0.593493, 0.771387, 0.229627, 0.004079, -0.792177, 0.610285, -0.002673, 0.000158, -0.142200, -0.180319, 0.973275, 0.184909, 0.000000, 0.000000, 0.000000, 1.000000, -0.142200, -0.180319, 0.973275, 0.206909, -0.593493, -0.771387, -0.229627, -0.004079, 0.792177, -0.610285, 0.002673, 0.199915, 0.000000, 0.000000, 0.000000, 1.000000, -0.010174, -0.044315, -0.998966, 0.148261, -0.999251, 0.037738, 0.008502, 0.032552, 0.037323, 0.998305, -0.044665, 0.043801, 0.000000, 0.000000, 0.000000, 1.000000
4.3029, 3.9171, 0.3326, 184.8237, 206.8237, -3.9171, 199.7408, 148.4638, 32.4102, 43.7951, 0.591994, 0.771058, 0.234549, 0.003917, -0.792565, 0.609773, -0.004165, 0.000333, -0.146233, -0.183429, 0.972095, 0.184824, 0.000000, 0.000000, 0.000000, 1.000000, -0.146233, -0.183429, 0.972095, 0.206824, -0.591994, -0.771058, -0.234549, -0.003917, 0.792565, -0.609773, 0.004165, 0.199741, 0.000000, 0.000000, 0.000000, 1.000000, -0.008321, -0.041132, -0.999119, 0.148464, -0.999286, 0.037159, 0.006792, 0.032410, 0.036847, 0.998462, -0.041412, 0.043795, 0.000000, 0.000000, 0.000000, 1.000000
4.4332, 3.7855, 0.5232, 184.9191, 206.9191, -3.7855, 199.5503, 148.4788, 32.3157, 43.7809, 0.591819, 0.771439, 0.233738, 0.003785, -0.792388, 0.609979, -0.006893, 0.000523, -0.147892, -0.181132, 0.972275, 0.184919, 0.000000, 0.000000, 0.000000, 1.000000, -0.147892, -0.181132, 0.972275, 0.206919, -0.591819, -0.771439, -0.233738, -0.003785, 0.792388, -0.609979, 0.006893, 0.199550, 0.000000, 0.000000, 0.000000, 1.000000, -0.008951, -0.043365, -0.999019, 0.148479, -0.999268, 0.037547, 0.007324, 0.032316, 0.037193, 0.998354, -0.043669, 0.043781, 0.000000, 0.000000, 0.000000, 1.000000
4.5655, 3.6776, 0.7154, 185.0044, 207.0044, -3.6776, 199.3581, 148.4985, 32.2027, 43.7885, 0.591682, 0.771417, 0.234154, 0.003678, -0.792482, 0.609859, -0.006655, 0.000715, -0.147935, -0.181625, 0.972177, 0.185004, 0.000000, 0.000000, 0.000000, 1.000000, -0.147935, -0.181625, 0.972177, 0.207004, -0.591682, -0.771417, -0.234154, -0.003678, 0.792482, -0.609859, 0.006655, 0.199358, 0.000000, 0.000000, 0.000000, 1.000000, -0.011179, -0.042796, -0.999021, 0.148499, -0.999251, 0.037487, 0.009575, 0.032203, 0.037040, 0.998380, -0.043183, 0.043788, 0.000000, 0.000000, 0.000000, 1.000000
4.6868, 3.5157, 0.8963, 184.9195, 206.9195, -3.5157, 199.1772, 148.6909, 32.1133, 43.7862, 0.590009, 0.771643, 0.237604, 0.003516, -0.792632, 0.609593, -0.011482, 0.000896, -0.153702, -0.181558, 0.971294, 0.184919, 0.000000, 0.000000, 0.000000, 1.000000, -0.153702, -0.181558, 0.971294, 0.206919, -0.590009, -0.771643, -0.237604, -0.003516, 0.792632, -0.609593, 0.011482, 0.199177, 0.000000, 0.000000, 0.000000, 1.000000, -0.007289, -0.042841, -0.999055, 0.148691, -0.999290, 0.037244, 0.005693, 0.032113, 0.036965, 0.998387, -0.043082, 0.043786, 0.000000, 0.000000, 0.000000, 1.000000
4.8208, 3.3972, 1.0685, 185.0635, 207.0635, -3.3972, 199.0050, 148.6587, 31.9941, 43.7605, 0.590479, 0.771654, 0.236400, 0.003397, -0.792728, 0.609502, -0.009456, 0.001068, -0.151383, -0.181817, 0.971610, 0.185064, 0.000000, 0.000000, 0.000000, 1.000000, -0.151383, -0.181817, 0.971610, 0.207064, -0.590479, -0.771654, -0.236400, -0.003397, 0.792728, -0.609502, 0.009456, 0.199005, 0.000000, 0.000000, 0.000000, 1.000000, -0.011984, -0.042508, -0.999024, 0.148659, -0.999253, 0.037225, 0.010403, 0.031994, 0.036746, 0.998402, -0.042922, 0.043761, 0.000000, 0.000000, 0.000000, 1.000000
4.9553, 3.2567, 1.2592, 184.9561, 206.9561, -3.2567, 198.8143, 148.8746, 31.8622, 43.7858, 0.589239, 0.771264, 0.240725, 0.003257, -0.792340, 0.609905, -0.014624, 0.001259, -0.158098, -0.182119, 0.970483, 0.184956, 0.000000, 0.000000, 0.000000, 1.000000, -0.158098, -0.182119, 0.970483, 0.206956, -0.589239, -0.771264, -0.240725, -0.003257, 0.792340, -0.609905, 0.014624, 0.198814, 0.000000, 0.000000, 0.000000, 1.000000, -0.007536, -0.042025, -0.999088, 0.148875, -0.999267, 0.037822, 0.005946, 0.031862, 0.037537, 0.998400, -0.042279, 0.043786, 0.000000, 0.000000, 0.000000, 1.000000
5.0711, 3.1649, 1.4769, 185.1847, 207.1847, -3.1649, 198.5966, 148.7440, 31.8261, 43.7881, 0.589546, 0.772314, 0.236572, 0.003165, -0.792443, 0.609742, -0.015769, 0.001477, -0.156426, -0.178173, 0.971486, 0.185185, 0.000000, 0.000000, 0.000000, 1.000000, -0.156426, -0.178173, 0.971486, 0.207185, -0.589546, -0.772314, -0.236572, -0.003165, 0.792443, -0.609742, 0.015769, 0.198597, 0.000000, 0.000000, 0.000000, 1.000000, -0.011246, -0.046029, -0.998877, 0.148744, -0.999240, 0.037815, 0.009508, 0.031826, 0.037335, 0.998224, -0.046419, 0.043788, 0.000000, 0.000000, 0.000000, 1.000000
5.1871, 2.9857, 1.6170, 184.9774, 206.9774, -2.9857, 198.4565, 149.0570, 31.7055, 43.7765, 0.588010, 0.770777, 0.245249, 0.002986, -0.792525, 0.609634, -0.015816, 0.001617, -0.161703, -0.185066, 0.969331, 0.184977, 0.000000, 0.000000, 0.000000, 1.000000, -0.161703, -0.185066, 0.969331, 0.206977, -0.588010, -0.770777, -0.245249, -0.002986, 0.792525, -0.609634, 0.015816, 0.198456, 0.000000, 0.000000, 0.000000, 1.000000, -0.007774, -0.038905, -0.999213, 0.149057, -0.999274, 0.037568, 0.006312, 0.031706, 0.037293, 0.998536, -0.039169, 0.043777, 0.000000, 0.000000, 0.000000, 1.000000
5.3110, 2.9365, 1.7807, 185.2166, 207.2166, -2.9365, 198.2927, 148.9095, 31.5828, 43.7784, 0.588641, 0.772347, 0.238710, 0.002937, -0.792373, 0.609744, -0.018900, 0.001781, -0.160150, -0.178022, 0.970907, 0.185217, 0.000000, 0.000000, 0.000000, 1.000000, -0.160150, -0.178022, 0.970907, 0.207217, -0.588641, -0.772347, -0.238710, -0.002937, 0.792373, -0.609744, 0.018900, 0.198293, 0.000000, 0.000000, 0.000000, 1.000000, -0.011603, -0.046025, -0.998873, 0.148909, -0.999229, 0.038015, 0.009855, 0.031583, 0.037519, 0.998217, -0.046431, 0.043778, 0.000000, 0.000000, 0.000000, 1.000000
5.4371, 2.7596, 1.9133, 185.0365, 207.0365, -2.7596, 198.1602, 149.2016, 31.4316, 43.7581, 0.587563, 0.771041, 0.245491, 0.002760, -0.792715, 0.609366, -0.016606, 0.001913, -0.162398, -0.184848, 0.969257, 0.185037, 0.000000, 0.000000, 0.000000, 1.000000, -0.162398, -0.184848, 0.969257, 0.207037, -0.587563, -0.771041, -0.245491, -0.002760, 0.792715, -0.609366, 0.016606, 0.198160, 0.000000, 0.000000, 0.000000, 1.000000, -0.011342, -0.039025, -0.999174, 0.149202, -0.999251, 0.037408, 0.009882, 0.031432, 0.036991, 0.998538, -0.039420, 0.043758, 0.000000, 0.000000, 0.000000, 1.000000
5.5580, 2.6493, 2.1664, 185.3023, 207.3023, -2.6493, 197.9070, 149.0448, 31.4287, 43.7579, 0.587234, 0.772654, 0.241167, 0.002649, -0.792331, 0.609626, -0.023829, 0.002166, -0.165433, -0.177091, 0.970191, 0.185302, 0.000000, 0.000000, 0.000000, 1.000000, -0.165433, -0.177091, 0.970191, 0.207302, -0.587234, -0.772654, -0.241167, -0.002649, 0.792331, -0.609626, 0.023829, 0.197907, 0.000000, 0.000000, 0.000000, 1.000000, -0.010445, -0.046842, -0.998848, 0.149045, -0.999236, 0.038101, 0.008662, 0.031429, 0.037651, 0.998175, -0.047204, 0.043758, 0.000000, 0.000000, 0.000000, 1.000000
5.6764, 2.5625, 2.2995, 185.3430, 207.3430, -2.5625, 197.7739, 149.0958, 31.2840, 43.7579, 0.586782, 0.773208, 0.240491, 0.002563, -0.792513, 0.609326, -0.025378, 0.002300, -0.166160, -0.175700, 0.970320, 0.185343, 0.000000, 0.000000, 0.000000, 1.000000, -0.166160, -0.175700, 0.970320, 0.207343, -0.586782, -0.773208, -0.240491, -0.002563, 0.792513, -0.609326, 0.025378, 0.197774, 0.000000, 0.000000, 0.000000, 1.000000, -0.011685, -0.048255, -0.998767, 0.149096, -0.999234, 0.037881, 0.009861, 0.031284, 0.037358, 0.998116, -0.048661, 0.043758, 0.000000, 0.000000, 0.000000, 1.000000
5.8067, 2.4193, 2.4425, 185.3717, 207.3717, -2.4193, 197.6310, 149.1810, 31.1456, 43.7222, 0.586902, 0.772309, 0.243073, 0.002419, -0.792711, 0.609214, -0.021628, 0.002442, -0.164787, -0.179993, 0.969767, 0.185372, 0.000000, 0.000000, 0.000000, 1.000000, -0.164787, -0.179993, 0.969767, 0.207372, -0.586902, -0.772309, -0.243073, -0.002419, 0.792711, -0.609214, 0.021628, 0.197631, 0.000000, 0.000000, 0.000000, 1.000000, -0.015309, -0.043800, -0.998923, 0.149181, -0.999197, 0.037662, 0.013662, 0.031146, 0.037023, 0.998330, -0.044341, 0.043722, 0.000000, 0.000000, 0.000000, 1.000000
5.9260, 2.2853, 2.6113, 185.1780, 207.1780, -2.2853, 197.4622, 149.4710, 31.0131, 43.7598, 0.585580, 0.771609, 0.248426, 0.002285, -0.792235, 0.609655, -0.026159, 0.002611, -0.171638, -0.181494, 0.968298, 0.185178, 0.000000, 0.000000, 0.000000, 1.000000, -0.171638, -0.181494, 0.968298, 0.207178, -0.585580, -0.771609, -0.248426, -0.002285, 0.792235, -0.609655, 0.026159, 0.197462, 0.000000, 0.000000, 0.000000, 1.000000, -0.010443, -0.042079, -0.999060, 0.149471, -0.999230, 0.038240, 0.008834, 0.031013, 0.037832, 0.998382, -0.042446, 0.043760, 0.000000, 0.000000, 0.000000, 1.000000
6.0434, 2.1551, 2.8391, 185.3257, 207.3257, -2.1551, 197.2344, 149.4326, 30.9904, 43.7563, 0.584846, 0.772618, 0.247016, 0.002155, -0.792494, 0.609187, -0.029071, 0.002839, -0.172940, -0.178756, 0.968575, 0.185326, 0.000000, 0.000000, 0.000000, 1.000000, -0.172940, -0.178756, 0.968575, 0.207326, -0.584846, -0.772618, -0.247016, -0.002155, 0.792494, -0.609187, 0.029071, 0.197234, 0.000000, 0.000000, 0.000000, 1.000000, -0.011035, -0.044918, -0.998930, 0.149433, -0.999239, 0.037866, 0.009335, 0.030990, 0.037406, 0.998273, -0.045301, 0.043756, 0.000000, 0.000000, 0.000000, 1.000000
6.1655, 2.0497, 2.9535, 185.3526, 207.3526, -2.0497, 197.1200, 149.5045, 30.8278, 43.7340, 0.584479, 0.772232, 0.249082, 0.002050, -0.792454, 0.609228, -0.029279, 0.002953, -0.174357, -0.180273, 0.968040, 0.185353, 0.000000, 0.000000, 0.000000, 1.000000, -0.174357, -0.180273, 0.968040, 0.207353, -0.584479, -0.772232, -0.249082, -0.002050, 0.792454, -0.609228, 0.029279, 0.197120, 0.000000, 0.000000, 0.000000, 1.000000, -0.011702, -0.043273, -0.998995, 0.149504, -0.999229, 0.037939, 0.010061, 0.030828, 0.037466, 0.998343, -0.043683, 0.043734, 0.000000, 0.000000, 0.000000, 1.000000
6.2895, 1.9450, 3.1242, 185.3664, 207.3664, -1.9450, 196.9492, 149.5904, 30.7038, 43.7481, 0.583881, 0.772702, 0.249027, 0.001945, -0.792591, 0.608957, -0.031175, 0.003124, -0.175736, -0.179174, 0.967995, 0.185366, 0.000000, 0.000000, 0.000000, 1.000000, -0.175736, -0.179174, 0.967995, 0.207366, -0.583881, -0.772702, -0.249027, -0.001945, 0.792591, -0.608957, 0.031175, 0.196949, 0.000000, 0.000000, 0.000000, 1.000000, -0.012372, -0.044383, -0.998938, 0.149590, -0.999230, 0.037749, 0.010699, 0.030704, 0.037234, 0.998301, -0.044816, 0.043748, 0.000000, 0.000000, 0.000000, 1.000000
6.4263, 1.7932, 3.3175, 185.3793, 207.3793, -1.7932, 196.7560, 149.6984, 30.5897, 43.7385, 0.582848, 0.772344, 0.252531, 0.001793, -0.792874, 0.608580, -0.031314, 0.003317, -0.177871, -0.181974, 0.967082, 0.185379, 0.000000, 0.000000, 0.000000, 1.000000, -0.177871, -0.181974, 0.967082, 0.207379, -0.582848, -0.772344, -0.252531, -0.001793, 0.792874, -0.608580, 0.031314, 0.196756, 0.000000, 0.000000, 0.000000, 1.000000, -0.012421, -0.041517, -0.999061, 0.149698, -0.999247, 0.037237, 0.010876, 0.030590, 0.036750, 0.998444, -0.041948, 0.043739, 0.000000, 0.000000, 0.000000, 1.000000
6.5602, 1.6523, 3.5184, 185.3292, 207.3292, -1.6523, 196.5551, 149.8621, 30.4720, 43.7563, 0.582004, 0.772558, 0.253821, 0.001652, -0.792174, 0.609135, -0.037602, 0.003518, -0.183661, -0.179186, 0.966520, 0.185329, 0.000000, 0.000000, 0.000000, 1.000000, -0.183661, -0.179186, 0.966520, 0.207329, -0.582004, -0.772558, -0.253821, -0.001652, 0.792174, -0.609135, 0.037602, 0.196555, 0.000000, 0.000000, 0.000000, 1.000000, -0.008960, -0.044147, -0.998985, 0.149862, -0.999244, 0.038180, 0.007275, 0.030472, 0.037821, 0.998295, -0.044456, 0.043756, 0.000000, 0.000000, 0.000000, 1.000000
6.6966, 1.5396, 3.6992, 185.4015, 207.4015, -1.5396, 196.3742, 149.9020, 30.3377, 43.7565, 0.581554, 0.772534, 0.254923, 0.001540, -0.792241, 0.609008, -0.038242, 0.003699, -0.184793, -0.179721, 0.966205, 0.185401, 0.000000, 0.000000, 0.000000, 1.000000, -0.184793, -0.179721, 0.966205, 0.207401, -0.581554, -0.772534, -0.254923, -0.001540, 0.792241, -0.609008, 0.038242, 0.196374, 0.000000, 0.000000, 0.000000, 1.000000, -0.010126, -0.043541, -0.999000, 0.149902, -0.999238, 0.038096, 0.008468, 0.030338, 0.037689, 0.998325, -0.043894, 0.043757, 0.000000, 0.000000, 0.000000, 1.000000
6.8256, 1.3904, 3.8810, 185.3295, 207.3295, -1.3904, 196.1925, 150.0867, 30.2166, 43.7617, 0.580690, 0.772399, 0.257290, 0.001390, -0.791945, 0.609186, -0.041433, 0.003881, -0.188740, -0.179700, 0.965446, 0.185329, 0.000000, 0.000000, 0.000000, 1.000000, -0.188740, -0.179700, 0.965446, 0.207329, -0.580690, -0.772399, -0.257290, -0.001390, 0.791945, -0.609186, 0.041433, 0.196192, 0.000000, 0.000000, 0.000000, 1.000000, -0.008344, -0.043432, -0.999022, 0.150087, -0.999240, 0.038415, 0.006676, 0.030217, 0.038088, 0.998318, -0.043719, 0.043762, 0.000000, 0.000000, 0.000000, 1.000000
6.9423, 1.2710, 4.0817, 185.5471, 207.5471, -1.2710, 195.9918, 149.9802, 30.1812, 43.7350, 0.580315, 0.773085, 0.256074, 0.001271, -0.792168, 0.608803, -0.042759, 0.004082, -0.188955, -0.178040, 0.965711, 0.185547, 0.000000, 0.000000, 0.000000, 1.000000, -0.188955, -0.178040, 0.965711, 0.207547, -0.580315, -0.773085, -0.256074, -0.001271, 0.792168, -0.608803, 0.042759, 0.195992, 0.000000, 0.000000, 0.000000, 1.000000, -0.010068, -0.045150, -0.998929, 0.149980, -0.999238, 0.038132, 0.008347, 0.030181, 0.037714, 0.998252, -0.045500, 0.043735, 0.000000, 0.000000, 0.000000, 1.000000
7.0530, 1.1737, 4.2718, 185.6314, 207.6314, -1.1737, 195.8016, 149.9915, 30.1156, 43.7499, 0.580457, 0.772741, 0.256788, 0.001174, -0.792025, 0.609017, -0.042355, 0.004272, -0.189118, -0.178798, 0.965539, 0.185631, 0.000000, 0.000000, 0.000000, 1.000000, -0.189118, -0.178798, 0.965539, 0.207631, -0.580457, -0.772741, -0.256788, -0.001174, 0.792025, -0.609017, 0.042355, 0.195802, 0.000000, 0.000000, 0.000000, 1.000000, -0.011883, -0.044246, -0.998950, 0.149991, -0.999209, 0.038436, 0.010183, 0.030116, 0.037945, 0.998281, -0.044668, 0.043750, 0.000000, 0.000000, 0.000000, 1.000000
7.1855, 1.0516, 4.3944, 185.5926, 207.5926, -1.0516, 195.6790, 150.1375, 29.9278, 43.7344, 0.578989, 0.773245, 0.258580, 0.001052, -0.792375, 0.608370, -0.045024, 0.004394, -0.192127, -0.178824, 0.964940, 0.185593, 0.000000, 0.000000, 0.000000, 1.000000, -0.192127, -0.178824, 0.964940, 0.207593, -0.578989, -0.773245, -0.258580, -0.001052, 0.792375, -0.608370, 0.045024, 0.195679, 0.000000, 0.000000, 0.000000, 1.000000, -0.010893, -0.044300, -0.998959, 0.150137, -0.999245, 0.037730, 0.009223, 0.029928, 0.037282, 0.998306, -0.044678, 0.043734, 0.000000, 0.000000, 0.000000, 1.000000
7.3052, 0.9549, 4.5648, 185.7134, 207.7134, -0.9549, 195.5087, 150.1184, 29.8292, 43.7300, 0.580349, 0.772674, 0.257236, 0.000955, -0.792164, 0.608880, -0.041729, 0.004565, -0.188868, -0.179556, 0.965447, 0.185713, 0.000000, 0.000000, 0.000000, 1.000000, -0.188868, -0.179556, 0.965447, 0.207713, -0.580349, -0.772674, -0.257236, -0.000955, 0.792164, -0.608880, 0.041729, 0.195509, 0.000000, 0.000000, 0.000000, 1.000000, -0.016491, -0.043338, -0.998924, 0.150118, -0.999152, 0.038407, 0.014828, 0.029829, 0.037723, 0.998322, -0.043935, 0.043730, 0.000000, 0.000000, 0.000000, 1.000000
7.4193, 0.7990, 4.7580, 185.6510, 207.6510, -0.7990, 195.3155, 150.2897, 29.7604, 43.7344, 0.578359, 0.773417, 0.259475, 0.000799, -0.791930, 0.608643, -0.049002, 0.004758, -0.195827, -0.177145, 0.964506, 0.185651, 0.000000, 0.000000, 0.000000, 1.000000, -0.195827, -0.177145, 0.964506, 0.207651, -0.578359, -0.773417, -0.259475, -0.000799, 0.791930, -0.608643, 0.049002, 0.195315, 0.000000, 0.000000, 0.000000, 1.000000, -0.011241, -0.045790, -0.998888, 0.150290, -0.999219, 0.038371, 0.009486, 0.029760, 0.037894, 0.998214, -0.046185, 0.043734, 0.000000, 0.000000, 0.000000, 1.000000
7.5432, 0.7001, 4.8542, 185.6022, 207.6022, -0.7001, 195.2193, 150.4332, 29.5577, 43.7241, 0.578026, 0.772625, 0.262557, 0.000700, -0.792346, 0.608350, -0.045817, 0.004854, -0.195126, -0.181552, 0.963828, 0.185602, 0.000000, 0.000000, 0.000000, 1.000000, -0.195126, -0.181552, 0.963828, 0.207602, -0.578026, -0.772625, -0.262557, -0.000700, 0.792346, -0.608350, 0.045817, 0.195219, 0.000000, 0.000000, 0.000000, 1.000000, -0.013983, -0.041278, -0.999050, 0.150433, -0.999209, 0.037781, 0.012424, 0.029558, 0.037232, 0.998433, -0.041774, 0.043724, 0.000000, 0.000000, 0.000000, 1.000000
7.6740, 0.5674, 5.0961, 185.8295, 207.8294, -0.5674, 194.9773, 150.3322, 29.5296, 43.7086, 0.577036, 0.773852, 0.261118, 0.000567, -0.791819, 0.608424, -0.053317, 0.005096, -0.200130, -0.175992, 0.963833, 0.185829, 0.000000, 0.000000, 0.000000, 1.000000, -0.200130, -0.175992, 0.963833, 0.207829, -0.577036, -0.773852, -0.261118, -0.000567, 0.791819, -0.608424, 0.053317, 0.194977, 0.000000, 0.000000, 0.000000, 1.000000, -0.011179, -0.046857, -0.998839, 0.150332, -0.999219, 0.038391, 0.009383, 0.029530, 0.037907, 0.998164, -0.047249, 0.043709, 0.000000, 0.000000, 0.000000, 1.000000
7.7963, 0.4533, 5.2375, 185.7390, 207.7390, -0.4533, 194.8359, 150.5209, 29.3671, 43.7221, 0.576939, 0.772553, 0.265149, 0.000453, -0.791958, 0.608538, -0.049847, 0.005238, -0.199863, -0.181228, 0.962918, 0.185739, 0.000000, 0.000000, 0.000000, 1.000000, -0.199863, -0.181228, 0.962918, 0.207739, -0.576939, -0.772553, -0.265149, -0.000453, 0.791958, -0.608538, 0.049847, 0.194836, 0.000000, 0.000000, 0.000000, 1.000000, -0.013543, -0.041391, -0.999051, 0.150521, -0.999198, 0.038221, 0.011962, 0.029367, 0.037689, 0.998412, -0.041876, 0.043722, 0.000000, 0.000000, 0.000000, 1.000000
7.9220, 0.3105, 5.3805, 185.7663, 207.7663, -0.3105, 194.6930, 150.6079, 29.2364, 43.6871, 0.576245, 0.772221, 0.267613, 0.000311, -0.792175, 0.608284, -0.049487, 0.005380, -0.201000, -0.183480, 0.962255, 0.185766, 0.000000, 0.000000, 0.000000, 1.000000, -0.201000, -0.183480, 0.962255, 0.207766, -0.576245, -0.772221, -0.267613, -0.000311, 0.792175, -0.608284, 0.049487, 0.194693, 0.000000, 0.000000, 0.000000, 1.000000, -0.014449, -0.039074, -0.999132, 0.150608, -0.999200, 0.037820, 0.012971, 0.029236, 0.037281, 0.998520, -0.039589, 0.043687, 0.000000, 0.000000, 0.000000, 1.000000
8.0413, 0.2014, 5.6380, 185.9607, 207.9607, -0.2014, 194.4354, 150.5271, 29.2320, 43.7067, 0.575962, 0.773077, 0.265742, 0.000201, -0.791858, 0.608354, -0.053529, 0.005638, -0.203047, -0.179600, 0.962557, 0.185961, 0.000000, 0.000000, 0.000000, 1.000000, -0.203047, -0.179600, 0.962557, 0.207961, -0.575962, -0.773077, -0.265742, -0.000201, 0.791858, -0.608354, 0.053529, 0.194435, 0.000000, 0.000000, 0.000000, 1.000000, -0.014484, -0.042945, -0.998972, 0.150527, -0.999184, 0.038302, 0.012840, 0.029232, 0.037711, 0.998343, -0.043464, 0.043707, 0.000000, 0.000000, 0.000000, 1.000000
8.1659, 0.0781, 5.7521, 185.9314, 207.9314, -0.0781, 194.3213, 150.6608, 29.0581, 43.6832, 0.575289, 0.773573, 0.265759, 0.000078, -0.791753, 0.608222, -0.056506, 0.005752, -0.205352, -0.177908, 0.962382, 0.185931, 0.000000, 0.000000, 0.000000, 1.000000, -0.205352, -0.177908, 0.962382, 0.207931, -0.575289, -0.773573, -0.265759, -0.000078, 0.791753, -0.608222, 0.056506, 0.194321, 0.000000, 0.000000, 0.000000, 1.000000, -0.014254, -0.044627, -0.998902, 0.150661, -0.999185, 0.038375, 0.012543, 0.029058, 0.037773, 0.998266, -0.045138, 0.043683, 0.000000, 0.000000, 0.000000, 1.000000
8.2898, -0.0098, 5.9311, 185.9461, 207.9461, 0.0098, 194.1424, 150.7441, 28.9286, 43.7149, 0.574908, 0.773218, 0.267609, -0.000010, -0.791503, 0.608444, -0.057616, 0.005931, -0.207375, -0.178689, 0.961803, 0.185946, 0.000000, 0.000000, 0.000000, 1.000000, -0.207375, -0.178689, 0.961803, 0.207946, -0.574908, -0.773218, -0.267609, 0.000010, 0.791503, -0.608444, 0.057616, 0.194142, 0.000000, 0.000000, 0.000000, 1.000000, -0.014365, -0.043683, -0.998942, 0.150744, -0.999171, 0.038678, 0.012677, 0.028929, 0.038083, 0.998296, -0.044202, 0.043715, 0.000000, 0.000000, 0.000000, 1.000000
8.4125, -0.1707, 6.1313, 185.9229, 207.9229, 0.1707, 193.9422, 150.8866, 28.8508, 43.7105, 0.573539, 0.773395, 0.270024, -0.000171, -0.790982, 0.608585, -0.063022, 0.006131, -0.213074, -0.177438, 0.960789, 0.185923, 0.000000, 0.000000, 0.000000, 1.000000, -0.213074, -0.177438, 0.960789, 0.207923, -0.573539, -0.773395, -0.270024, 0.000171, 0.790982, -0.608585, 0.063022, 0.193942, 0.000000, 0.000000, 0.000000, 1.000000, -0.010644, -0.044837, -0.998938, 0.150887, -0.999197, 0.039058, 0.008894, 0.028851, 0.038618, 0.998230, -0.045217, 0.043711, 0.000000, 0.000000, 0.000000, 1.000000
8.5397, -0.2708, 6.3087, 186.0658, 208.0658, 0.2708, 193.7647, 150.8540, 28.7450, 43.7025, 0.573469, 0.773770, 0.269097, -0.000271, -0.791432, 0.608108, -0.061961, 0.006309, -0.211584, -0.177439, 0.961118, 0.186066, 0.000000, 0.000000, 0.000000, 1.000000, -0.211584, -0.177439, 0.961118, 0.208066, -0.573469, -0.773770, -0.269097, 0.000271, 0.791432, -0.608108, 0.061961, 0.193765, 0.000000, 0.000000, 0.000000, 1.000000, -0.014275, -0.044888, -0.998890, 0.150854, -0.999177, 0.038567, 0.012546, 0.028745, 0.037961, 0.998247, -0.045402, 0.043702, 0.000000, 0.000000, 0.000000, 1.000000
8.6605, -0.3976, 6.4477, 185.9085, 207.9085, 0.3976, 193.6258, 151.1098, 28.5738, 43.7198, 0.572836, 0.772938, 0.272811, -0.000398, -0.790924, 0.608603, -0.063570, 0.006448, -0.215170, -0.179357, 0.959965, 0.185909, 0.000000, 0.000000, 0.000000, 1.000000, -0.215170, -0.179357, 0.959965, 0.207909, -0.572836, -0.772938, -0.272811, 0.000398, 0.790924, -0.608603, 0.063570, 0.193626, 0.000000, 0.000000, 0.000000, 1.000000, -0.012759, -0.042704, -0.999006, 0.151110, -0.999174, 0.039093, 0.011090, 0.028574, 0.038581, 0.998323, -0.043167, 0.043720, 0.000000, 0.000000, 0.000000, 1.000000
8.7952, -0.4883, 6.5887, 186.0297, 208.0297, 0.4883, 193.4847, 151.0971, 28.4088, 43.7030, 0.572342, 0.773398, 0.272542, -0.000488, -0.791411, 0.607994, -0.063344, 0.006589, -0.214694, -0.179439, 0.960056, 0.186030, 0.000000, 0.000000, 0.000000, 1.000000, -0.214694, -0.179439, 0.960056, 0.208030, -0.572342, -0.773398, -0.272542, 0.000488, 0.791411, -0.607994, 0.063344, 0.193485, 0.000000, 0.000000, 0.000000, 1.000000, -0.015428, -0.042710, -0.998968, 0.151097, -0.999166, 0.038432, 0.013788, 0.028409, 0.037804, 0.998348, -0.043267, 0.043703, 0.000000, 0.000000, 0.000000, 1.000000
8.9266, -0.6212, 6.8274, 186.1340, 208.1340, 0.6212, 193.2461, 151.1172, 28.3510, 43.7137, 0.571234, 0.774230, 0.272504, -0.000621, -0.791190, 0.607755, -0.068211, 0.006827, -0.218427, -0.176638, 0.959734, 0.186134, 0.000000, 0.000000, 0.000000, 1.000000, -0.218427, -0.176638, 0.959734, 0.208134, -0.571234, -0.774230, -0.272504, 0.000621, 0.791190, -0.607755, 0.068211, 0.193246, 0.000000, 0.000000, 0.000000, 1.000000, -0.013821, -0.045550, -0.998866, 0.151117, -0.999185, 0.038513, 0.012069, 0.028351, 0.037919, 0.998219, -0.046046, 0.043714, 0.000000, 0.000000, 0.000000, 1.000000
9.0483, -0.7615, 6.9693, 186.1130, 208.1130, 0.7615, 193.1042, 151.2490, 28.2159, 43.6911, 0.570594, 0.773922, 0.274715, -0.000762, -0.791348, 0.607575, -0.067987, 0.006969, -0.219527, -0.178602, 0.959119, 0.186113, 0.000000, 0.000000, 0.000000, 1.000000, -0.219527, -0.178602, 0.959119, 0.208113, -0.570594, -0.773922, -0.274715, 0.000762, 0.791348, -0.607575, 0.067987, 0.193104, 0.000000, 0.000000, 0.000000, 1.000000, -0.014708, -0.043520, -0.998944, 0.151249, -0.999185, 0.038186, 0.013048, 0.028216, 0.037578, 0.998323, -0.044046, 0.043691, 0.000000, 0.000000, 0.000000, 1.000000
9.1657, -0.8887, 7.1827, 186.2018, 208.2018, 0.8887, 192.8908, 151.2745, 28.1680, 43.6950, 0.570468, 0.774000, 0.274754, -0.000889, -0.790932, 0.607865, -0.070196, 0.007183, -0.221345, -0.177267, 0.958949, 0.186202, 0.000000, 0.000000, 0.000000, 1.000000, -0.221345, -0.177267, 0.958949, 0.208202, -0.570468, -0.774000, -0.274754, 0.000889, 0.790932, -0.607865, 0.070196, 0.192891, 0.000000, 0.000000, 0.000000, 1.000000, -0.014970, -0.044715, -0.998888, 0.151274, -0.999160, 0.038771, 0.013239, 0.028168, 0.038136, 0.998247, -0.045258, 0.043695, 0.000000, 0.000000, 0.000000, 1.000000
9.2821, -1.0417, 7.3401, 186.1954, 208.1954, 1.0417, 192.7334, 151.3951, 28.0689, 43.6682, 0.569598, 0.773587, 0.277707, -0.001042, -0.790931, 0.607793, -0.070824, 0.007340, -0.223577, -0.179306, 0.958052, 0.186195, 0.000000, 0.000000, 0.000000, 1.000000, -0.223577, -0.179306, 0.958052, 0.208195, -0.569598, -0.773587, -0.277707, 0.001042, 0.790931, -0.607793, 0.070824, 0.192733, 0.000000, 0.000000, 0.000000, 1.000000, -0.014612, -0.042580, -0.998986, 0.151395, -0.999172, 0.038558, 0.012971, 0.028069, 0.037967, 0.998349, -0.043108, 0.043668, 0.000000, 0.000000, 0.000000, 1.000000
9.4069, -1.1043, 7.4806, 186.2493, 208.2493, 1.1043, 192.5929, 151.4331, 27.8992, 43.6884, 0.569097, 0.773835, 0.278042, -0.001104, -0.790596, 0.607891, -0.073663, 0.007481, -0.226022, -0.177898, 0.957740, 0.186249, 0.000000, 0.000000, 0.000000, 1.000000, -0.226022, -0.177898, 0.957740, 0.208249, -0.569097, -0.773835, -0.278042, 0.001104, 0.790596, -0.607891, 0.073663, 0.192593, 0.000000, 0.000000, 0.000000, 1.000000, -0.014296, -0.043901, -0.998934, 0.151433, -0.999163, 0.038923, 0.012589, 0.027899, 0.038328, 0.998277, -0.044421, 0.043688, 0.000000, 0.000000, 0.000000, 1.000000
9.5236, -1.2633, 7.6630, 186.1972, 208.1972, 1.2633, 192.4104, 151.6009, 27.8119, 43.6818, 0.567818, 0.773300, 0.282119, -0.001263, -0.790199, 0.608077, -0.076341, 0.007663, -0.230585, -0.179582, 0.956337, 0.186197, 0.000000, 0.000000, 0.000000, 1.000000, -0.230585, -0.179582, 0.956337, 0.208197, -0.567818, -0.773300, -0.282119, 0.001263, 0.790199, -0.608077, 0.076341, 0.192410, 0.000000, 0.000000, 0.000000, 1.000000, -0.011584, -0.042046, -0.999049, 0.151601, -0.999188, 0.039057, 0.009941, 0.027812, 0.038602, 0.998352, -0.042465, 0.043682, 0.000000, 0.000000, 0.000000, 1.000000
9.6572, -1.3921, 7.8579, 186.3490, 208.3490, 1.3921, 192.2156, 151.5755, 27.7211, 43.6593, 0.567571, 0.773684, 0.281561, -0.001392, -0.790478, 0.607704, -0.076424, 0.007858, -0.230233, -0.179192, 0.956495, 0.186349, 0.000000, 0.000000, 0.000000, 1.000000, -0.230233, -0.179192, 0.956495, 0.208349, -0.567571, -0.773684, -0.281561, 0.001392, 0.790478, -0.607704, 0.076424, 0.192216, 0.000000, 0.000000, 0.000000, 1.000000, -0.014183, -0.042471, -0.998997, 0.151575, -0.999171, 0.038738, 0.012539, 0.027721, 0.038167, 0.998346, -0.042985, 0.043659, 0.000000, 0.000000, 0.000000, 1.000000
9.7737, -1.4645, 8.0488, 186.5723, 208.5723, 1.4645, 192.0247, 151.4562, 27.6595, 43.6624, 0.568222, 0.774204, 0.278803, -0.001464, -0.790396, 0.607763, -0.076802, 0.008049, -0.228907, -0.176724, 0.957272, 0.186572, 0.000000, 0.000000, 0.000000, 1.000000, -0.228907, -0.176724, 0.957272, 0.208572, -0.568222, -0.774204, -0.278803, 0.001464, 0.790396, -0.607763, 0.076802, 0.192025, 0.000000, 0.000000, 0.000000, 1.000000, -0.017672, -0.044887, -0.998836, 0.151456, -0.999105, 0.039180, 0.015916, 0.027660, 0.038420, 0.998223, -0.045539, 0.043662, 0.000000, 0.000000, 0.000000, 1.000000
9.8982, -1.5855, 8.2224, 186.5349, 208.5349, 1.5855, 191.8510, 151.6018, 27.5266, 43.6771, 0.566755, 0.774869, 0.279942, -0.001585, -0.789757, 0.607737, -0.083297, 0.008222, -0.234675, -0.173877, 0.956397, 0.186535, 0.000000, 0.000000, 0.000000, 1.000000, -0.234675, -0.173877, 0.956397, 0.208535, -0.566755, -0.774869, -0.279942, 0.001585, 0.789757, -0.607737, 0.083297, 0.191851, 0.000000, 0.000000, 0.000000, 1.000000, -0.013883, -0.047706, -0.998765, 0.151602, -0.999144, 0.039583, 0.011998, 0.027527, 0.038962, 0.998077, -0.048214, 0.043677, 0.000000, 0.000000, 0.000000, 1.000000
9.9965, -1.7124, 8.3328, 186.4741, 208.4741, 1.7124, 191.7406, 151.7548, 27.4092, 43.6558, 0.566145, 0.773871, 0.283907, -0.001712, -0.790186, 0.607573, -0.080389, 0.008333, -0.234705, -0.178827, 0.955476, 0.186474, 0.000000, 0.000000, 0.000000, 1.000000, -0.234705, -0.178827, 0.955476, 0.208474, -0.566145, -0.773871, -0.283907, 0.001712, 0.790186, -0.607573, 0.080389, 0.191741, 0.000000, 0.000000, 0.000000, 1.000000, -0.015398, -0.042655, -0.998971, 0.151755, -0.999150, 0.038870, 0.013741, 0.027409, 0.038244, 0.998333, -0.043217, 0.043656, 0.000000, 0.000000, 0.000000, 1.000000
10.0044, -1.8229, 8.5790, 186.6026, 208.6026, 1.8229, 191.4944, 151.6898, 27.6779, 43.6827, 0.565219, 0.775132, 0.282307, -0.001823, -0.789293, 0.607655, -0.088164, 0.008579, -0.239884, -0.172991, 0.955264, 0.186603, 0.000000, 0.000000, 0.000000, 1.000000, -0.239884, -0.172991, 0.955264, 0.208603, -0.565219, -0.775132, -0.282307, 0.001823, 0.789293, -0.607655, 0.088164, 0.191494, 0.000000, 0.000000, 0.000000, 1.000000, -0.010290, -0.048560, -0.998767, 0.151690, -0.999178, 0.039678, 0.008366, 0.027678, 0.039222, 0.998032, -0.048928, 0.043683, 0.000000, 0.000000, 0.000000, 1.000000
10.0052, -1.8463, 8.5577, 186.4806, 208.4806, 1.8463, 191.5157, 151.8114, 27.6413, 43.6800, 0.565247, 0.773681, 0.286206, -0.001846, -0.789626, 0.607854, -0.083687, 0.008558, -0.238718, -0.178692, 0.954507, 0.186481, 0.000000, 0.000000, 0.000000, 1.000000, -0.238718, -0.178692, 0.954507, 0.208481, -0.565247, -0.773681, -0.286206, 0.001846, 0.789626, -0.607854, 0.083687, 0.191516, 0.000000, 0.000000, 0.000000, 1.000000, -0.011436, -0.042696, -0.999023, 0.151811, -0.999182, 0.039239, 0.009761, 0.027641, 0.038784, 0.998317, -0.043110, 0.043680, 0.000000, 0.000000, 0.000000, 1.000000
